9.306945799999999736e+02 0.000000000000000000e+00 1.035285020280746204e-01
9.313851899999999659e+02 0.000000000000000000e+00 9.843777303670139811e-02
9.320757399999999961e+02 0.000000000000000000e+00 9.334748632641198807e-02
9.327663000000000011e+02 0.000000000000000000e+00 9.744630922270097750e-02
9.334568500000000313e+02 0.000000000000000000e+00 1.040876249631195322e-01
9.341473999999999478e+02 0.000000000000000000e+00 1.065232646380564613e-01
9.348378900000000158e+02 0.000000000000000000e+00 9.679704863271139381e-02
9.355283799999999701e+02 0.000000000000000000e+00 8.707083262736793616e-02
9.362188700000000381e+02 0.000000000000000000e+00 8.417642849853793074e-02
9.369093000000000302e+02 0.000000000000000000e+00 8.380381187310786961e-02
9.375997300000000223e+02 0.000000000000000000e+00 8.419913493977791707e-02
9.382901600000000144e+02 0.000000000000000000e+00 8.759529356980934323e-02
9.389805300000000443e+02 0.000000000000000000e+00 9.099115706562344030e-02
9.396708999999999605e+02 0.000000000000000000e+00 8.959449372209682405e-02
9.403612699999999904e+02 0.000000000000000000e+00 8.591079660002594320e-02
9.410515699999999697e+02 0.000000000000000000e+00 8.300066027198645113e-02
9.417418800000000374e+02 0.000000000000000000e+00 8.447667932669217228e-02
9.424321899999999914e+02 0.000000000000000000e+00 8.595269838139764362e-02
9.431224999999999454e+02 0.000000000000000000e+00 8.631060243221573558e-02
9.438127399999999625e+02 0.000000000000000000e+00 8.599113315284169501e-02
9.445029899999999543e+02 0.000000000000000000e+00 8.637586778783824804e-02
9.451931799999999839e+02 0.000000000000000000e+00 9.343670798540486266e-02
9.458833600000000388e+02 0.000000000000000000e+00 1.004974458801247417e-01
9.465735499999999547e+02 0.000000000000000000e+00 9.724878438812539772e-02
9.472637300000000096e+02 0.000000000000000000e+00 8.615093603974409431e-02
9.479538599999999633e+02 0.000000000000000000e+00 7.578506151924060963e-02
9.486439800000000560e+02 0.000000000000000000e+00 8.293655004219127602e-02
9.493341100000000097e+02 0.000000000000000000e+00 9.008814219187966099e-02
9.500241700000000264e+02 0.000000000000000000e+00 9.586094682022289204e-02
9.507142300000000432e+02 0.000000000000000000e+00 1.003218466357628375e-01
9.514043000000000347e+02 0.000000000000000000e+00 1.047828110964032639e-01
9.520943600000000515e+02 0.000000000000000000e+00 1.078250687945488395e-01
9.527843599999999924e+02 0.000000000000000000e+00 1.108443783044368580e-01
9.534743700000000217e+02 0.000000000000000000e+00 1.099795077513512770e-01
9.541643100000000004e+02 0.000000000000000000e+00 1.044829395619565615e-01
9.548542499999999791e+02 0.000000000000000000e+00 9.898637137256183216e-02
9.555441899999999578e+02 0.000000000000000000e+00 1.118511455568620833e-01
9.562341300000000501e+02 0.000000000000000000e+00 1.261463208560650862e-01
9.569240099999999529e+02 0.000000000000000000e+00 1.364007479283598501e-01
9.576138899999999694e+02 0.000000000000000000e+00 1.405752862080826282e-01
9.583037699999999859e+02 0.000000000000000000e+00 1.447498244878053786e-01
9.589935900000000402e+02 0.000000000000000000e+00 1.456548692313592852e-01
9.596834099999999808e+02 0.000000000000000000e+00 1.460734204730466945e-01
9.603731699999999591e+02 0.000000000000000000e+00 1.491350090841174481e-01
9.610629900000000134e+02 0.000000000000000000e+00 1.572944037443748111e-01
9.617527499999999918e+02 0.000000000000000000e+00 1.654530887069136091e-01
9.624424999999999955e+02 0.000000000000000000e+00 1.811009934099889473e-01
9.631322000000000116e+02 0.000000000000000000e+00 1.984769833340489509e-01
9.638219000000000278e+02 0.000000000000000000e+00 2.119747014611028657e-01
9.645116000000000440e+02 0.000000000000000000e+00 2.156598092729133942e-01
9.652012300000000096e+02 0.000000000000000000e+00 2.193445430705916743e-01
9.658908699999999499e+02 0.000000000000000000e+00 2.276349459984258472e-01
9.665805100000000039e+02 0.000000000000000000e+00 2.374297543865830362e-01
9.672701399999999694e+02 0.000000000000000000e+00 2.475267157370137083e-01
9.679597199999999475e+02 0.000000000000000000e+00 2.586684967293052528e-01
9.686492899999999509e+02 0.000000000000000000e+00 2.698101161481613053e-01
9.693388700000000426e+02 0.000000000000000000e+00 2.803629182708805012e-01
9.700283799999999701e+02 0.000000000000000000e+00 2.906557579695317473e-01
9.707178999999999860e+02 0.000000000000000000e+00 3.018543981946079646e-01
9.714073499999999513e+02 0.000000000000000000e+00 3.176432715992789646e-01
9.720968599999999924e+02 0.000000000000000000e+00 3.334335190447149655e-01
9.727863200000000461e+02 0.000000000000000000e+00 3.490078820548720429e-01
9.734757100000000491e+02 0.000000000000000000e+00 3.644570564698358939e-01
9.741651600000000144e+02 0.000000000000000000e+00 3.801480137724523867e-01
9.748545500000000175e+02 0.000000000000000000e+00 3.979006530293328070e-01
9.755438799999999446e+02 0.000000000000000000e+00 4.156517472125151325e-01
9.762332800000000361e+02 0.000000000000000000e+00 4.319010181657817471e-01
9.769226099999999633e+02 0.000000000000000000e+00 4.470322777248591506e-01
9.776119400000000041e+02 0.000000000000000000e+00 4.626856764702256264e-01
9.783012099999999691e+02 0.000000000000000000e+00 4.898487155551852767e-01
9.789904800000000478e+02 0.000000000000000000e+00 5.170117546401493680e-01
9.796797500000000127e+02 0.000000000000000000e+00 5.413303353339589119e-01
9.803690199999999777e+02 0.000000000000000000e+00 5.629445171788853841e-01
9.810582299999999805e+02 0.000000000000000000e+00 5.845568175391833154e-01
9.817474399999999832e+02 0.000000000000000000e+00 6.013782989768960974e-01
9.824365800000000490e+02 0.000000000000000000e+00 6.181086357093619199e-01
9.831257299999999759e+02 0.000000000000000000e+00 6.406594530309496216e-01
9.838148800000000165e+02 0.000000000000000000e+00 6.703086512423328536e-01
9.845040299999999434e+02 0.000000000000000000e+00 6.999578494537113116e-01
9.851931200000000217e+02 0.000000000000000000e+00 7.206328137347697282e-01
9.858822000000000116e+02 0.000000000000000000e+00 7.405200467709746048e-01
9.865712899999999763e+02 0.000000000000000000e+00 7.593560158017496065e-01
9.872603100000000040e+02 0.000000000000000000e+00 7.765306621031368151e-01
9.879493400000000065e+02 0.000000000000000000e+00 7.937055576664650003e-01
9.886383700000000090e+02 0.000000000000000000e+00 8.147592330732819077e-01
9.893273299999999608e+02 0.000000000000000000e+00 8.364615152953571720e-01
9.900163000000000011e+02 0.000000000000000000e+00 8.583464350211512661e-01
9.907052599999999529e+02 0.000000000000000000e+00 8.806105541751718668e-01
9.913941700000000310e+02 0.000000000000000000e+00 9.028730575518544299e-01
9.920830700000000206e+02 0.000000000000000000e+00 9.205069092927407048e-01
9.927719700000000103e+02 0.000000000000000000e+00 9.369283533263756958e-01
9.934608799999999746e+02 0.000000000000000000e+00 9.537081693696493057e-01
9.941497200000000021e+02 0.000000000000000000e+00 9.715029451866965537e-01
9.948385600000000295e+02 0.000000000000000000e+00 9.892977210037436908e-01
9.955273399999999810e+02 0.000000000000000000e+00 1.000136764686592628e+00
9.962161300000000210e+02 0.000000000000000000e+00 1.008379381903465655e+00
9.969049099999999726e+02 0.000000000000000000e+00 1.016026640563605365e+00
9.975936900000000378e+02 0.000000000000000000e+00 1.021226966150618143e+00
9.982824100000000271e+02 0.000000000000000000e+00 1.026426838734443292e+00
9.989711300000000165e+02 0.000000000000000000e+00 1.035446328750718736e+00
9.996597900000000436e+02 0.000000000000000000e+00 1.046405042638101301e+00
1.000348449999999957e+03 0.000000000000000000e+00 1.056993251018085056e+00
1.001037109999999984e+03 0.000000000000000000e+00 1.065108154028459930e+00
1.001725770000000011e+03 0.000000000000000000e+00 1.073223057038835027e+00
1.002414369999999963e+03 0.000000000000000000e+00 1.074505687885825456e+00
1.003102970000000028e+03 0.000000000000000000e+00 1.071182959183166306e+00
1.003791560000000004e+03 0.000000000000000000e+00 1.068369769026177307e+00
1.004480099999999993e+03 0.000000000000000000e+00 1.072986864082565051e+00
1.005168639999999982e+03 0.000000000000000000e+00 1.077603959138952794e+00
1.005857179999999971e+03 0.000000000000000000e+00 1.077421786245487567e+00
1.006545650000000023e+03 0.000000000000000000e+00 1.072997848963763712e+00
1.007234130000000050e+03 0.000000000000000000e+00 1.068573847424522771e+00
1.007922609999999963e+03 0.000000000000000000e+00 1.067111308690209093e+00
1.008611020000000053e+03 0.000000000000000000e+00 1.065656818764297853e+00
1.009299440000000004e+03 0.000000000000000000e+00 1.062782995548466003e+00
1.009987849999999980e+03 0.000000000000000000e+00 1.058267661086976563e+00
1.010676270000000045e+03 0.000000000000000000e+00 1.053752261034712756e+00
1.011364619999999945e+03 0.000000000000000000e+00 1.044944797337622022e+00
1.012052919999999972e+03 0.000000000000000000e+00 1.035814667228401653e+00
1.012741269999999986e+03 0.000000000000000000e+00 1.028662781897531353e+00
1.013429570000000012e+03 0.000000000000000000e+00 1.024531872083536133e+00
1.014117859999999951e+03 0.000000000000000000e+00 1.020401022285665427e+00
1.014806090000000040e+03 0.000000000000000000e+00 1.010307352904977973e+00
1.015494320000000016e+03 0.000000000000000000e+00 9.992576693596907367e-01
1.016182559999999967e+03 0.000000000000000000e+00 9.870084882075583765e-01
1.016870790000000056e+03 0.000000000000000000e+00 9.722958994345058947e-01
1.017558959999999956e+03 0.000000000000000000e+00 9.575845933072683058e-01
1.018247129999999970e+03 0.000000000000000000e+00 9.409927285011336906e-01
1.018935240000000022e+03 0.000000000000000000e+00 9.239111770459139672e-01
1.019623349999999959e+03 0.000000000000000000e+00 9.073018620126949152e-01
1.020311460000000011e+03 0.000000000000000000e+00 8.920498817507065414e-01
1.020999569999999949e+03 0.000000000000000000e+00 8.767979014887207212e-01
1.021687620000000038e+03 0.000000000000000000e+00 8.680411704011845586e-01
1.022375670000000014e+03 0.000000000000000000e+00 8.617673844399618144e-01
1.023063719999999989e+03 0.000000000000000000e+00 8.545500653142534819e-01
1.023751710000000003e+03 0.000000000000000000e+00 8.432694864909536792e-01
1.024439699999999903e+03 0.000000000000000000e+00 8.319889076676558748e-01
1.025127690000000030e+03 0.000000000000000000e+00 8.194871668976805301e-01
1.025815550000000030e+03 0.000000000000000000e+00 8.063398664712458919e-01
1.026503539999999930e+03 0.000000000000000000e+00 7.937205593167162565e-01
1.027191409999999905e+03 0.000000000000000000e+00 7.850817577661042268e-01
1.027879269999999906e+03 0.000000000000000000e+00 7.764430818031980985e-01
1.028567140000000109e+03 0.000000000000000000e+00 7.632008132669280132e-01
1.029255000000000109e+03 0.000000000000000000e+00 7.466559452135851371e-01
1.029942870000000084e+03 0.000000000000000000e+00 7.303755610400746168e-01
1.030630619999999908e+03 0.000000000000000000e+00 7.195045207085387640e-01
1.031318479999999909e+03 0.000000000000000000e+00 7.086317416428139504e-01
1.032006229999999960e+03 0.000000000000000000e+00 6.987090982212496026e-01
1.032693970000000036e+03 0.000000000000000000e+00 6.896947722089753485e-01
1.033381710000000112e+03 0.000000000000000000e+00 6.806804461967010944e-01
1.034069340000000011e+03 0.000000000000000000e+00 6.698619140028754249e-01
1.034757080000000087e+03 0.000000000000000000e+00 6.589949386064952730e-01
1.035444700000000012e+03 0.000000000000000000e+00 6.503636302975545069e-01
1.036132319999999936e+03 0.000000000000000000e+00 6.445928359016961373e-01
1.036820069999999987e+03 0.000000000000000000e+00 6.388209504915098869e-01
1.037507569999999987e+03 0.000000000000000000e+00 6.266699504873902704e-01
1.038195189999999911e+03 0.000000000000000000e+00 6.138247282525618465e-01
1.038882810000000063e+03 0.000000000000000000e+00 6.014889422013949272e-01
1.039570310000000063e+03 0.000000000000000000e+00 5.900394405867459557e-01
1.040257810000000063e+03 0.000000000000000000e+00 5.785899389720968733e-01
1.040945310000000063e+03 0.000000000000000000e+00 5.735524478086725386e-01
1.041632810000000063e+03 0.000000000000000000e+00 5.698391504105840832e-01
1.042320310000000063e+03 0.000000000000000000e+00 5.651314175862597322e-01
1.043007689999999911e+03 0.000000000000000000e+00 5.580146634832404695e-01
1.043695189999999911e+03 0.000000000000000000e+00 5.508966669662822557e-01
1.044382569999999987e+03 0.000000000000000000e+00 5.393329584916620734e-01
1.045069950000000063e+03 0.000000000000000000e+00 5.263270236844256322e-01
1.045757319999999936e+03 0.000000000000000000e+00 5.157216844582087623e-01
1.046444700000000012e+03 0.000000000000000000e+00 5.137411249001250235e-01
1.047131959999999935e+03 0.000000000000000000e+00 5.117609111000605004e-01
1.047819340000000011e+03 0.000000000000000000e+00 5.060331577000123371e-01
1.048506589999999960e+03 0.000000000000000000e+00 4.985462282113141130e-01
1.049193850000000111e+03 0.000000000000000000e+00 4.904209861913217949e-01
1.049881100000000060e+03 0.000000000000000000e+00 4.784596237482774406e-01
1.050568359999999984e+03 0.000000000000000000e+00 4.664980872584900684e-01
1.051255490000000009e+03 0.000000000000000000e+00 4.555095625014818350e-01
1.051942749999999933e+03 0.000000000000000000e+00 4.451531338256762838e-01
1.052629879999999957e+03 0.000000000000000000e+00 4.349115063798144054e-01
1.053317019999999957e+03 0.000000000000000000e+00 4.262418555888754512e-01
1.054004149999999981e+03 0.000000000000000000e+00 4.175723309680149375e-01
1.054691280000000006e+03 0.000000000000000000e+00 4.123034655454076991e-01
1.055378300000000081e+03 0.000000000000000000e+00 4.100665656537799131e-01
1.056065430000000106e+03 0.000000000000000000e+00 4.078293076081129231e-01
1.056752439999999979e+03 0.000000000000000000e+00 4.020712325904439166e-01
1.057439450000000079e+03 0.000000000000000000e+00 3.962803214589090683e-01
1.058126459999999952e+03 0.000000000000000000e+00 3.896762332487871960e-01
1.058813480000000027e+03 0.000000000000000000e+00 3.820869324762147801e-01
1.059500489999999900e+03 0.000000000000000000e+00 3.744977421706000009e-01
1.060187380000000076e+03 0.000000000000000000e+00 3.669057864611113828e-01
1.060874270000000024e+03 0.000000000000000000e+00 3.593134440242570227e-01
1.061561159999999973e+03 0.000000000000000000e+00 3.534715758298079824e-01
1.062248049999999921e+03 0.000000000000000000e+00 3.505518223157907953e-01
1.062934940000000097e+03 0.000000000000000000e+00 3.476320688017727201e-01
1.063621830000000045e+03 0.000000000000000000e+00 3.435686406315219266e-01
1.064308590000000095e+03 0.000000000000000000e+00 3.392816251396019167e-01
1.064995480000000043e+03 0.000000000000000000e+00 3.350108190879771963e-01
1.065682250000000067e+03 0.000000000000000000e+00 3.307810835649769854e-01
1.066369020000000091e+03 0.000000000000000000e+00 3.265513480419767745e-01
1.067055659999999989e+03 0.000000000000000000e+00 3.198965033840358019e-01
1.067742430000000013e+03 0.000000000000000000e+00 3.124636880190671540e-01
1.068429080000000113e+03 0.000000000000000000e+00 3.063199559231843394e-01
1.069115839999999935e+03 0.000000000000000000e+00 3.047965944146486805e-01
1.069802490000000034e+03 0.000000000000000000e+00 3.032734769065870695e-01
1.070489139999999907e+03 0.000000000000000000e+00 2.996000941950798802e-01
1.071175780000000032e+03 0.000000000000000000e+00 2.949074406394918135e-01
1.071862300000000005e+03 0.000000000000000000e+00 2.903693038081751610e-01
1.072548950000000104e+03 0.000000000000000000e+00 2.867850327996607218e-01
1.073235470000000078e+03 0.000000000000000000e+00 2.832014403831968896e-01
1.073922000000000025e+03 0.000000000000000000e+00 2.789933132960064066e-01
1.074608519999999999e+03 0.000000000000000000e+00 2.743666419373338994e-01
1.075295039999999972e+03 0.000000000000000000e+00 2.698180125703477095e-01
1.075981569999999920e+03 0.000000000000000000e+00 2.665214415329908437e-01
1.076667969999999968e+03 0.000000000000000000e+00 2.632254947279829560e-01
1.077354370000000017e+03 0.000000000000000000e+00 2.609075913319577333e-01
1.078040770000000066e+03 0.000000000000000000e+00 2.594989228224798272e-01
1.078727169999999887e+03 0.000000000000000000e+00 2.580902543130023652e-01
1.079413569999999936e+03 0.000000000000000000e+00 2.598840576391485691e-01
1.080099979999999960e+03 0.000000000000000000e+00 2.617513079974452817e-01
1.080786250000000109e+03 0.000000000000000000e+00 2.610751293140767260e-01
1.081472659999999905e+03 0.000000000000000000e+00 2.571222849779182251e-01
1.082158940000000030e+03 0.000000000000000000e+00 2.531701892756117456e-01
1.082845209999999952e+03 0.000000000000000000e+00 2.568215345297258922e-01
1.083531369999999924e+03 0.000000000000000000e+00 2.613517983033865622e-01
1.084217650000000049e+03 0.000000000000000000e+00 2.623507547996341560e-01
1.084903929999999946e+03 0.000000000000000000e+00 2.569331157377281460e-01
1.085590089999999918e+03 0.000000000000000000e+00 2.515164239811304436e-01
1.086276249999999891e+03 0.000000000000000000e+00 2.515972408796990911e-01
1.086962399999999889e+03 0.000000000000000000e+00 2.529349232561852734e-01
1.087648560000000089e+03 0.000000000000000000e+00 2.537476155686280155e-01
1.088334589999999935e+03 0.000000000000000000e+00 2.531616449780537681e-01
1.089020749999999907e+03 0.000000000000000000e+00 2.525755633483459661e-01
1.089706789999999955e+03 0.000000000000000000e+00 2.516044886639820510e-01
1.090392820000000029e+03 0.000000000000000000e+00 2.504919467185706128e-01
1.091078860000000077e+03 0.000000000000000000e+00 2.500686505427019979e-01
1.091764889999999923e+03 0.000000000000000000e+00 2.525932413976800239e-01
1.092450810000000047e+03 0.000000000000000000e+00 2.551174274525861430e-01
1.093136839999999893e+03 0.000000000000000000e+00 2.540061038752307043e-01
1.093822750000000042e+03 0.000000000000000000e+00 2.509160324647866647e-01
1.094508669999999938e+03 0.000000000000000000e+00 2.484619476366942137e-01
1.095194580000000087e+03 0.000000000000000000e+00 2.513882018936517415e-01
1.095880490000000009e+03 0.000000000000000000e+00 2.543144561506083812e-01
1.096566409999999905e+03 0.000000000000000000e+00 2.556367443900544045e-01
1.097252199999999903e+03 0.000000000000000000e+00 2.557162390706490540e-01
1.097937989999999900e+03 0.000000000000000000e+00 2.558375288942390524e-01
1.098623779999999897e+03 0.000000000000000000e+00 2.579236604748529893e-01
1.099309569999999894e+03 0.000000000000000000e+00 2.600097920554669262e-01
1.099995359999999891e+03 0.000000000000000000e+00 2.624241947139399067e-01
1.100681149999999889e+03 0.000000000000000000e+00 2.651961692276971760e-01
1.101366819999999962e+03 0.000000000000000000e+00 2.679676586994715892e-01
1.102052490000000034e+03 0.000000000000000000e+00 2.689730672485673435e-01
1.102738160000000107e+03 0.000000000000000000e+00 2.698571717455817698e-01
1.103423829999999953e+03 0.000000000000000000e+00 2.722383611094458256e-01
1.104109500000000025e+03 0.000000000000000000e+00 2.769326514232731129e-01
1.104795170000000098e+03 0.000000000000000000e+00 2.816269417371004002e-01
1.105480710000000045e+03 0.000000000000000000e+00 2.842740230010936675e-01
1.106166259999999966e+03 0.000000000000000000e+00 2.865597320521858782e-01
1.106851809999999887e+03 0.000000000000000000e+00 2.883144089513379749e-01
1.107537350000000060e+03 0.000000000000000000e+00 2.888682617862100566e-01
1.108222899999999981e+03 0.000000000000000000e+00 2.894221227001559371e-01
1.108908449999999903e+03 0.000000000000000000e+00 2.917401090515438500e-01
1.109593869999999924e+03 0.000000000000000000e+00 2.946044418303495060e-01
1.110279299999999921e+03 0.000000000000000000e+00 2.972644387263062016e-01
1.110964719999999943e+03 0.000000000000000000e+00 2.991980750231736375e-01
1.111650149999999940e+03 0.000000000000000000e+00 3.011317395310109113e-01
1.112335569999999962e+03 0.000000000000000000e+00 3.030617516826242808e-01
1.113020999999999958e+03 0.000000000000000000e+00 3.049900539278882494e-01
1.113706300000000056e+03 0.000000000000000000e+00 3.070933892423632350e-01
1.114391599999999926e+03 0.000000000000000000e+00 3.103501680737217883e-01
1.115076900000000023e+03 0.000000000000000000e+00 3.136069469050815073e-01
1.115762210000000096e+03 0.000000000000000000e+00 3.149138048310470284e-01
1.116447509999999966e+03 0.000000000000000000e+00 3.148553206573808105e-01
1.117132689999999911e+03 0.000000000000000000e+00 3.149069679271521705e-01
1.117817990000000009e+03 0.000000000000000000e+00 3.173718586266643937e-01
1.118503169999999955e+03 0.000000000000000000e+00 3.198363177095352450e-01
1.119188349999999900e+03 0.000000000000000000e+00 3.219719432150664473e-01
1.119873540000000048e+03 0.000000000000000000e+00 3.237776972728330094e-01
1.120558590000000095e+03 0.000000000000000000e+00 3.255830823737142499e-01
1.121243770000000040e+03 0.000000000000000000e+00 3.272253876785030657e-01
1.121928830000000062e+03 0.000000000000000000e+00 3.288596280667592797e-01
1.122613890000000083e+03 0.000000000000000000e+00 3.304353183129190019e-01
1.123298950000000104e+03 0.000000000000000000e+00 3.319266952461615849e-01
1.123984009999999898e+03 0.000000000000000000e+00 3.334180721794037239e-01
1.124669069999999920e+03 0.000000000000000000e+00 3.336166227459285150e-01
1.125354000000000042e+03 0.000000000000000000e+00 3.336132898837407823e-01
1.126039060000000063e+03 0.000000000000000000e+00 3.332575105528562953e-01
1.126723999999999933e+03 0.000000000000000000e+00 3.321518330507340910e-01
1.127408940000000030e+03 0.000000000000000000e+00 3.310461555486114427e-01
1.128093869999999924e+03 0.000000000000000000e+00 3.292012887608510296e-01
1.128778690000000097e+03 0.000000000000000000e+00 3.271415959916544880e-01
1.129463619999999992e+03 0.000000000000000000e+00 3.250678204215464717e-01
1.130148439999999937e+03 0.000000000000000000e+00 3.229481349461995054e-01
1.130833249999999907e+03 0.000000000000000000e+00 3.208284804232994780e-01
1.131518070000000080e+03 0.000000000000000000e+00 3.191284966101118892e-01
1.132202880000000050e+03 0.000000000000000000e+00 3.176229508336934626e-01
1.132887699999999995e+03 0.000000000000000000e+00 3.157821294113059007e-01
1.133572390000000041e+03 0.000000000000000000e+00 3.118411768493957181e-01
1.134257080000000087e+03 0.000000000000000000e+00 3.079002242874855910e-01
1.134941769999999906e+03 0.000000000000000000e+00 3.058765559518746291e-01
1.135626459999999952e+03 0.000000000000000000e+00 3.051757585957757257e-01
1.136311159999999973e+03 0.000000000000000000e+00 3.041756275518044395e-01
1.136995850000000019e+03 0.000000000000000000e+00 2.969172112997498503e-01
1.137680419999999913e+03 0.000000000000000000e+00 2.896600671707748598e-01
1.138364990000000034e+03 0.000000000000000000e+00 2.864859354991668994e-01
1.139049559999999929e+03 0.000000000000000000e+00 2.874064839003569460e-01
1.139734130000000050e+03 0.000000000000000000e+00 2.883270323015472703e-01
1.140418699999999944e+03 0.000000000000000000e+00 2.851860213032897939e-01
1.141103149999999914e+03 0.000000000000000000e+00 2.818441468849326448e-01
1.141787720000000036e+03 0.000000000000000000e+00 2.779148339945446966e-01
1.142472170000000006e+03 0.000000000000000000e+00 2.731278618429689442e-01
1.143156619999999975e+03 0.000000000000000000e+00 2.683408896913931363e-01
1.143841059999999970e+03 0.000000000000000000e+00 2.672182571091761827e-01
1.144525509999999940e+03 0.000000000000000000e+00 2.666965471926944775e-01
1.145209839999999986e+03 0.000000000000000000e+00 2.654297096094186403e-01
1.145894289999999955e+03 0.000000000000000000e+00 2.625203241183489689e-01
1.146578610000000026e+03 0.000000000000000000e+00 2.596114912171157418e-01
1.147262940000000071e+03 0.000000000000000000e+00 2.587039546497889586e-01
1.147947269999999889e+03 0.000000000000000000e+00 2.584103604948930766e-01
1.148631470000000036e+03 0.000000000000000000e+00 2.582798573770818118e-01
1.149315800000000081e+03 0.000000000000000000e+00 2.587354264372333512e-01
1.150000000000000000e+03 0.000000000000000000e+00 2.591909089543751321e-01
1.150684199999999919e+03 0.000000000000000000e+00 2.601796491094045538e-01
1.151368410000000040e+03 0.000000000000000000e+00 2.614307096319334334e-01
1.152052609999999959e+03 0.000000000000000000e+00 2.623945523887503684e-01
1.152736820000000080e+03 0.000000000000000000e+00 2.613023651546319548e-01
1.153420900000000074e+03 0.000000000000000000e+00 2.602103854362479152e-01
1.154104980000000069e+03 0.000000000000000000e+00 2.593160473063135241e-01
1.154789060000000063e+03 0.000000000000000000e+00 2.585680369954913016e-01
1.155473140000000058e+03 0.000000000000000000e+00 2.577250480207577965e-01
1.156157230000000027e+03 0.000000000000000000e+00 2.534038772638521064e-01
1.156841310000000021e+03 0.000000000000000000e+00 2.490827696736458985e-01
1.157525270000000091e+03 0.000000000000000000e+00 2.473204934765025620e-01
1.158209229999999934e+03 0.000000000000000000e+00 2.483462172718703675e-01
1.158893190000000004e+03 0.000000000000000000e+00 2.493719410672384784e-01
1.159577150000000074e+03 0.000000000000000000e+00 2.495397567642233250e-01
1.160261109999999917e+03 0.000000000000000000e+00 2.496430381220484662e-01
1.160945069999999987e+03 0.000000000000000000e+00 2.489815899613513073e-01
1.161628909999999905e+03 0.000000000000000000e+00 2.470811108960144775e-01
1.162312740000000076e+03 0.000000000000000000e+00 2.451806596219594792e-01
1.162996579999999994e+03 0.000000000000000000e+00 2.426925422033194557e-01
1.163680419999999913e+03 0.000000000000000000e+00 2.400865397884797137e-01
1.164364260000000058e+03 0.000000000000000000e+00 2.373140291416753200e-01
1.165047970000000078e+03 0.000000000000000000e+00 2.341223535859378313e-01
1.165731809999999996e+03 0.000000000000000000e+00 2.309300711679020957e-01
1.166415529999999990e+03 0.000000000000000000e+00 2.289992463202911721e-01
1.167099240000000009e+03 0.000000000000000000e+00 2.275233600790126931e-01
1.167782840000000078e+03 0.000000000000000000e+00 2.255675245678283591e-01
1.168466550000000097e+03 0.000000000000000000e+00 2.215031518179075565e-01
1.169150270000000091e+03 0.000000000000000000e+00 2.174387196221290175e-01
1.169833859999999959e+03 0.000000000000000000e+00 2.156990981314715616e-01
1.170517460000000028e+03 0.000000000000000000e+00 2.152881438769707889e-01
1.171201049999999896e+03 0.000000000000000000e+00 2.148116666119225804e-01
1.171884639999999990e+03 0.000000000000000000e+00 2.136441012562204922e-01
1.172568119999999908e+03 0.000000000000000000e+00 2.124767237794945862e-01
1.173251710000000003e+03 0.000000000000000000e+00 2.112539135995078199e-01
1.173935179999999946e+03 0.000000000000000000e+00 2.099836542822356711e-01
1.174618649999999889e+03 0.000000000000000000e+00 2.087133949649635223e-01
1.175302120000000059e+03 0.000000000000000000e+00 2.068227651378359566e-01
1.175985599999999977e+03 0.000000000000000000e+00 2.049237962864452478e-01
1.176668949999999995e+03 0.000000000000000000e+00 2.017055655892973365e-01
1.177352419999999938e+03 0.000000000000000000e+00 1.967847696474686048e-01
1.178035769999999957e+03 0.000000000000000000e+00 1.918648376726210802e-01
1.178719119999999975e+03 0.000000000000000000e+00 1.897819433794587507e-01
1.179402469999999994e+03 0.000000000000000000e+00 1.880620208126917159e-01
1.180085690000000113e+03 0.000000000000000000e+00 1.871287732655550484e-01
1.180769039999999904e+03 0.000000000000000000e+00 1.877478740747944297e-01
1.181452269999999999e+03 0.000000000000000000e+00 1.883668661665436339e-01
1.182135500000000093e+03 0.000000000000000000e+00 1.856562117876962015e-01
1.182818729999999960e+03 0.000000000000000000e+00 1.820358884590162762e-01
1.183501950000000079e+03 0.000000000000000000e+00 1.791948171192594974e-01
1.184185179999999946e+03 0.000000000000000000e+00 1.788961065526725458e-01
1.184868289999999888e+03 0.000000000000000000e+00 1.785974484505089555e-01
1.185551390000000083e+03 0.000000000000000000e+00 1.766793171327697975e-01
1.186234500000000025e+03 0.000000000000000000e+00 1.740119481644339106e-01
1.186917599999999993e+03 0.000000000000000000e+00 1.715121275790266464e-01
1.187600709999999935e+03 0.000000000000000000e+00 1.701081207877676860e-01
1.188283809999999903e+03 0.000000000000000000e+00 1.687041345496669009e-01
1.188966799999999921e+03 0.000000000000000000e+00 1.679662906444206183e-01
1.189649779999999964e+03 0.000000000000000000e+00 1.677082317151942781e-01
1.190332760000000007e+03 0.000000000000000000e+00 1.673482859215593699e-01
1.191015750000000025e+03 0.000000000000000000e+00 1.636760602009221521e-01
1.191698730000000069e+03 0.000000000000000000e+00 1.600038882471879753e-01
1.192381589999999960e+03 0.000000000000000000e+00 1.567062842746728413e-01
1.193064579999999978e+03 0.000000000000000000e+00 1.538161631072168523e-01
1.193747440000000097e+03 0.000000000000000000e+00 1.509265920440837627e-01
1.194430299999999988e+03 0.000000000000000000e+00 1.522400312994948435e-01
1.195113160000000107e+03 0.000000000000000000e+00 1.538867353973471519e-01
1.195795900000000074e+03 0.000000000000000000e+00 1.538930562688549109e-01
1.196478759999999966e+03 0.000000000000000000e+00 1.511583797274331231e-01
1.197161499999999933e+03 0.000000000000000000e+00 1.484241837547732590e-01
1.197844239999999900e+03 0.000000000000000000e+00 1.459915226638218155e-01
1.198526980000000094e+03 0.000000000000000000e+00 1.436240327714651266e-01
1.199209720000000061e+03 0.000000000000000000e+00 1.418409831176745683e-01
1.199892329999999902e+03 0.000000000000000000e+00 1.416382477330721534e-01
1.200575070000000096e+03 0.000000000000000000e+00 1.414354737384287963e-01
1.201257689999999911e+03 0.000000000000000000e+00 1.399828710240873519e-01
1.201940309999999954e+03 0.000000000000000000e+00 1.380380398405737508e-01
1.202622920000000022e+03 0.000000000000000000e+00 1.363181192197738534e-01
1.203305540000000065e+03 0.000000000000000000e+00 1.357387597783132616e-01
1.203988039999999955e+03 0.000000000000000000e+00 1.351595021843418620e-01
1.204670650000000023e+03 0.000000000000000000e+00 1.348536518763523429e-01
1.205353149999999914e+03 0.000000000000000000e+00 1.347213889587092761e-01
1.206035640000000058e+03 0.000000000000000000e+00 1.344326212348281036e-01
1.206718139999999948e+03 0.000000000000000000e+00 1.316403759589525879e-01
1.207400509999999940e+03 0.000000000000000000e+00 1.288486625393196472e-01
1.208083010000000058e+03 0.000000000000000000e+00 1.265319729453394382e-01
1.208765380000000050e+03 0.000000000000000000e+00 1.246809274422922831e-01
1.209447750000000042e+03 0.000000000000000000e+00 1.228298819392451419e-01
1.210130130000000008e+03 0.000000000000000000e+00 1.218587844482071636e-01
1.210812500000000000e+03 0.000000000000000000e+00 1.209316713262805765e-01
1.211494750000000067e+03 0.000000000000000000e+00 1.199103746564829376e-01
1.212177120000000059e+03 0.000000000000000000e+00 1.187465483549512840e-01
1.212859380000000101e+03 0.000000000000000000e+00 1.175829096655554296e-01
1.213541629999999941e+03 0.000000000000000000e+00 1.171433932126838967e-01
1.214223880000000008e+03 0.000000000000000000e+00 1.168366400573017383e-01
1.214906009999999924e+03 0.000000000000000000e+00 1.162175665167732158e-01
1.215588259999999991e+03 0.000000000000000000e+00 1.148377824529803054e-01
1.216270389999999907e+03 0.000000000000000000e+00 1.134582410774803429e-01
1.216952510000000075e+03 0.000000000000000000e+00 1.134616904292322648e-01
1.217634639999999990e+03 0.000000000000000000e+00 1.139588180760085084e-01
1.218316769999999906e+03 0.000000000000000000e+00 1.139951092724507259e-01
1.218998900000000049e+03 0.000000000000000000e+00 1.119699949363221481e-01
1.219680910000000040e+03 0.000000000000000000e+00 1.099452368573888839e-01
1.220363039999999955e+03 0.000000000000000000e+00 1.086077971983368945e-01
1.221045039999999972e+03 0.000000000000000000e+00 1.076773365366687080e-01
1.221727049999999963e+03 0.000000000000000000e+00 1.067000999018950791e-01
1.222408940000000030e+03 0.000000000000000000e+00 1.051372943327503751e-01
1.223090940000000046e+03 0.000000000000000000e+00 1.035742366575291284e-01
1.223772830000000113e+03 0.000000000000000000e+00 1.027539950886040138e-01
1.224454709999999977e+03 0.000000000000000000e+00 1.026220161933129177e-01
1.225136600000000044e+03 0.000000000000000000e+00 1.024900353625067956e-01
1.225818479999999909e+03 0.000000000000000000e+00 1.027956048664951799e-01
1.226500369999999975e+03 0.000000000000000000e+00 1.031175088068288503e-01
1.227182129999999916e+03 0.000000000000000000e+00 1.038498346141479567e-01
1.227864010000000007e+03 0.000000000000000000e+00 1.051756455398263485e-01
1.228545779999999922e+03 0.000000000000000000e+00 1.065012425873999996e-01
1.229227540000000090e+03 0.000000000000000000e+00 1.061182544828374319e-01
1.229909180000000106e+03 0.000000000000000000e+00 1.054426325754135585e-01
1.230590940000000046e+03 0.000000000000000000e+00 1.047184633158434047e-01
1.231272580000000062e+03 0.000000000000000000e+00 1.038804226863708075e-01
1.231954349999999977e+03 0.000000000000000000e+00 1.030422222287165623e-01
1.232635989999999993e+03 0.000000000000000000e+00 1.021397738287078694e-01
1.233317630000000008e+03 0.000000000000000000e+00 1.012150287506034529e-01
1.233999150000000100e+03 0.000000000000000000e+00 1.004837599324314712e-01
1.234680789999999888e+03 0.000000000000000000e+00 1.005939365220214210e-01
1.235362300000000005e+03 0.000000000000000000e+00 1.007040920991170846e-01
1.236043820000000096e+03 0.000000000000000000e+00 9.997802216144029142e-02
1.236725339999999960e+03 0.000000000000000000e+00 9.876259696244017727e-02
1.237406860000000052e+03 0.000000000000000000e+00 9.762553935245542325e-02
1.238088379999999916e+03 0.000000000000000000e+00 9.745683710188828008e-02
1.238769780000000083e+03 0.000000000000000000e+00 9.728816455590796886e-02
1.239451170000000047e+03 0.000000000000000000e+00 9.779481720584877469e-02
1.240132569999999987e+03 0.000000000000000000e+00 9.892918333621925076e-02
1.240813959999999952e+03 0.000000000000000000e+00 1.000635328190093432e-01
1.241495359999999891e+03 0.000000000000000000e+00 9.835431163192732973e-02
1.242176760000000058e+03 0.000000000000000000e+00 9.653280840267068619e-02
1.242858030000000099e+03 0.000000000000000000e+00 9.623100769987188996e-02
1.243539309999999887e+03 0.000000000000000000e+00 9.815691238875848268e-02
1.244220579999999927e+03 0.000000000000000000e+00 1.000827888087300888e-01
1.244901859999999942e+03 0.000000000000000000e+00 9.846007680084904734e-02
1.245583129999999983e+03 0.000000000000000000e+00 9.620425004294204385e-02
1.246264280000000099e+03 0.000000000000000000e+00 9.469501826360673946e-02
1.246945429999999988e+03 0.000000000000000000e+00 9.499878685044442495e-02
1.247626590000000078e+03 0.000000000000000000e+00 9.530255989692525131e-02
1.248307739999999967e+03 0.000000000000000000e+00 9.567161997409737162e-02
1.248988890000000083e+03 0.000000000000000000e+00 9.606433502622126197e-02
1.249670039999999972e+03 0.000000000000000000e+00 9.651354780466504801e-02
1.250351069999999936e+03 0.000000000000000000e+00 9.722555639729280053e-02
1.251032099999999900e+03 0.000000000000000000e+00 9.793756498992055304e-02
1.251713130000000092e+03 0.000000000000000000e+00 9.840653105101958287e-02
1.252394170000000031e+03 0.000000000000000000e+00 9.872608440501198790e-02
1.253075199999999995e+03 0.000000000000000000e+00 9.886971066304650613e-02
1.253756100000000060e+03 0.000000000000000000e+00 9.635343403675004914e-02
1.254437130000000025e+03 0.000000000000000000e+00 9.383667699341562141e-02
1.255118040000000065e+03 0.000000000000000000e+00 9.390011034286142866e-02
1.255798950000000104e+03 0.000000000000000000e+00 9.650295361290446572e-02
1.256479739999999993e+03 0.000000000000000000e+00 9.910533817152780700e-02
1.257160640000000058e+03 0.000000000000000000e+00 9.730387123548353556e-02
1.257841429999999946e+03 0.000000000000000000e+00 9.525065739431705369e-02
1.258522220000000061e+03 0.000000000000000000e+00 9.470592999885789343e-02
1.259202999999999975e+03 0.000000000000000000e+00 9.654388924472127875e-02
1.259883790000000090e+03 0.000000000000000000e+00 9.838187548842952657e-02
1.260564579999999978e+03 0.000000000000000000e+00 9.640660057225637625e-02
1.261245239999999967e+03 0.000000000000000000e+00 9.364595809265074955e-02
1.261926030000000083e+03 0.000000000000000000e+00 9.225770637615371417e-02
1.262606690000000071e+03 0.000000000000000000e+00 9.456670215919033007e-02
1.263287350000000060e+03 0.000000000000000000e+00 9.687569794222694597e-02
1.263968020000000024e+03 0.000000000000000000e+00 9.614906912860515797e-02
1.264648560000000089e+03 0.000000000000000000e+00 9.419477065518146175e-02
1.265329220000000078e+03 0.000000000000000000e+00 9.247434038185085858e-02
1.266009769999999889e+03 0.000000000000000000e+00 9.204904977700971436e-02
1.266690309999999954e+03 0.000000000000000000e+00 9.162376542138750413e-02
1.267370850000000019e+03 0.000000000000000000e+00 9.117284282355357650e-02
1.268051269999999931e+03 0.000000000000000000e+00 9.070447204494207216e-02
1.268731809999999996e+03 0.000000000000000000e+00 9.028306763982771321e-02
1.269412229999999909e+03 0.000000000000000000e+00 9.116659323692029304e-02
1.270092650000000049e+03 0.000000000000000000e+00 9.205011883401316430e-02
1.270773069999999962e+03 0.000000000000000000e+00 9.232276149733675830e-02
1.271453490000000102e+03 0.000000000000000000e+00 9.192135296863451766e-02
1.272133910000000014e+03 0.000000000000000000e+00 9.151994443993240191e-02
1.272814210000000003e+03 0.000000000000000000e+00 9.081231038700553204e-02
1.273494509999999991e+03 0.000000000000000000e+00 9.007653064833344436e-02
1.274174800000000005e+03 0.000000000000000000e+00 8.962132702350883440e-02
1.274855099999999993e+03 0.000000000000000000e+00 8.967366502981095888e-02
1.275535399999999981e+03 0.000000000000000000e+00 8.972600303611308337e-02
1.276215580000000045e+03 0.000000000000000000e+00 8.817743638853797750e-02
1.276895870000000059e+03 0.000000000000000000e+00 8.621813346039194914e-02
1.277576049999999896e+03 0.000000000000000000e+00 8.490501357350106748e-02
1.278256229999999960e+03 0.000000000000000000e+00 8.568482850113498528e-02
1.278936279999999897e+03 0.000000000000000000e+00 8.646449438595568693e-02
1.279616459999999961e+03 0.000000000000000000e+00 8.541763430843272997e-02
1.280296509999999898e+03 0.000000000000000000e+00 8.349372901429794047e-02
1.280976560000000063e+03 0.000000000000000000e+00 8.197175157843485105e-02
1.281656739999999900e+03 0.000000000000000000e+00 8.353599462899226336e-02
1.282336669999999913e+03 0.000000000000000000e+00 8.509966274238252304e-02
1.283016720000000078e+03 0.000000000000000000e+00 8.450601794844253556e-02
1.283696779999999990e+03 0.000000000000000000e+00 8.217870805209297191e-02
1.284376710000000003e+03 0.000000000000000000e+00 7.985184304338023564e-02
1.285056640000000016e+03 0.000000000000000000e+00 7.993503498506487892e-02
1.285736570000000029e+03 0.000000000000000000e+00 8.003302496873031247e-02
1.286416500000000042e+03 0.000000000000000000e+00 7.940084471673854172e-02
1.287096309999999903e+03 0.000000000000000000e+00 7.781222487781014330e-02
1.287776249999999891e+03 0.000000000000000000e+00 7.622330124726459100e-02
1.288456050000000005e+03 0.000000000000000000e+00 7.546947344495033572e-02
1.289135860000000093e+03 0.000000000000000000e+00 7.483859287894449597e-02
1.289815669999999955e+03 0.000000000000000000e+00 7.414552143272842843e-02
1.290495359999999891e+03 0.000000000000000000e+00 7.331435501967326074e-02
1.291175169999999980e+03 0.000000000000000000e+00 7.248304186329439236e-02
1.291854859999999917e+03 0.000000000000000000e+00 7.174162943129516745e-02
1.292534550000000081e+03 0.000000000000000000e+00 7.103033599312960633e-02
1.293214230000000043e+03 0.000000000000000000e+00 7.046307387596534300e-02
1.293893919999999980e+03 0.000000000000000000e+00 7.052138936585362894e-02
1.294573489999999993e+03 0.000000000000000000e+00 7.057969456007950892e-02
1.295253169999999955e+03 0.000000000000000000e+00 7.005100734961176856e-02
1.295932739999999967e+03 0.000000000000000000e+00 6.917053326443013683e-02
1.296612300000000005e+03 0.000000000000000000e+00 6.832202791201005820e-02
1.297291870000000017e+03 0.000000000000000000e+00 6.794557183610065720e-02
1.297971309999999903e+03 0.000000000000000000e+00 6.756918777527419484e-02
1.298650879999999916e+03 0.000000000000000000e+00 6.667667797230228399e-02
1.299330320000000029e+03 0.000000000000000000e+00 6.527041523884916097e-02
1.300009769999999889e+03 0.000000000000000000e+00 6.386413180801735201e-02
1.300689210000000003e+03 0.000000000000000000e+00 6.380760622523154457e-02
1.301368649999999889e+03 0.000000000000000000e+00 6.383915935366815675e-02
1.302047970000000078e+03 0.000000000000000000e+00 6.325402071157899819e-02
1.302727290000000039e+03 0.000000000000000000e+00 6.164586402491544631e-02
1.303406739999999900e+03 0.000000000000000000e+00 6.003739958878315935e-02
1.304085939999999937e+03 0.000000000000000000e+00 6.011730798833873207e-02
1.304765259999999898e+03 0.000000000000000000e+00 6.058391184951888997e-02
1.305444580000000087e+03 0.000000000000000000e+00 6.070014516654744646e-02
1.306123779999999897e+03 0.000000000000000000e+00 5.976819828255440503e-02
1.306802979999999934e+03 0.000000000000000000e+00 5.883625139856105829e-02
1.307482299999999896e+03 0.000000000000000000e+00 5.911091579675228219e-02
1.308161380000000008e+03 0.000000000000000000e+00 5.993424988529576225e-02
1.308840580000000045e+03 0.000000000000000000e+00 6.043015346704684598e-02
1.309519780000000083e+03 0.000000000000000000e+00 5.861607554124016045e-02
1.310198849999999993e+03 0.000000000000000000e+00 5.680234483294022141e-02
1.310877930000000106e+03 0.000000000000000000e+00 5.568028936884474034e-02
1.311557009999999991e+03 0.000000000000000000e+00 5.510024499018576633e-02
1.312236079999999902e+03 0.000000000000000000e+00 5.452020915314747390e-02
1.312915040000000090e+03 0.000000000000000000e+00 5.425440922528143584e-02
1.313594119999999975e+03 0.000000000000000000e+00 5.398935702311703083e-02
1.314273069999999962e+03 0.000000000000000000e+00 5.360380198254107581e-02
1.314952029999999922e+03 0.000000000000000000e+00 5.306068512710107599e-02
1.315630979999999909e+03 0.000000000000000000e+00 5.251757627090777869e-02
1.316309809999999970e+03 0.000000000000000000e+00 5.147785230046588584e-02
1.316988769999999931e+03 0.000000000000000000e+00 5.036344759644621749e-02
1.317667599999999993e+03 0.000000000000000000e+00 4.933505529535869849e-02
1.318346440000000030e+03 0.000000000000000000e+00 4.850168283998743113e-02
1.319025270000000091e+03 0.000000000000000000e+00 4.766832266103555177e-02
1.319704099999999926e+03 0.000000000000000000e+00 4.707118698773266052e-02
1.320382810000000063e+03 0.000000000000000000e+00 4.655668572919322012e-02
1.321061519999999973e+03 0.000000000000000000e+00 4.610982315514103314e-02
1.321740360000000010e+03 0.000000000000000000e+00 4.597866208164231444e-02
1.322419069999999920e+03 0.000000000000000000e+00 4.584752612590266979e-02
1.323097659999999905e+03 0.000000000000000000e+00 4.609154757357199900e-02
1.323776370000000043e+03 0.000000000000000000e+00 4.657331921217003345e-02
1.324454960000000028e+03 0.000000000000000000e+00 4.702681596206376158e-02
1.325133669999999938e+03 0.000000000000000000e+00 4.691271192723955874e-02
1.325812259999999924e+03 0.000000000000000000e+00 4.679862806669327774e-02
1.326490720000000010e+03 0.000000000000000000e+00 4.639599112889258165e-02
1.327169309999999996e+03 0.000000000000000000e+00 4.568354704934152188e-02
1.327847899999999981e+03 0.000000000000000000e+00 4.497110296979046212e-02
1.328526370000000043e+03 0.000000000000000000e+00 4.520382877557918566e-02
1.329204829999999902e+03 0.000000000000000000e+00 4.552162073733172221e-02
1.329883299999999963e+03 0.000000000000000000e+00 4.509540190224679140e-02
1.330561770000000024e+03 0.000000000000000000e+00 4.329688784358788622e-02
1.331240109999999959e+03 0.000000000000000000e+00 4.149871839386947564e-02
1.331918580000000020e+03 0.000000000000000000e+00 4.077352221998246928e-02
1.332596919999999955e+03 0.000000000000000000e+00 4.034019850990767236e-02
1.333275270000000091e+03 0.000000000000000000e+00 4.009099049549661592e-02
1.333953610000000026e+03 0.000000000000000000e+00 4.049152938939920565e-02
1.334631840000000011e+03 0.000000000000000000e+00 4.089200333168711149e-02
1.335310179999999946e+03 0.000000000000000000e+00 4.087272805719715379e-02
1.335988399999999956e+03 0.000000000000000000e+00 4.063222828166982575e-02
1.336666629999999941e+03 0.000000000000000000e+00 4.035621467909765447e-02
1.337344849999999951e+03 0.000000000000000000e+00 3.971636027766595189e-02
1.338022950000000037e+03 0.000000000000000000e+00 3.907661908806540907e-02
1.338701170000000047e+03 0.000000000000000000e+00 3.861273769980948234e-02
1.339379269999999906e+03 0.000000000000000000e+00 3.830972899944411203e-02
1.340057369999999992e+03 0.000000000000000000e+00 3.800672029907863764e-02
1.340735470000000078e+03 0.000000000000000000e+00 3.767537769287528093e-02
1.341413569999999936e+03 0.000000000000000000e+00 3.734273879808845675e-02
1.342091550000000097e+03 0.000000000000000000e+00 3.754297315139665248e-02
1.342769649999999956e+03 0.000000000000000000e+00 3.857808470681551444e-02
1.343447629999999890e+03 0.000000000000000000e+00 3.961301308366695084e-02
1.344125610000000052e+03 0.000000000000000000e+00 3.896091583212980131e-02
1.344803589999999986e+03 0.000000000000000000e+00 3.794601555973411977e-02
1.345481449999999995e+03 0.000000000000000000e+00 3.701036608151084262e-02
1.346159419999999955e+03 0.000000000000000000e+00 3.630430205172179708e-02
1.346837279999999964e+03 0.000000000000000000e+00 3.559835258016282034e-02
1.347515139999999974e+03 0.000000000000000000e+00 3.520871525014353937e-02
1.348192990000000009e+03 0.000000000000000000e+00 3.496185938169429908e-02
1.348870850000000019e+03 0.000000000000000000e+00 3.464305634916636789e-02
1.349548579999999902e+03 0.000000000000000000e+00 3.380625013375567617e-02
1.350226319999999987e+03 0.000000000000000000e+00 3.296943157115315298e-02
1.350904170000000022e+03 0.000000000000000000e+00 3.362183859835016914e-02
1.351581789999999955e+03 0.000000000000000000e+00 3.547034025386823497e-02
1.352259520000000066e+03 0.000000000000000000e+00 3.731914198196743804e-02
1.352937259999999924e+03 0.000000000000000000e+00 3.600001702241174828e-02
1.353614870000000110e+03 0.000000000000000000e+00 3.463893786935647728e-02
1.354292480000000069e+03 0.000000000000000000e+00 3.329261164189081107e-02
1.354970090000000027e+03 0.000000000000000000e+00 3.196674029048868215e-02
1.355647709999999961e+03 0.000000000000000000e+00 3.064084937220666952e-02
1.356325319999999920e+03 0.000000000000000000e+00 3.079313008011346289e-02
1.357002809999999954e+03 0.000000000000000000e+00 3.120372715300754815e-02
1.357680299999999988e+03 0.000000000000000000e+00 3.187640997200243131e-02
1.358357790000000023e+03 0.000000000000000000e+00 3.321347779791834071e-02
1.359035280000000057e+03 0.000000000000000000e+00 3.455054562383425010e-02
1.359712770000000091e+03 0.000000000000000000e+00 3.471737376210522891e-02
1.360390139999999974e+03 0.000000000000000000e+00 3.441769814399647104e-02
1.361067630000000008e+03 0.000000000000000000e+00 3.405130396395999320e-02
1.361744999999999891e+03 0.000000000000000000e+00 3.329606635294807965e-02
1.362422360000000026e+03 0.000000000000000000e+00 3.254083989149390149e-02
1.363099609999999984e+03 0.000000000000000000e+00 3.215392963786016522e-02
1.363776980000000094e+03 0.000000000000000000e+00 3.203596849392421897e-02
1.364454220000000078e+03 0.000000000000000000e+00 3.191842587579016982e-02
1.365131470000000036e+03 0.000000000000000000e+00 3.184533721090479497e-02
1.365808719999999994e+03 0.000000000000000000e+00 3.177224854601942705e-02
1.366485959999999977e+03 0.000000000000000000e+00 3.142284766172020322e-02
1.367163209999999935e+03 0.000000000000000000e+00 3.072173569948087254e-02
1.367840329999999994e+03 0.000000000000000000e+00 3.002075831761071012e-02
