9.306945799999999736e+02 5.820296347354144556e-02 5.820296347354144556e-02
9.313851899999999659e+02 6.130028937875596495e-02 5.882782536389507405e-02
9.320757399999999961e+02 6.439734618917863918e-02 5.945263296642576412e-02
9.327663000000000011e+02 5.120811135979864287e-02 6.007744961692692426e-02
9.334568500000000313e+02 3.351280628003307921e-02 6.070225721945762126e-02
9.341473999999999478e+02 2.250819559444430101e-02 6.132706482198820724e-02
9.348378900000000158e+02 3.085216614333263774e-02 6.195181813669596582e-02
9.355283799999999701e+02 3.919613669221960750e-02 6.257657145140362032e-02
9.362188700000000381e+02 4.609256450745460171e-02 6.320132476611137196e-02
9.369093000000000302e+02 5.245412320883861834e-02 6.382602379299609496e-02
9.375997300000000223e+02 5.828101062835954610e-02 6.445072281988080409e-02
9.382901600000000144e+02 6.201859258050057555e-02 6.507542184676552710e-02
9.389805300000000443e+02 6.575584972793005467e-02 6.556977285686715895e-02
9.396708999999999605e+02 6.398951065156949225e-02 6.382210632598306344e-02
9.403612699999999904e+02 5.959680955591804830e-02 6.207443979509868343e-02
9.410515699999999697e+02 5.493147449397469545e-02 6.032695046869487182e-02
9.417418800000000374e+02 4.871692579279574692e-02 5.857943582736505062e-02
9.424321899999999914e+02 4.250237709161782534e-02 5.683192118603552778e-02
9.431224999999999454e+02 3.994048466087805199e-02 5.508440654470599801e-02
9.438127399999999625e+02 3.959157554419288211e-02 5.333706910785675215e-02
9.445029899999999543e+02 3.936497837621217438e-02 5.158970635608179506e-02
9.451931799999999839e+02 4.029800813688120403e-02 4.984249549386139677e-02
9.458833600000000388e+02 4.123102437910228929e-02 4.809530994656672359e-02
9.465735499999999547e+02 4.285477313997164417e-02 4.634809908434661674e-02
9.472637300000000096e+02 4.500438363791553487e-02 4.494908817584932631e-02
9.479538599999999633e+02 4.722614964780230684e-02 4.648983347691423157e-02
9.486439800000000560e+02 5.118030089474066846e-02 4.803055645254364348e-02
9.493341100000000097e+02 5.513450943825342482e-02 4.957130175360854180e-02
9.500241700000000264e+02 5.500874491856924675e-02 5.111189077662296742e-02
9.507142300000000432e+02 5.099925847413749880e-02 5.265247979963738612e-02
9.514043000000000347e+02 4.698971392625918286e-02 5.419309114808756184e-02
9.520943600000000515e+02 5.591557897862951126e-02 5.573368017110198747e-02
9.527843599999999924e+02 6.504750037397701024e-02 5.727413524150141988e-02
9.534743700000000217e+02 7.053105091895782441e-02 5.881461263733685912e-02
9.541643100000000004e+02 7.166334744247702948e-02 6.035493375512156200e-02
9.548542499999999791e+02 7.279564396599622067e-02 6.189525487290626488e-02
9.555441899999999578e+02 6.092993858601356005e-02 6.331930048858688820e-02
9.562341300000000501e+02 4.805165166183392178e-02 6.409929175489427478e-02
9.569240099999999529e+02 4.269937830815509483e-02 6.487921518997558090e-02
9.576138899999999694e+02 4.867287772061602846e-02 6.565913862505702581e-02
9.583037699999999859e+02 5.464637713307696210e-02 6.643906206013845683e-02
9.589935900000000402e+02 5.416074818580900174e-02 6.721891766399405721e-02
9.596834099999999808e+02 5.271398561041722858e-02 6.799877326784953269e-02
9.603731699999999591e+02 5.217950460814529262e-02 6.877856104047917751e-02
9.610629900000000134e+02 5.340419781449518011e-02 6.955841664433479177e-02
9.617527499999999918e+02 5.462878449799493663e-02 7.033820441696443659e-02
9.624424999999999955e+02 6.107347571928632701e-02 7.111798088438979482e-02
9.631322000000000116e+02 6.872297817911227069e-02 7.189770082579360899e-02
9.638219000000000278e+02 7.253239870421024360e-02 7.304925197704584261e-02
9.645116000000000440e+02 6.662583500324648078e-02 7.572597556228170823e-02
9.652012300000000096e+02 6.071987077953277384e-02 7.840242747773200349e-02
9.658908699999999499e+02 6.372869833062247413e-02 8.107891820315155096e-02
9.665805100000000039e+02 6.964953398990142430e-02 8.375540892857152864e-02
9.672701399999999694e+02 7.481077135697840330e-02 8.643186084402182390e-02
9.679597199999999475e+02 7.734469876068397753e-02 8.910811870962548342e-02
9.686492899999999509e+02 7.987858941843696547e-02 9.178433776525990462e-02
9.693388700000000426e+02 8.244385593307954063e-02 9.446059563086400823e-02
9.700283799999999701e+02 8.502263744555232927e-02 9.713658182668211127e-02
9.707178999999999860e+02 8.862985479091908814e-02 9.981260683246988286e-02
9.714073499999999513e+02 9.745036602931862746e-02 1.024883601684720980e-01
9.720968599999999924e+02 1.062716448805616914e-01 1.055673216281384080e-01
9.727863200000000461e+02 1.106058177399219244e-01 1.099569310463763550e-01
9.734757100000000491e+02 1.123570705457177660e-01 1.143460947931330129e-01
9.741651600000000144e+02 1.145117247925828835e-01 1.187356405440159746e-01
9.748545500000000175e+02 1.201262139344524971e-01 1.231248042907726187e-01
9.755438799999999446e+02 1.257402144278808309e-01 1.275135860334022375e-01
9.762332800000000361e+02 1.298022569254047298e-01 1.319028134475138669e-01
9.769226099999999633e+02 1.327112181790535694e-01 1.362915951901434719e-01
9.776119400000000041e+02 1.357721051904323684e-01 1.406803769327737985e-01
9.783012099999999691e+02 1.421820584335226900e-01 1.450687766712770999e-01
9.789904800000000478e+02 1.485920116766140942e-01 1.494571764097811228e-01
9.796797500000000127e+02 1.539268972067677765e-01 1.538455761482844242e-01
9.803690199999999777e+02 1.582396507576374067e-01 1.578809527104323707e-01
9.810582299999999805e+02 1.625520288892767229e-01 1.609625666729929128e-01
9.817474399999999832e+02 1.638091864747398818e-01 1.640441806355534826e-01
9.824365800000000490e+02 1.650091807446739389e-01 1.671254816122647591e-01
9.831257299999999759e+02 1.678661385727947541e-01 1.702068273012396216e-01
9.838148800000000165e+02 1.727439132852002790e-01 1.732881729902150114e-01
9.845040299999999434e+02 1.776216879976049989e-01 1.763695186791898739e-01
9.851931200000000217e+02 1.810754969976245410e-01 1.794505960945800838e-01
9.858822000000000116e+02 1.844043133827413250e-01 1.825316287977056806e-01
9.865712899999999763e+02 1.872783439348185419e-01 1.856127062130953631e-01
9.872603100000000040e+02 1.894343286135938276e-01 1.886934706426357800e-01
9.879493400000000065e+02 1.915903445829655050e-01 1.917742797844403102e-01
9.886383700000000090e+02 1.950623635555911450e-01 1.942520940412678365e-01
9.893273299999999608e+02 1.987548165750600282e-01 1.953310406604201466e-01
9.900163000000000011e+02 2.017307924713992173e-01 1.964100029400843717e-01
9.907052599999999529e+02 2.032152162391971384e-01 1.974889495592366817e-01
9.913941700000000310e+02 2.046995322776810067e-01 1.985678178758303325e-01
9.920830700000000206e+02 2.032134800161157495e-01 1.996466705319120682e-01
9.927719700000000103e+02 2.009493344724308794e-01 2.007255231879938040e-01
9.934608799999999746e+02 1.991789982715778673e-01 2.018043915045872605e-01
9.941497200000000021e+02 1.988107543176977909e-01 2.028831501975984219e-01
9.948385600000000295e+02 1.984425103638176868e-01 2.039619088906095834e-01
9.955273399999999810e+02 2.009776326003420710e-01 2.050405736205499485e-01
9.962161300000000210e+02 2.045968516016229422e-01 2.061192540110022564e-01
9.969049099999999726e+02 2.074763933577309094e-01 2.062241582599264045e-01
9.975936900000000378e+02 2.073154547688333127e-01 2.043359584815235830e-01
9.982824100000000271e+02 2.071545301993836519e-01 2.024479231852295003e-01
9.989711300000000165e+02 2.046432829020794764e-01 2.005598878889354175e-01
9.996597900000000436e+02 2.009385095058816295e-01 1.986720170747497405e-01
1.000348449999999957e+03 1.973863075275464618e-01 1.967841462605643965e-01
1.001037109999999984e+03 1.948525943422615148e-01 1.948962754463787195e-01
1.001725770000000011e+03 1.923188811569765400e-01 1.930084046321930702e-01
1.002414369999999963e+03 1.902800601501398459e-01 1.911206983001161042e-01
1.003102970000000028e+03 1.885747117415619012e-01 1.892329919680388606e-01
1.003791560000000004e+03 1.868795497647317005e-01 1.873453130496466057e-01
1.004480099999999993e+03 1.853327021269981500e-01 1.854577711996780731e-01
1.005168639999999982e+03 1.837858544892645718e-01 1.836401414761194006e-01
1.005857179999999971e+03 1.835746471168996363e-01 1.819517092059017016e-01
1.006545650000000023e+03 1.845439529311824756e-01 1.802634485891228544e-01
1.007234130000000050e+03 1.855132728245945661e-01 1.785751634504242347e-01
1.007922609999999963e+03 1.788586034827056581e-01 1.768868783117258925e-01
1.008611020000000053e+03 1.721842727079873070e-01 1.751987648264661801e-01
1.009299440000000004e+03 1.672915952389411876e-01 1.735106268192869172e-01
1.009987849999999980e+03 1.644597317450838259e-01 1.718225133340274546e-01
1.010676270000000045e+03 1.616278271149338697e-01 1.701343753268479142e-01
1.011364619999999945e+03 1.630958905847018359e-01 1.684464089731078085e-01
1.012052919999999972e+03 1.648876926637230789e-01 1.667585652289667042e-01
1.012741269999999986e+03 1.651588295128544326e-01 1.650705988752263487e-01
1.013429570000000012e+03 1.631087192222921978e-01 1.631747735799163601e-01
1.014117859999999951e+03 1.610586387168572442e-01 1.609248255274274841e-01
1.014806090000000040e+03 1.597507250862403860e-01 1.586750736086653957e-01
1.015494320000000016e+03 1.585617666494838207e-01 1.564253216899036680e-01
1.016182559999999967e+03 1.570679056988943667e-01 1.541755370821875082e-01
1.016870790000000056e+03 1.549477947319390925e-01 1.519257851634253920e-01
1.017558959999999956e+03 1.528278685965930583e-01 1.496762293783912012e-01
1.018247129999999970e+03 1.506713641924546931e-01 1.474266735933566497e-01
1.018935240000000022e+03 1.485054949009828873e-01 1.451773139420492464e-01
1.019623349999999959e+03 1.458808146384356352e-01 1.429279542907422040e-01
1.020311460000000011e+03 1.419373879695220997e-01 1.406785946394348008e-01
1.020999569999999949e+03 1.379939613006092025e-01 1.384292349881277584e-01
1.021687620000000038e+03 1.368897734413745404e-01 1.366117239215616508e-01
1.022375670000000014e+03 1.368710349251527347e-01 1.354846779352086861e-01
1.023063719999999989e+03 1.359142563492967415e-01 1.343576319488557214e-01
1.023751710000000003e+03 1.309173314747839878e-01 1.332306842442542716e-01
1.024439699999999903e+03 1.259204066002720390e-01 1.321037365396530161e-01
1.025127690000000030e+03 1.241405164776332865e-01 1.309767888350513998e-01
1.025815550000000030e+03 1.240678512653300147e-01 1.298500540742451026e-01
1.026503539999999930e+03 1.239404618905145389e-01 1.287231063696438471e-01
1.027191409999999905e+03 1.234027954453430220e-01 1.275963552285456770e-01
1.027879269999999906e+03 1.228651368165676883e-01 1.264696204677393521e-01
1.028567140000000109e+03 1.228167682064995325e-01 1.253428693266407934e-01
1.029255000000000109e+03 1.231194507131810056e-01 1.242161345658344962e-01
1.029942870000000084e+03 1.232196625367545512e-01 1.227075875556898760e-01
1.030630619999999908e+03 1.191846798350310738e-01 1.206152877700511772e-01
1.031318479999999909e+03 1.151490517707515621e-01 1.185226533381357888e-01
1.032006229999999960e+03 1.141054432078045106e-01 1.164303535524963962e-01
1.032693970000000036e+03 1.159263526377080494e-01 1.143380841892456673e-01
1.033381710000000112e+03 1.177472620676116022e-01 1.122458148259949384e-01
1.034069340000000011e+03 1.147698843221084675e-01 1.101538801090208991e-01
1.034757080000000087e+03 1.116679049313350908e-01 1.080616107457701702e-01
1.035444700000000012e+03 1.082446762090840953e-01 1.059697064511847947e-01
1.036132319999999936e+03 1.044093701336698821e-01 1.038778021565994192e-01
1.036820069999999987e+03 1.005733389633045316e-01 1.017855023709600126e-01
1.037507569999999987e+03 9.915706474694796491e-02 9.969396314503929657e-02
1.038195189999999911e+03 9.800283703247122946e-02 9.801134039432286837e-02
1.038882810000000063e+03 9.788763449849539888e-02 9.693844329118159187e-02
1.039570310000000063e+03 9.957569079425435121e-02 9.586573342467177850e-02
1.040257810000000063e+03 1.012637470900133174e-01 9.479302355816197900e-02
1.040945310000000063e+03 1.011882105320812686e-01 9.372031369165217951e-02
1.041632810000000063e+03 1.007484608027557488e-01 9.264760382514238002e-02
1.042320310000000063e+03 9.960890682700458687e-02 9.157489395863256665e-02
1.043007689999999911e+03 9.677369668552809889e-02 9.050237132875424417e-02
1.043695189999999911e+03 9.393799158461520193e-02 8.942966146224444468e-02
1.044382569999999987e+03 9.177486546506091747e-02 8.835713883236577526e-02
1.045069950000000063e+03 8.982970813788704323e-02 8.728461620248709196e-02
1.045757319999999936e+03 8.753960224813407687e-02 8.621210917566134169e-02
1.046444700000000012e+03 8.400992182186715895e-02 8.517593253591279612e-02
1.047131959999999935e+03 8.048085759282982976e-02 8.419356094324349782e-02
1.047819340000000011e+03 7.993345232700890812e-02 8.321101782219880727e-02
1.048506589999999960e+03 8.078708631237055404e-02 8.222866052356074540e-02
1.049193850000000111e+03 8.120013657087736536e-02 8.124628893089111403e-02
1.049881100000000060e+03 7.896475953886528121e-02 8.026393163225305216e-02
1.050568359999999984e+03 7.672934998045047306e-02 7.928156003958375386e-02
1.051255490000000009e+03 7.613687323687369501e-02 7.829937426932073730e-02
1.051942749999999933e+03 7.661731015387654442e-02 7.731700267665143900e-02
1.052629879999999957e+03 7.696145452544507493e-02 7.633481690638843631e-02
1.053317019999999957e+03 7.540803307385769705e-02 7.535261684209419719e-02
1.054004149999999981e+03 7.385463422932926625e-02 7.437043107183119450e-02
1.054691280000000006e+03 7.413062624361292652e-02 7.350871618685363151e-02
1.055378300000000081e+03 7.603717175149993235e-02 7.282634186579893532e-02
1.056065430000000106e+03 7.794402251979531959e-02 7.214385828857225458e-02
1.056752439999999979e+03 7.719947817311693938e-02 7.146149389989703282e-02
1.057439450000000079e+03 7.643021203071656555e-02 7.077912951122158902e-02
1.058126459999999952e+03 7.433526738120982413e-02 7.009676512254636727e-02
1.058813480000000027e+03 7.063431032025639655e-02 6.941439080149167107e-02
1.059500489999999900e+03 6.693340712901763023e-02 6.873202641281644931e-02
1.060187380000000076e+03 6.839250184106884789e-02 6.804978121269224245e-02
1.060874270000000024e+03 7.033931565284017029e-02 6.736753601256827151e-02
1.061561159999999973e+03 7.046315420600132717e-02 6.668529081244428669e-02
1.062248049999999921e+03 6.754385014317676461e-02 6.600304561232031575e-02
1.062934940000000097e+03 6.462454608035124448e-02 6.527476207827714871e-02
1.063621830000000045e+03 6.346384699107587846e-02 6.447618286926064257e-02
1.064308590000000095e+03 6.264835573226860965e-02 6.367775479841342179e-02
1.064995480000000043e+03 6.217100022584963470e-02 6.287917558939691565e-02
1.065682250000000067e+03 6.249517293833387055e-02 6.208073589253668839e-02
1.066369020000000091e+03 6.281934565081810640e-02 6.128229619567646114e-02
1.067055659999999989e+03 6.284834583323055390e-02 6.048400763698576904e-02
1.067742430000000013e+03 6.278286488523410203e-02 5.968556794012554179e-02
1.068429080000000113e+03 6.181257134298900890e-02 5.888726775542157954e-02
1.069115839999999935e+03 5.759506292111794129e-02 5.808883968457462244e-02
1.069802490000000034e+03 5.337823002770694658e-02 5.729053949987066019e-02
1.070489139999999907e+03 5.416468189636602926e-02 5.649223931516696856e-02
1.071175780000000032e+03 5.732290879444710413e-02 5.582976693616718139e-02
1.071862300000000005e+03 5.989635885426162348e-02 5.538394931732684018e-02
1.072548950000000104e+03 5.884123645354438076e-02 5.493804727809015187e-02
1.073235470000000078e+03 5.778631381385855581e-02 5.449222965924981066e-02
1.073922000000000025e+03 5.666379076775040352e-02 5.404640554653285245e-02
1.074608519999999999e+03 5.549598020011584781e-02 5.360058792769251818e-02
1.075295039999999972e+03 5.445875908080616279e-02 5.315477030885217696e-02
1.075981569999999920e+03 5.551673153987663617e-02 5.270894619613521875e-02
1.076667969999999968e+03 5.657450366331782943e-02 5.226320650381446886e-02
1.077354370000000017e+03 5.554726378547805016e-02 5.181746681149371897e-02
1.078040770000000066e+03 5.258169925555943036e-02 5.137172711917296908e-02
1.078727169999999887e+03 4.961613472564179589e-02 5.092598742685236490e-02
1.079413569999999936e+03 5.181633917757369479e-02 5.065665984277092221e-02
1.080099979999999960e+03 5.413500776384198854e-02 5.068690854987085298e-02
1.080786250000000109e+03 5.464805350954358987e-02 5.071715108745257494e-02
1.081472659999999905e+03 5.283540303016850265e-02 5.074739979455249184e-02
1.082158940000000030e+03 5.102309585080612442e-02 5.077764277281408833e-02
1.082845209999999952e+03 4.907171612744757466e-02 5.080788531039580336e-02
1.083531369999999924e+03 4.710455923498620828e-02 5.083812300049892624e-02
1.084217650000000049e+03 4.631734609163702665e-02 5.086836597876052274e-02
1.084903929999999946e+03 4.767430504414960774e-02 5.089860895702210536e-02
1.085590089999999918e+03 4.903102672459510453e-02 5.092884664712522824e-02
1.086276249999999891e+03 4.991506273208177330e-02 5.095908433722835112e-02
1.086962399999999889e+03 5.069101820215580340e-02 5.098932158665160641e-02
1.087648560000000089e+03 5.098837812798791974e-02 5.096361511020364166e-02
1.088334589999999935e+03 5.001077929574605785e-02 5.083482922795534709e-02
1.089020749999999907e+03 4.903299521235145175e-02 5.070601894128639459e-02
1.089706789999999955e+03 5.009780840720715056e-02 5.057723118177493565e-02
1.090392820000000029e+03 5.191297922774333606e-02 5.044844529952659945e-02
1.091078860000000077e+03 5.323653822942919084e-02 5.031965754001514052e-02
1.091764889999999923e+03 5.245740711375741772e-02 5.019087165776685289e-02
1.092450810000000047e+03 5.167840092618282422e-02 5.006210642541289446e-02
1.093136839999999893e+03 5.196203233997856441e-02 4.993332054316459989e-02
1.093822750000000042e+03 5.282405064838007619e-02 4.980455718807376420e-02
1.094508669999999938e+03 5.335881786946361505e-02 4.967579195571985434e-02
1.095194580000000087e+03 5.112519655192953455e-02 4.954702860062901865e-02
1.095880490000000009e+03 4.889157523439618958e-02 4.976750409412043080e-02
1.096566409999999905e+03 4.854047358061860939e-02 5.070222526502994598e-02
1.097252199999999903e+03 4.964775476756462524e-02 5.163676928153061035e-02
1.097937989999999900e+03 5.075857870102476466e-02 5.257131329803126779e-02
1.098623779999999897e+03 5.203595156305882569e-02 5.350585731453192523e-02
1.099309569999999894e+03 5.331332442509288672e-02 5.444040133103258960e-02
1.099995359999999891e+03 5.543748205685982561e-02 5.537494534753324704e-02
1.100681149999999889e+03 5.848400666385526747e-02 5.630948936403390448e-02
1.101366819999999962e+03 6.152999818790606812e-02 5.724386985338790479e-02
1.102052490000000034e+03 6.139039951064367145e-02 5.817825034274190510e-02
1.102738160000000107e+03 6.103199715642194240e-02 5.911263083209589847e-02
1.103423829999999953e+03 6.076318269273228018e-02 6.004701132144958653e-02
1.104109500000000025e+03 6.063278779314555667e-02 6.114473535333139753e-02
1.104795170000000098e+03 6.050239289355882621e-02 6.262220662125463078e-02
1.105480710000000045e+03 6.213529871233017948e-02 6.409939776715849191e-02
1.106166259999999966e+03 6.407964950408127913e-02 6.557661046090992873e-02
1.106851809999999887e+03 6.547496745254655082e-02 6.705382315466136556e-02
1.107537350000000060e+03 6.562876244701193462e-02 6.853101430056572629e-02
1.108222899999999981e+03 6.578255968489113426e-02 7.000822699431716312e-02
1.108908449999999903e+03 6.810520717814858016e-02 7.148543968806859994e-02
1.109593869999999924e+03 7.109964359512535581e-02 7.296237225980116425e-02
1.110279299999999921e+03 7.382255076565749641e-02 7.443932637938129038e-02
1.110964719999999943e+03 7.558029644499508759e-02 7.591625895111385469e-02
1.111650149999999940e+03 7.733806776912965919e-02 7.739321307069399469e-02
1.112335569999999962e+03 7.884942476142341172e-02 7.864858271005097101e-02
1.113020999999999958e+03 8.024264093051641789e-02 7.930135943822780309e-02
1.113706300000000056e+03 8.116223261070300288e-02 7.995401235948838836e-02
1.114391599999999926e+03 7.896895050668459315e-02 8.060666528074876547e-02
1.115076900000000023e+03 7.677566840266546178e-02 8.125931820200935074e-02
1.115762210000000096e+03 7.792928583537546416e-02 8.191198064687886526e-02
1.116447509999999966e+03 8.142633089552264725e-02 8.256463356813922849e-02
1.117132689999999911e+03 8.469492188278070210e-02 8.321717220609228804e-02
1.117817990000000009e+03 8.297108251507931409e-02 8.386982512735288720e-02
1.118503169999999955e+03 8.124754500163793025e-02 8.452236376530594675e-02
1.119188349999999900e+03 8.165301374255631850e-02 8.517490240325900630e-02
1.119873540000000048e+03 8.419441606321587113e-02 8.582745056482120327e-02
1.120558590000000095e+03 8.673529911721193641e-02 8.623404051460928366e-02
1.121243770000000040e+03 8.704243056736747641e-02 8.582891074782966756e-02
1.121928830000000062e+03 8.724318080918562479e-02 8.542385193404340715e-02
1.122613890000000083e+03 8.660890746442258259e-02 8.501879312025713287e-02
1.123298950000000104e+03 8.477218434878619480e-02 8.461373430647087246e-02
1.123984009999999898e+03 8.293546123315041763e-02 8.420867549268475083e-02
1.124669069999999920e+03 8.349660407493667003e-02 8.380361667889849042e-02
1.125354000000000042e+03 8.443201325334687146e-02 8.339863473085500079e-02
1.126039060000000063e+03 8.465670275885200935e-02 8.299357591706874038e-02
1.126723999999999933e+03 8.336865288314077027e-02 8.258858805627596056e-02
1.127408940000000030e+03 8.208060300742911486e-02 8.218360019548304196e-02
1.128093869999999924e+03 8.162613032787678635e-02 8.177861824743970498e-02
1.128778690000000097e+03 8.141431133821694366e-02 8.142171464109669576e-02
1.129463619999999992e+03 8.135969058676235932e-02 8.126716191043818760e-02
1.130148439999999937e+03 8.183379481202505967e-02 8.111263400100281185e-02
1.130833249999999907e+03 8.230789211423902851e-02 8.095810834804227640e-02
1.131518070000000080e+03 8.179505965892316932e-02 8.080358043860685902e-02
1.132202880000000050e+03 8.082506821331680857e-02 8.064905478564630970e-02
1.132887699999999995e+03 8.011812177768079524e-02 8.049452687621093394e-02
1.133572390000000041e+03 8.105946660182537788e-02 8.034002830094835734e-02
1.134257080000000087e+03 8.200081142596997441e-02 8.018552972568578074e-02
1.134941769999999906e+03 8.211616885935980881e-02 8.003103115042325966e-02
1.135626459999999952e+03 8.166161874660438080e-02 7.987653257516066918e-02
1.136311159999999973e+03 8.114336934811712532e-02 7.972203174342326615e-02
1.136995850000000019e+03 7.929343206614598849e-02 7.947023649288309510e-02
1.137680419999999913e+03 7.744381900750822723e-02 7.865264888415984812e-02
1.138364990000000034e+03 7.510347633653123578e-02 7.783506127543635134e-02
1.139049559999999929e+03 7.227100174439286817e-02 7.701747366671310435e-02
1.139734130000000050e+03 6.943852715225355687e-02 7.619988605798959369e-02
1.140418699999999944e+03 6.933135479046002858e-02 7.538229844926636058e-02
1.141103149999999914e+03 6.935934981515859410e-02 7.456485415753479062e-02
1.141787720000000036e+03 6.893739044415279904e-02 7.374726654881127996e-02
1.142472170000000006e+03 6.785738115863763908e-02 7.292982225707971000e-02
1.143156619999999975e+03 6.677737187312246525e-02 7.211237796534814004e-02
1.143841059999999970e+03 6.780893290915879223e-02 7.129494561669917629e-02
1.144525509999999940e+03 6.918680329821680353e-02 7.047750132496760633e-02
1.145209839999999986e+03 6.969941544861850413e-02 6.968254355837527614e-02
1.145894289999999955e+03 6.830578002311005203e-02 6.909540741696994226e-02
1.146578610000000026e+03 6.691240929568792462e-02 6.850838279240049900e-02
1.147262940000000071e+03 6.542399498457626694e-02 6.792134958961293378e-02
1.147947269999999889e+03 6.390643079382206382e-02 6.733431638682556286e-02
1.148631470000000036e+03 6.280478139847534003e-02 6.674739470087387438e-02
1.149315800000000081e+03 6.319706225529825305e-02 6.616036149808630917e-02
1.150000000000000000e+03 6.358926859177069235e-02 6.557343981213481499e-02
1.150684199999999919e+03 6.353675771764531743e-02 6.498651812618333468e-02
1.151368410000000040e+03 6.326549261204401919e-02 6.439958786201351038e-02
1.152052609999999959e+03 6.300667963631968738e-02 6.381266617606203007e-02
1.152736820000000080e+03 6.283697855566486301e-02 6.322573591189221964e-02
1.153420900000000074e+03 6.266730971824020779e-02 6.265430822887754769e-02
1.154104980000000069e+03 6.314701182279634784e-02 6.242526247896473118e-02
1.154789060000000063e+03 6.410748841656942199e-02 6.219621672905192161e-02
1.155473140000000058e+03 6.505446201948526797e-02 6.196717097913911204e-02
1.156157230000000027e+03 6.550696271994452258e-02 6.173812188099584569e-02
1.156841310000000021e+03 6.595945680576684178e-02 6.150907613108303612e-02
1.157525270000000091e+03 6.515023661236897523e-02 6.128007055993582586e-02
1.158209229999999934e+03 6.296598233597555661e-02 6.105106498878869192e-02
1.158893190000000004e+03 6.078172805958140246e-02 6.082205941764148166e-02
1.159577150000000074e+03 6.091009601028833653e-02 6.059305384649427140e-02
1.160261109999999917e+03 6.121242612248215670e-02 6.036404827534713746e-02
1.160945069999999987e+03 6.099184677670717314e-02 6.013504270419992720e-02
1.161628909999999905e+03 5.992399783882595282e-02 5.990607731181839951e-02
1.162312740000000076e+03 5.885616451642366326e-02 5.948136373145618966e-02
1.162996579999999994e+03 5.951206740941120121e-02 5.905356340516233066e-02
1.163680419999999913e+03 6.051376883118603917e-02 5.862576307886847166e-02
1.164364260000000058e+03 6.071995026065701156e-02 5.819796275257447388e-02
1.165047970000000078e+03 5.892094626288629095e-02 5.777024375238375836e-02
1.165731809999999996e+03 5.712160020412548889e-02 5.734244342608989936e-02
1.166415529999999990e+03 5.577454984739505656e-02 5.691471817004511297e-02
1.167099240000000009e+03 5.459058588435074938e-02 5.648699916985439745e-02
1.167782840000000078e+03 5.379133821236432161e-02 5.605934898405867672e-02
1.168466550000000097e+03 5.468019263442089328e-02 5.563162998386796815e-02
1.169150270000000091e+03 5.556906005693701411e-02 5.520390472782317481e-02
1.169833859999999959e+03 5.485068454755941125e-02 5.477626079788167762e-02
1.170517460000000028e+03 5.321350655929828893e-02 5.417923847971219814e-02
1.171201049999999896e+03 5.170336492173168569e-02 5.356779240801633896e-02
1.171884639999999990e+03 5.153273294001174676e-02 5.295634633632027854e-02
1.172568119999999908e+03 5.136212841556592190e-02 5.234499865557199622e-02
1.173251710000000003e+03 5.184165552662161475e-02 5.173355258387593580e-02
1.173935179999999946e+03 5.288203877402808395e-02 5.112221384775923749e-02
1.174618649999999889e+03 5.392242202143455315e-02 5.051087511164253918e-02
1.175302120000000059e+03 5.110011100185211236e-02 4.989953637552563270e-02
1.175985599999999977e+03 4.822600856489686616e-02 4.928818869477735037e-02
1.176668949999999995e+03 4.674598236678938895e-02 4.867695729423981293e-02
1.177352419999999938e+03 4.706301824666834360e-02 4.806561855812310768e-02
1.178035769999999957e+03 4.737999846308647844e-02 4.745438715758557024e-02
1.178719119999999975e+03 4.704520491662844695e-02 4.717482484676503718e-02
1.179402469999999994e+03 4.662702317640142480e-02 4.695198568734278849e-02
1.180085690000000113e+03 4.678181018093535010e-02 4.672918892067784435e-02
1.180769039999999904e+03 4.806771048783381461e-02 4.650634976125567199e-02
1.181452269999999999e+03 4.935338498360117288e-02 4.628354973360939567e-02
1.182135500000000093e+03 5.019352438360668439e-02 4.606074970596312629e-02
1.182818729999999960e+03 5.091194231971037099e-02 4.583794967831692629e-02
1.183501950000000079e+03 5.109567856631233584e-02 4.561515291165198216e-02
1.184185179999999946e+03 4.953487053398949319e-02 4.539235288400578910e-02
1.184868289999999888e+03 4.797433663623884570e-02 4.516959198813556842e-02
1.185551390000000083e+03 4.648179098642298696e-02 4.494683435324659665e-02
1.186234500000000025e+03 4.502066592937489786e-02 4.472407345737637596e-02
1.186917599999999993e+03 4.389183496981749477e-02 4.442895378935962647e-02
1.187600709999999935e+03 4.493672410440637671e-02 4.411362442850968318e-02
1.188283809999999903e+03 4.598159794293558977e-02 4.379829968374440718e-02
1.188966799999999921e+03 4.541704348496330979e-02 4.348302571591063093e-02
1.189649779999999964e+03 4.369307010256664320e-02 4.316775636416153583e-02
1.190332760000000007e+03 4.202020397248154571e-02 4.285248701241243380e-02
1.191015750000000025e+03 4.200877636062332054e-02 4.253721304457866448e-02
1.191698730000000069e+03 4.199734891608250531e-02 4.222194369282956244e-02
1.192381589999999960e+03 4.169613983316962369e-02 4.190672973409673846e-02
1.193064579999999978e+03 4.107859480290339954e-02 4.159145576626296914e-02
1.193747440000000097e+03 4.046116731587189042e-02 4.127624180753004107e-02
1.194430299999999988e+03 4.073011729886558130e-02 4.096102784879721709e-02
1.195113160000000107e+03 4.106934987112345614e-02 4.067971871804275386e-02
1.195795900000000074e+03 4.058858393685502164e-02 4.041263296132233812e-02
1.196478759999999966e+03 3.873741478736104915e-02 4.014550026097655350e-02
1.197161499999999933e+03 3.688657094656549312e-02 3.987841450425613776e-02
1.197844239999999900e+03 3.719078289920767222e-02 3.961132874753572203e-02
1.198526980000000094e+03 3.796077038104567897e-02 3.934424299081521609e-02
1.199209720000000061e+03 3.853621729493304782e-02 3.907715723409480035e-02
1.199892329999999902e+03 3.858563399351535445e-02 3.881012233296862041e-02
1.200575070000000096e+03 3.863506010328536522e-02 3.854303657624811447e-02
1.201257689999999911e+03 3.848710416205399637e-02 3.827599776315315783e-02
1.201940309999999954e+03 3.826141755514055748e-02 3.800895895005811098e-02
1.202622920000000022e+03 3.792599387498549190e-02 3.774192404893184083e-02
1.203305540000000065e+03 3.703396963735780534e-02 3.751298700880330295e-02
1.203988039999999955e+03 3.614210221158539738e-02 3.730705705261102428e-02
1.204670650000000023e+03 3.567856448177907092e-02 3.710109390624260345e-02
1.205353149999999914e+03 3.548697089220217982e-02 3.689516395005032479e-02
1.206035640000000058e+03 3.529372647550466785e-02 3.668923701114670116e-02
1.206718139999999948e+03 3.507402778267055404e-02 3.648330705495442250e-02
1.207400509999999940e+03 3.485437093720646778e-02 3.627741632351567241e-02
1.208083010000000058e+03 3.445552209645647013e-02 3.607148636732332436e-02
1.208765380000000050e+03 3.388149918449091802e-02 3.586559563588457428e-02
1.209447750000000042e+03 3.330747627252536591e-02 3.565970490444582419e-02
1.210130130000000008e+03 3.411975617720405807e-02 3.545381115571834274e-02
1.210812500000000000e+03 3.500129465359249487e-02 3.524792042427959265e-02
1.211494750000000067e+03 3.497282792354530767e-02 3.489533278527048171e-02
1.212177120000000059e+03 3.357157552958128094e-02 3.441665361552703750e-02
1.212859380000000101e+03 3.217054902151972318e-02 3.393805161023783629e-02
1.213541629999999941e+03 3.213290327818695696e-02 3.345945661989917219e-02
1.214223880000000008e+03 3.234522702068928779e-02 3.298086162956034850e-02
1.214906009999999924e+03 3.211202642539701113e-02 3.250235081862630493e-02
1.215588259999999991e+03 3.079406662114187593e-02 3.202375582828748124e-02
1.216270389999999907e+03 2.947633863099698506e-02 3.154524501735344461e-02
1.216952510000000075e+03 2.965788032223030599e-02 3.106674122136961549e-02
1.217634639999999990e+03 3.037461127919783427e-02 3.058823041043557539e-02
1.218316769999999906e+03 3.079943964369078607e-02 3.010971959950153182e-02
1.218998900000000049e+03 2.991853444769255327e-02 2.963120878856733212e-02
1.219680910000000040e+03 2.903778422013677737e-02 2.948823419393532472e-02
1.220363039999999955e+03 2.872491929898695132e-02 2.975953052016661396e-02
1.221045039999999972e+03 2.874808053278067599e-02 3.003077514287748329e-02
1.221727049999999963e+03 2.867268706583264368e-02 3.030202374278222546e-02
1.222408940000000030e+03 2.736281499790839400e-02 3.057322461636042057e-02
1.223090940000000046e+03 2.605273162621461400e-02 3.084446923907128990e-02
1.223772830000000113e+03 2.566164734801003322e-02 3.111567011264948501e-02
1.224454709999999977e+03 2.612215370340510018e-02 3.138686700903371707e-02
1.225136600000000044e+03 2.658266681228119849e-02 3.165806788261191218e-02
1.225818479999999909e+03 2.839720112419333656e-02 3.192926477899614424e-02
1.226500369999999975e+03 3.026229637797647753e-02 3.220046565257433935e-02
1.227182129999999916e+03 3.188380718691329746e-02 3.247161482263202781e-02
1.227864010000000007e+03 3.315401447401660623e-02 3.247493150256176853e-02
1.228545779999999922e+03 3.442401685292227620e-02 3.198587947528909459e-02
1.229227540000000090e+03 3.207009761108066404e-02 3.149683462128621131e-02
1.229909180000000106e+03 2.909576740104292958e-02 3.100787584652317866e-02
1.230590940000000046e+03 2.715802754635555233e-02 3.051883099252046191e-02
1.231272580000000062e+03 2.766195980114482048e-02 3.002987221775742580e-02
1.231954349999999977e+03 2.816598816413353953e-02 2.954082019048475186e-02
1.232635989999999993e+03 2.781606374651081001e-02 2.905186141572171574e-02
1.233317630000000008e+03 2.717055127784711796e-02 2.856290264095867962e-02
1.233999150000000100e+03 2.664463840623667798e-02 2.807402994543532065e-02
1.234680789999999888e+03 2.663880516430155998e-02 2.758507117067245107e-02
1.235362300000000005e+03 2.663297303486196477e-02 2.709620564841905277e-02
1.236043820000000096e+03 2.678809524171628723e-02 2.676834549986462433e-02
1.236725339999999960e+03 2.703740704161844421e-02 2.691738905980097310e-02
1.237406860000000052e+03 2.734552378129404340e-02 2.706643261973737391e-02
1.238088379999999916e+03 2.838026844591805264e-02 2.721547617967372615e-02
1.238769780000000083e+03 2.941483091580171516e-02 2.736449349646659368e-02
1.239451170000000047e+03 2.985528903989668331e-02 2.751350862633078834e-02
1.240132569999999987e+03 2.974355340236080336e-02 2.766252594312360730e-02
1.240813959999999952e+03 2.963181940462001132e-02 2.781154107298780195e-02
1.241495359999999891e+03 2.961051634710223576e-02 2.796055838978061744e-02
1.242176760000000058e+03 2.959278411531615985e-02 2.810957570657348498e-02
1.242858030000000099e+03 2.941236463916260466e-02 2.825856459329414636e-02
1.243539309999999887e+03 2.899340214375761490e-02 2.840755566694338000e-02
1.244220579999999927e+03 2.857444579798984821e-02 2.859111993715996933e-02
1.244901859999999942e+03 3.006498344045015897e-02 2.897392361783433790e-02
1.245583129999999983e+03 3.189618919360490135e-02 2.935672167961956430e-02
1.246264280000000099e+03 3.272514563898305806e-02 2.973945231473491477e-02
1.246945429999999988e+03 3.111976901475412699e-02 3.012218294985013686e-02
1.247626590000000078e+03 2.951436882190364847e-02 3.050491920385463296e-02
1.248307739999999967e+03 2.931445522941467444e-02 3.088764983896985852e-02
1.248988890000000083e+03 2.962373805197070220e-02 3.127038047408520899e-02
1.249670039999999972e+03 2.998612601617217654e-02 3.165311110920043108e-02
1.250351069999999936e+03 3.059553993269938793e-02 3.203577431764578071e-02
1.251032099999999900e+03 3.120495384922659585e-02 3.241843752609113033e-02
1.251713130000000092e+03 3.211546601940173939e-02 3.280110073453660485e-02
1.252394170000000031e+03 3.321110310450650638e-02 3.318739647219308420e-02
1.253075199999999995e+03 3.432336670247270599e-02 3.366396926661208849e-02
1.253756100000000060e+03 3.568704736095298924e-02 3.414045108932172584e-02
1.254437130000000025e+03 3.705098837849549187e-02 3.461702388374072320e-02
1.255118040000000065e+03 3.776017983718399362e-02 3.509351270427414626e-02
1.255798950000000104e+03 3.782509599688683999e-02 3.557000152480756933e-02
1.256479739999999993e+03 3.789000071610684750e-02 3.604640637145525850e-02
1.257160640000000058e+03 3.778708942154353906e-02 3.652288819416489585e-02
1.257841429999999946e+03 3.767459074866563035e-02 3.699929304081258502e-02
1.258522220000000061e+03 3.793664568567881729e-02 3.747569788746042685e-02
1.259202999999999975e+03 3.879031023360342278e-02 3.795209573628433031e-02
1.259883790000000090e+03 3.964398732103514844e-02 3.842850058293217907e-02
1.260564579999999978e+03 3.901542631912923581e-02 3.890490542957986825e-02
1.261245239999999967e+03 3.808156152154974078e-02 3.873959362410403506e-02
1.261926030000000083e+03 3.758872407917652342e-02 3.852191757520417870e-02
1.262606690000000071e+03 3.828405588343071486e-02 3.830428309255291819e-02
1.263287350000000060e+03 3.897938768768490631e-02 3.808664860990165768e-02
1.263968020000000024e+03 3.911546772246315973e-02 3.786901092984667344e-02
1.264648560000000089e+03 3.902532156106562622e-02 3.765141481604021567e-02
1.265329220000000078e+03 3.887250109392324793e-02 3.743378033338895516e-02
1.266009769999999889e+03 3.837329398119971452e-02 3.721618102217884305e-02
1.266690309999999954e+03 3.787409420382406577e-02 3.699858490837238528e-02
1.267370850000000019e+03 3.729378063042656372e-02 3.678098879456592751e-02
1.268051269999999931e+03 3.665811559594799734e-02 3.656343104960434187e-02
1.268731809999999996e+03 3.611002436193060106e-02 3.634583493579788410e-02
1.269412229999999909e+03 3.799390959463350148e-02 3.653780003040715818e-02
1.270092650000000049e+03 3.987779482733703335e-02 3.682844846501886343e-02
1.270773069999999962e+03 4.003254811690969833e-02 3.711909689963047154e-02
1.271453490000000102e+03 3.827936883379443045e-02 3.740974533424218373e-02
1.272133910000000014e+03 3.652618955067975237e-02 3.770039376885379184e-02
1.272814210000000003e+03 3.651330812436688611e-02 3.799099094422532519e-02
1.273494509999999991e+03 3.666031492180550633e-02 3.828158811959685853e-02
1.274174800000000005e+03 3.676777112860599162e-02 3.857218102336506388e-02
1.274855099999999993e+03 3.680368500243921120e-02 3.886277819873659722e-02
1.275535399999999981e+03 3.683959887627242386e-02 3.915337537410813057e-02
1.276215580000000045e+03 3.797816272769408835e-02 3.944392129023959609e-02
1.276895870000000059e+03 3.939964298595782788e-02 3.973451419400779450e-02
1.277576049999999896e+03 4.037000358712469761e-02 3.945956806511737719e-02
1.278256229999999960e+03 3.987925206300264175e-02 3.892130489501616220e-02
1.278936279999999897e+03 3.938859433419682199e-02 3.838314460093626007e-02
1.279616459999999961e+03 3.821669161484377714e-02 3.784488143083504508e-02
1.280296509999999898e+03 3.671789574721263244e-02 3.730672113675514989e-02
1.280976560000000063e+03 3.542489419068156620e-02 3.676856084267506736e-02
1.281656739999999900e+03 3.571199497043529847e-02 3.623029767257403277e-02
1.282336669999999913e+03 3.599899022636461610e-02 3.569223234097519681e-02
1.283016720000000078e+03 3.616829730653107339e-02 3.515407204689512122e-02
1.283696779999999990e+03 3.624300188911851878e-02 3.461590383927515280e-02
1.284376710000000003e+03 3.631769219120758313e-02 3.407783850767631684e-02
1.285056640000000016e+03 3.431971283705410880e-02 3.353977317607748782e-02
1.285736570000000029e+03 3.230900703982620553e-02 3.317975485364185739e-02
1.286416500000000042e+03 3.186287969982360552e-02 3.296316877499443770e-02
1.287096309999999903e+03 3.346648919589401833e-02 3.274662092135469799e-02
1.287776249999999891e+03 3.507040535005227083e-02 3.253003165728998725e-02
1.288456050000000005e+03 3.444703660535222006e-02 3.231348698906746919e-02
1.289135860000000093e+03 3.349563653934160140e-02 3.209693913542765314e-02
1.289815669999999955e+03 3.245971465127607536e-02 3.188039128178791343e-02
1.290495359999999891e+03 3.123612848873049547e-02 3.166388165315577735e-02
1.291175169999999980e+03 3.001232630073259050e-02 3.144733379951596824e-02
1.291854859999999917e+03 3.000115808957458038e-02 3.123082417088383217e-02
1.292534550000000081e+03 3.039684435297431570e-02 3.101431454225162324e-02
1.293214230000000043e+03 3.069958312348670948e-02 3.079780809903678515e-02
1.293893919999999980e+03 3.059861395791111521e-02 3.058318645461657187e-02
1.294573489999999993e+03 3.049766261855021282e-02 3.037120289643030144e-02
1.295253169999999955e+03 3.064413702252833868e-02 3.015918502508808247e-02
1.295932739999999967e+03 3.093891442637336855e-02 2.994720146690181550e-02
1.296612300000000005e+03 3.113987899171538273e-02 2.973522102809335321e-02
1.297291870000000017e+03 2.995507495140212195e-02 2.952323746990708625e-02
1.297971309999999903e+03 2.877049756106662276e-02 2.931129446363245697e-02
1.298650879999999916e+03 2.816354487799741652e-02 2.909931090544618654e-02
1.299330320000000029e+03 2.813217452321861364e-02 2.888736789917148440e-02
1.300009769999999889e+03 2.810080370673084110e-02 2.867542177351904698e-02
1.300689210000000003e+03 2.822662416680726469e-02 2.846347876724434484e-02
1.301368649999999889e+03 2.836270230141056670e-02 2.825153576096971209e-02
1.302047970000000078e+03 2.784624220544426945e-02 2.797925525387204987e-02
1.302727290000000039e+03 2.624732915316100798e-02 2.755362892669119268e-02
1.303406739999999900e+03 2.464811012034333684e-02 2.712792114832018528e-02
1.304085939999999937e+03 2.499730875181012738e-02 2.670237000685331957e-02
1.304765259999999898e+03 2.579282912307443235e-02 2.627674367967245891e-02
1.305444580000000087e+03 2.632125766703760986e-02 2.585111735249145601e-02
1.306123779999999897e+03 2.605056770235136474e-02 2.542556621102473255e-02
1.306802979999999934e+03 2.577987773766502941e-02 2.500001506955786684e-02
1.307482299999999896e+03 2.534911169480173060e-02 2.457438874237700618e-02
1.308161380000000008e+03 2.484572693111271671e-02 2.414891278662413543e-02
1.308840580000000045e+03 2.431335395971318328e-02 2.372336164515726625e-02
1.309519780000000083e+03 2.357719089226783388e-02 2.329781050369040055e-02
1.310198849999999993e+03 2.284116872764765938e-02 2.289920455693005702e-02
1.310877930000000106e+03 2.237118169374489179e-02 2.266626066435617828e-02
1.311557009999999991e+03 2.210966575634883483e-02 2.243331677178237935e-02
1.312236079999999902e+03 2.184815366998559688e-02 2.220037630949502419e-02
1.312915040000000090e+03 2.192168255617791064e-02 2.196747358035857842e-02
1.313594119999999975e+03 2.199607190367331225e-02 2.173452968778477948e-02
1.314273069999999962e+03 2.197775490586900693e-02 2.150163038893486075e-02
1.314952029999999922e+03 2.183829474074550775e-02 2.126872765979849131e-02
1.315630979999999909e+03 2.169883662964824239e-02 2.103582836094856912e-02
1.316309809999999970e+03 2.157431801087661416e-02 2.080297022553607988e-02
1.316988769999999931e+03 2.145201202059943482e-02 2.057006749639971391e-02
1.317667599999999993e+03 2.107334310892064119e-02 2.033720936098722468e-02
1.318346440000000030e+03 2.011186122316706987e-02 2.010434779528828819e-02
1.319025270000000091e+03 1.915039350101439483e-02 1.991210246118459495e-02
1.319704099999999926e+03 1.899860009188458071e-02 1.972020053872686543e-02
1.320382810000000063e+03 1.912970634839442421e-02 1.952833253968241575e-02
1.321061519999999973e+03 1.933572328032769766e-02 1.933646454063802853e-02
1.321740360000000010e+03 1.989151776373405608e-02 1.914455979122912585e-02
1.322419069999999920e+03 2.044720581074463417e-02 1.895269179218474209e-02
1.323097659999999905e+03 2.072868948115843407e-02 1.876085771655369716e-02
1.323776370000000043e+03 2.083653321190728422e-02 1.856898971750924748e-02
1.324454960000000028e+03 2.087832478994277111e-02 1.837715564187820602e-02
1.325133669999999938e+03 1.959035738467977683e-02 1.818528764283381879e-02
1.325812259999999924e+03 1.830261769978119846e-02 1.799345356720277733e-02
1.326490720000000010e+03 1.776654047728853936e-02 1.780165624193618540e-02
1.327169309999999996e+03 1.803686163181867155e-02 1.773013493460934634e-02
1.327847899999999981e+03 1.830718278634880028e-02 1.768174941411043699e-02
1.328526370000000043e+03 1.830243502158600613e-02 1.763337244997465261e-02
1.329204829999999902e+03 1.827293087624588808e-02 1.758499619886914889e-02
1.329883299999999963e+03 1.847462878393926755e-02 1.753661923473336451e-02
1.330561770000000024e+03 1.910276683702070988e-02 1.748824227059758360e-02
1.331240109999999959e+03 1.973078453408496843e-02 1.743987457585520831e-02
1.331918580000000020e+03 1.911721213779104742e-02 1.739149761171942393e-02
1.332596919999999955e+03 1.816625380105792165e-02 1.734312991697704864e-02
1.333275270000000091e+03 1.740864554537405878e-02 1.729476150920439617e-02
1.333953610000000026e+03 1.733340558360714490e-02 1.724639381446202088e-02
1.334631840000000011e+03 1.725817782279519610e-02 1.719803396305251419e-02
1.335310179999999946e+03 1.695798649911742922e-02 1.709328866565278104e-02
1.335988399999999956e+03 1.653930649750427057e-02 1.696216350732514602e-02
1.336666629999999941e+03 1.616705735444877792e-02 1.683103641562547909e-02
1.337344849999999951e+03 1.627061606596577961e-02 1.669991125729784406e-02
1.338022950000000037e+03 1.637415645445283036e-02 1.656880929943464406e-02
1.338701170000000047e+03 1.673287893835619447e-02 1.643768414110700904e-02
1.339379269999999906e+03 1.732468699179715022e-02 1.630658218324385067e-02
1.340057369999999992e+03 1.791649504523830025e-02 1.617548022538065067e-02
1.340735470000000078e+03 1.671775125849686225e-02 1.604437826751745066e-02
1.341413569999999936e+03 1.543708894199093823e-02 1.591327630965429576e-02
1.342091550000000097e+03 1.482744797988885289e-02 1.578219755225553078e-02
1.342769649999999956e+03 1.526873576987394614e-02 1.565109559439237588e-02
1.343447629999999890e+03 1.570994546734353139e-02 1.557209310585451305e-02
1.344125610000000052e+03 1.494671602035313809e-02 1.554148891746438138e-02
1.344803589999999986e+03 1.392446610995251924e-02 1.551088472907426012e-02
1.345481449999999995e+03 1.343333236802827201e-02 1.548028595751443394e-02
1.346159419999999955e+03 1.448472455514093586e-02 1.544968222052683568e-02
1.346837279999999964e+03 1.553594615485219717e-02 1.541908344896701123e-02
1.347515139999999974e+03 1.591718288899836298e-02 1.538848467740718505e-02
1.348192990000000009e+03 1.599599890119247220e-02 1.535788635724988360e-02
1.348870850000000019e+03 1.604709503915207128e-02 1.532728758569005742e-02
1.349548579999999902e+03 1.589856256881332433e-02 1.529669468236306319e-02
1.350226319999999987e+03 1.575002790685736676e-02 1.526610132763353556e-02
1.350904170000000022e+03 1.546658366201932554e-02 1.523550300747623237e-02
1.351581789999999955e+03 1.507489006199046536e-02 1.520111742648957986e-02
1.352259520000000066e+03 1.468313287721488558e-02 1.515968875680120953e-02
1.352937259999999924e+03 1.427658709028800828e-02 1.511825947582709669e-02
1.353614870000000110e+03 1.386992233033153103e-02 1.507683814156782036e-02
1.354292480000000069e+03 1.321120939220312741e-02 1.503541680730855618e-02
1.354970090000000027e+03 1.220303259923495587e-02 1.499399547304929373e-02
1.355647709999999961e+03 1.119484092784423131e-02 1.495257352750427489e-02
1.356325319999999920e+03 1.151348848024284950e-02 1.491115219324501071e-02
1.357002809999999954e+03 1.206397470499830961e-02 1.486973819441484226e-02
1.357680299999999988e+03 1.268394176120418368e-02 1.482832419558467209e-02
1.358357790000000023e+03 1.348004209963101982e-02 1.478691019675450191e-02
1.359035280000000057e+03 1.427614243805785249e-02 1.474549619792433347e-02
1.359712770000000091e+03 1.478480803689399131e-02 1.469031223281884457e-02
1.360390139999999974e+03 1.517880795755648105e-02 1.457148273944669850e-02
1.361067630000000008e+03 1.537733429552180960e-02 1.445263219474481574e-02
1.361744999999999891e+03 1.443507829138226256e-02 1.433380270137266793e-02
1.362422360000000026e+03 1.349283619774923823e-02 1.421497496227795178e-02
1.363099609999999984e+03 1.302855717915571074e-02 1.409616652023550076e-02
1.363776980000000094e+03 1.291330397324603509e-02 1.397733702686331306e-02
1.364454220000000078e+03 1.279581508915631632e-02 1.385853033909833186e-02
1.365131470000000036e+03 1.242478752960255763e-02 1.373972189705588084e-02
1.365808719999999994e+03 1.205375997004879893e-02 1.362091345501342809e-02
1.366485959999999977e+03 1.210178823801181212e-02 1.350210676724844690e-02
1.367163209999999935e+03 1.268320626578591133e-02 1.338329832520599588e-02
1.367840329999999994e+03 1.326451268877070974e-02 1.326451268877070974e-02
