9.306945799999999736e+02 0.000000000000000000e+00 4.627665999999999898e-03
9.313851899999999659e+02 0.000000000000000000e+00 5.311615999999999907e-03
9.320757399999999961e+02 0.000000000000000000e+00 5.958495999999999758e-03
9.327663000000000011e+02 0.000000000000000000e+00 5.917345000000000070e-03
9.334568500000000313e+02 0.000000000000000000e+00 5.297455999999999866e-03
9.341473999999999478e+02 0.000000000000000000e+00 5.032372000000000234e-03
9.348378900000000158e+02 0.000000000000000000e+00 5.002897000000000073e-03
9.355283799999999701e+02 0.000000000000000000e+00 4.920258000000000270e-03
9.362188700000000381e+02 0.000000000000000000e+00 4.963058999999999700e-03
9.369093000000000302e+02 0.000000000000000000e+00 4.962923999999999634e-03
9.375997300000000223e+02 0.000000000000000000e+00 4.737980000000000143e-03
9.382901600000000144e+02 0.000000000000000000e+00 4.719860999999999675e-03
9.389805300000000443e+02 0.000000000000000000e+00 4.823138999999999725e-03
9.396708999999999605e+02 0.000000000000000000e+00 4.968053000000000052e-03
9.403612699999999904e+02 0.000000000000000000e+00 4.896740999999999594e-03
9.410515699999999697e+02 0.000000000000000000e+00 4.621784000000000309e-03
9.417418800000000374e+02 0.000000000000000000e+00 4.516061000000000034e-03
9.424321899999999914e+02 0.000000000000000000e+00 4.560019000000000225e-03
9.431224999999999454e+02 0.000000000000000000e+00 4.518056999999999802e-03
9.438127399999999625e+02 0.000000000000000000e+00 4.398214999999999590e-03
9.445029899999999543e+02 0.000000000000000000e+00 4.583130999999999837e-03
9.451931799999999839e+02 0.000000000000000000e+00 4.747412999999999807e-03
9.458833600000000388e+02 0.000000000000000000e+00 4.817748000000000169e-03
9.465735499999999547e+02 0.000000000000000000e+00 4.827192999999999588e-03
9.472637300000000096e+02 0.000000000000000000e+00 4.951966000000000354e-03
9.479538599999999633e+02 0.000000000000000000e+00 5.249305999999999590e-03
9.486439800000000560e+02 0.000000000000000000e+00 5.501261999999999819e-03
9.493341100000000097e+02 0.000000000000000000e+00 5.639708000000000221e-03
9.500241700000000264e+02 0.000000000000000000e+00 5.856670999999999926e-03
9.507142300000000432e+02 0.000000000000000000e+00 6.398257000000000076e-03
9.514043000000000347e+02 0.000000000000000000e+00 7.041773000000000303e-03
9.520943600000000515e+02 0.000000000000000000e+00 7.618487000000000176e-03
9.527843599999999924e+02 0.000000000000000000e+00 7.934882000000000740e-03
9.534743700000000217e+02 0.000000000000000000e+00 8.538644999999999222e-03
9.541643100000000004e+02 0.000000000000000000e+00 8.963683000000000067e-03
9.548542499999999791e+02 0.000000000000000000e+00 9.572117999999999252e-03
9.555441899999999578e+02 0.000000000000000000e+00 9.982535000000000713e-03
9.562341300000000501e+02 0.000000000000000000e+00 1.031064599999999970e-02
9.569240099999999529e+02 0.000000000000000000e+00 1.086107899999999918e-02
9.576138899999999694e+02 0.000000000000000000e+00 1.153291499999999949e-02
9.583037699999999859e+02 0.000000000000000000e+00 1.263929899999999967e-02
9.589935900000000402e+02 0.000000000000000000e+00 1.360932599999999972e-02
9.596834099999999808e+02 0.000000000000000000e+00 1.404381000000000032e-02
9.603731699999999591e+02 0.000000000000000000e+00 1.479378599999999974e-02
9.610629900000000134e+02 0.000000000000000000e+00 1.590823099999999837e-02
9.617527499999999918e+02 0.000000000000000000e+00 1.678962599999999847e-02
9.624424999999999955e+02 0.000000000000000000e+00 1.749022899999999950e-02
9.631322000000000116e+02 0.000000000000000000e+00 1.864019399999999882e-02
9.638219000000000278e+02 0.000000000000000000e+00 1.961073400000000119e-02
9.645116000000000440e+02 0.000000000000000000e+00 2.049126899999999946e-02
9.652012300000000096e+02 0.000000000000000000e+00 2.142747700000000033e-02
9.658908699999999499e+02 0.000000000000000000e+00 2.207634799999999911e-02
9.665805100000000039e+02 0.000000000000000000e+00 2.283841199999999891e-02
9.672701399999999694e+02 0.000000000000000000e+00 2.339589900000000125e-02
9.679597199999999475e+02 0.000000000000000000e+00 2.399428799999999903e-02
9.686492899999999509e+02 0.000000000000000000e+00 2.463174599999999950e-02
9.693388700000000426e+02 0.000000000000000000e+00 2.518484799999999926e-02
9.700283799999999701e+02 0.000000000000000000e+00 2.551421099999999845e-02
9.707178999999999860e+02 0.000000000000000000e+00 2.585616699999999935e-02
9.714073499999999513e+02 0.000000000000000000e+00 2.602832899999999935e-02
9.720968599999999924e+02 0.000000000000000000e+00 2.621545800000000051e-02
9.727863200000000461e+02 0.000000000000000000e+00 2.660432199999999969e-02
9.734757100000000491e+02 0.000000000000000000e+00 2.709194499999999922e-02
9.741651600000000144e+02 0.000000000000000000e+00 2.736772000000000163e-02
9.748545500000000175e+02 0.000000000000000000e+00 2.804341999999999946e-02
9.755438799999999446e+02 0.000000000000000000e+00 2.903979599999999966e-02
9.762332800000000361e+02 0.000000000000000000e+00 2.990933700000000112e-02
9.769226099999999633e+02 0.000000000000000000e+00 3.034277000000000155e-02
9.776119400000000041e+02 0.000000000000000000e+00 3.071170599999999834e-02
9.783012099999999691e+02 0.000000000000000000e+00 3.163606399999999846e-02
9.789904800000000478e+02 0.000000000000000000e+00 3.274246900000000321e-02
9.796797500000000127e+02 0.000000000000000000e+00 3.378322899999999795e-02
9.803690199999999777e+02 0.000000000000000000e+00 3.508778199999999792e-02
9.810582299999999805e+02 0.000000000000000000e+00 3.657289200000000268e-02
9.817474399999999832e+02 0.000000000000000000e+00 3.765464300000000153e-02
9.824365800000000490e+02 0.000000000000000000e+00 3.909422299999999739e-02
9.831257299999999759e+02 0.000000000000000000e+00 4.026608500000000007e-02
9.838148800000000165e+02 0.000000000000000000e+00 4.182079899999999878e-02
9.845040299999999434e+02 0.000000000000000000e+00 4.345935499999999813e-02
9.851931200000000217e+02 0.000000000000000000e+00 4.494274599999999870e-02
9.858822000000000116e+02 0.000000000000000000e+00 4.627526700000000187e-02
9.865712899999999763e+02 0.000000000000000000e+00 4.719325399999999698e-02
9.872603100000000040e+02 0.000000000000000000e+00 4.825441400000000242e-02
9.879493400000000065e+02 0.000000000000000000e+00 4.972264900000000071e-02
9.886383700000000090e+02 0.000000000000000000e+00 5.064632599999999846e-02
9.893273299999999608e+02 0.000000000000000000e+00 5.188972199999999924e-02
9.900163000000000011e+02 0.000000000000000000e+00 5.257756499999999972e-02
9.907052599999999529e+02 0.000000000000000000e+00 5.284193200000000118e-02
9.913941700000000310e+02 0.000000000000000000e+00 5.259060100000000071e-02
9.920830700000000206e+02 0.000000000000000000e+00 5.286718800000000246e-02
9.927719700000000103e+02 0.000000000000000000e+00 5.276748400000000339e-02
9.934608799999999746e+02 0.000000000000000000e+00 5.220162300000000255e-02
9.941497200000000021e+02 0.000000000000000000e+00 5.114013500000000323e-02
9.948385600000000295e+02 0.000000000000000000e+00 4.973239899999999658e-02
9.955273399999999810e+02 0.000000000000000000e+00 4.888930799999999938e-02
9.962161300000000210e+02 0.000000000000000000e+00 4.734800699999999751e-02
9.969049099999999726e+02 0.000000000000000000e+00 4.593692099999999862e-02
9.975936900000000378e+02 0.000000000000000000e+00 4.394030100000000105e-02
9.982824100000000271e+02 0.000000000000000000e+00 4.256167000000000283e-02
9.989711300000000165e+02 0.000000000000000000e+00 4.122827999999999909e-02
9.996597900000000436e+02 0.000000000000000000e+00 4.007772400000000207e-02
1.000348449999999957e+03 0.000000000000000000e+00 3.838413200000000136e-02
1.001037109999999984e+03 0.000000000000000000e+00 3.707572900000000171e-02
1.001725770000000011e+03 0.000000000000000000e+00 3.532367899999999672e-02
1.002414369999999963e+03 0.000000000000000000e+00 3.370856199999999747e-02
1.003102970000000028e+03 0.000000000000000000e+00 3.233563899999999935e-02
1.003791560000000004e+03 0.000000000000000000e+00 3.122142199999999868e-02
1.004480099999999993e+03 0.000000000000000000e+00 2.993737700000000113e-02
1.005168639999999982e+03 0.000000000000000000e+00 2.843243999999999980e-02
1.005857179999999971e+03 0.000000000000000000e+00 2.708707499999999865e-02
1.006545650000000023e+03 0.000000000000000000e+00 2.623512299999999908e-02
1.007234130000000050e+03 0.000000000000000000e+00 2.526651599999999928e-02
1.007922609999999963e+03 0.000000000000000000e+00 2.408143700000000068e-02
1.008611020000000053e+03 0.000000000000000000e+00 2.319339999999999943e-02
1.009299440000000004e+03 0.000000000000000000e+00 2.235621000000000136e-02
1.009987849999999980e+03 0.000000000000000000e+00 2.162568900000000002e-02
1.010676270000000045e+03 0.000000000000000000e+00 2.069635499999999961e-02
1.011364619999999945e+03 0.000000000000000000e+00 2.002576400000000145e-02
1.012052919999999972e+03 0.000000000000000000e+00 1.942426300000000064e-02
1.012741269999999986e+03 0.000000000000000000e+00 1.888088099999999867e-02
1.013429570000000012e+03 0.000000000000000000e+00 1.840530500000000028e-02
1.014117859999999951e+03 0.000000000000000000e+00 1.794358100000000011e-02
1.014806090000000040e+03 0.000000000000000000e+00 1.761663499999999855e-02
1.015494320000000016e+03 0.000000000000000000e+00 1.732626400000000094e-02
1.016182559999999967e+03 0.000000000000000000e+00 1.704603600000000052e-02
1.016870790000000056e+03 0.000000000000000000e+00 1.689501300000000039e-02
1.017558959999999956e+03 0.000000000000000000e+00 1.665798099999999879e-02
1.018247129999999970e+03 0.000000000000000000e+00 1.654805499999999902e-02
1.018935240000000022e+03 0.000000000000000000e+00 1.643544699999999886e-02
1.019623349999999959e+03 0.000000000000000000e+00 1.646846100000000021e-02
1.020311460000000011e+03 0.000000000000000000e+00 1.638551699999999875e-02
1.020999569999999949e+03 0.000000000000000000e+00 1.628653299999999887e-02
1.021687620000000038e+03 0.000000000000000000e+00 1.643533900000000020e-02
1.022375670000000014e+03 0.000000000000000000e+00 1.659334999999999977e-02
1.023063719999999989e+03 0.000000000000000000e+00 1.667523699999999900e-02
1.023751710000000003e+03 0.000000000000000000e+00 1.712391499999999997e-02
1.024439699999999903e+03 0.000000000000000000e+00 1.729964499999999891e-02
1.025127690000000030e+03 0.000000000000000000e+00 1.772940199999999827e-02
1.025815550000000030e+03 0.000000000000000000e+00 1.809775099999999873e-02
1.026503539999999930e+03 0.000000000000000000e+00 1.852313900000000096e-02
1.027191409999999905e+03 0.000000000000000000e+00 1.901949799999999927e-02
1.027879269999999906e+03 0.000000000000000000e+00 1.960413399999999876e-02
1.028567140000000109e+03 0.000000000000000000e+00 2.010958700000000168e-02
1.029255000000000109e+03 0.000000000000000000e+00 2.069612300000000030e-02
1.029942870000000084e+03 0.000000000000000000e+00 2.116530200000000042e-02
1.030630619999999908e+03 0.000000000000000000e+00 2.185943599999999945e-02
1.031318479999999909e+03 0.000000000000000000e+00 2.255957899999999974e-02
1.032006229999999960e+03 0.000000000000000000e+00 2.303636599999999909e-02
1.032693970000000036e+03 0.000000000000000000e+00 2.334078399999999984e-02
1.033381710000000112e+03 0.000000000000000000e+00 2.382093600000000089e-02
1.034069340000000011e+03 0.000000000000000000e+00 2.428463999999999970e-02
1.034757080000000087e+03 0.000000000000000000e+00 2.468092100000000150e-02
1.035444700000000012e+03 0.000000000000000000e+00 2.496531999999999918e-02
1.036132319999999936e+03 0.000000000000000000e+00 2.535467400000000066e-02
1.036820069999999987e+03 0.000000000000000000e+00 2.569853299999999910e-02
1.037507569999999987e+03 0.000000000000000000e+00 2.577348399999999928e-02
1.038195189999999911e+03 0.000000000000000000e+00 2.574945799999999937e-02
1.038882810000000063e+03 0.000000000000000000e+00 2.560211999999999904e-02
1.039570310000000063e+03 0.000000000000000000e+00 2.549167000000000100e-02
1.040257810000000063e+03 0.000000000000000000e+00 2.529370400000000019e-02
1.040945310000000063e+03 0.000000000000000000e+00 2.493771700000000160e-02
1.041632810000000063e+03 0.000000000000000000e+00 2.445949999999999860e-02
1.042320310000000063e+03 0.000000000000000000e+00 2.404240200000000091e-02
1.043007689999999911e+03 0.000000000000000000e+00 2.366729199999999950e-02
1.043695189999999911e+03 0.000000000000000000e+00 2.313344100000000111e-02
1.044382569999999987e+03 0.000000000000000000e+00 2.281758000000000050e-02
1.045069950000000063e+03 0.000000000000000000e+00 2.239317199999999938e-02
1.045757319999999936e+03 0.000000000000000000e+00 2.191409700000000044e-02
1.046444700000000012e+03 0.000000000000000000e+00 2.124159200000000011e-02
1.047131959999999935e+03 0.000000000000000000e+00 2.085766899999999882e-02
1.047819340000000011e+03 0.000000000000000000e+00 2.051363299999999987e-02
1.048506589999999960e+03 0.000000000000000000e+00 2.014311699999999858e-02
1.049193850000000111e+03 0.000000000000000000e+00 1.955416800000000024e-02
1.049881100000000060e+03 0.000000000000000000e+00 1.913391600000000081e-02
1.050568359999999984e+03 0.000000000000000000e+00 1.877860300000000135e-02
1.051255490000000009e+03 0.000000000000000000e+00 1.832991999999999955e-02
1.051942749999999933e+03 0.000000000000000000e+00 1.785797999999999899e-02
1.052629879999999957e+03 0.000000000000000000e+00 1.755321899999999838e-02
1.053317019999999957e+03 0.000000000000000000e+00 1.745470400000000144e-02
1.054004149999999981e+03 0.000000000000000000e+00 1.714741700000000160e-02
1.054691280000000006e+03 0.000000000000000000e+00 1.691091600000000153e-02
1.055378300000000081e+03 0.000000000000000000e+00 1.667975600000000044e-02
1.056065430000000106e+03 0.000000000000000000e+00 1.651575699999999897e-02
1.056752439999999979e+03 0.000000000000000000e+00 1.630489800000000170e-02
1.057439450000000079e+03 0.000000000000000000e+00 1.608883399999999977e-02
1.058126459999999952e+03 0.000000000000000000e+00 1.609234799999999938e-02
1.058813480000000027e+03 0.000000000000000000e+00 1.600125900000000032e-02
1.059500489999999900e+03 0.000000000000000000e+00 1.596830899999999998e-02
1.060187380000000076e+03 0.000000000000000000e+00 1.598236399999999890e-02
1.060874270000000024e+03 0.000000000000000000e+00 1.598447600000000093e-02
1.061561159999999973e+03 0.000000000000000000e+00 1.611688199999999904e-02
1.062248049999999921e+03 0.000000000000000000e+00 1.609319600000000058e-02
1.062934940000000097e+03 0.000000000000000000e+00 1.611571399999999973e-02
1.063621830000000045e+03 0.000000000000000000e+00 1.615832400000000169e-02
1.064308590000000095e+03 0.000000000000000000e+00 1.622135099999999844e-02
1.064995480000000043e+03 0.000000000000000000e+00 1.636898599999999857e-02
1.065682250000000067e+03 0.000000000000000000e+00 1.647084999999999869e-02
1.066369020000000091e+03 0.000000000000000000e+00 1.664627800000000046e-02
1.067055659999999989e+03 0.000000000000000000e+00 1.684190699999999971e-02
1.067742430000000013e+03 0.000000000000000000e+00 1.701664199999999849e-02
1.068429080000000113e+03 0.000000000000000000e+00 1.714694699999999919e-02
1.069115839999999935e+03 0.000000000000000000e+00 1.719243700000000138e-02
1.069802490000000034e+03 0.000000000000000000e+00 1.735911899999999924e-02
1.070489139999999907e+03 0.000000000000000000e+00 1.748922600000000008e-02
1.071175780000000032e+03 0.000000000000000000e+00 1.761475399999999983e-02
1.071862300000000005e+03 0.000000000000000000e+00 1.762475399999999942e-02
1.072548950000000104e+03 0.000000000000000000e+00 1.759356399999999904e-02
1.073235470000000078e+03 0.000000000000000000e+00 1.760786699999999927e-02
1.073922000000000025e+03 0.000000000000000000e+00 1.751468999999999943e-02
1.074608519999999999e+03 0.000000000000000000e+00 1.725899399999999972e-02
1.075295039999999972e+03 0.000000000000000000e+00 1.725196000000000021e-02
1.075981569999999920e+03 0.000000000000000000e+00 1.717575400000000141e-02
1.076667969999999968e+03 0.000000000000000000e+00 1.691718000000000041e-02
1.077354370000000017e+03 0.000000000000000000e+00 1.671276400000000148e-02
1.078040770000000066e+03 0.000000000000000000e+00 1.651071600000000167e-02
1.078727169999999887e+03 0.000000000000000000e+00 1.634384100000000131e-02
1.079413569999999936e+03 0.000000000000000000e+00 1.598063499999999998e-02
1.080099979999999960e+03 0.000000000000000000e+00 1.556310300000000001e-02
1.080786250000000109e+03 0.000000000000000000e+00 1.524915800000000050e-02
1.081472659999999905e+03 0.000000000000000000e+00 1.493612899999999938e-02
1.082158940000000030e+03 0.000000000000000000e+00 1.445686600000000051e-02
1.082845209999999952e+03 0.000000000000000000e+00 1.403754100000000060e-02
1.083531369999999924e+03 0.000000000000000000e+00 1.361593799999999931e-02
1.084217650000000049e+03 0.000000000000000000e+00 1.314925400000000084e-02
1.084903929999999946e+03 0.000000000000000000e+00 1.278038299999999933e-02
1.085590089999999918e+03 0.000000000000000000e+00 1.250281999999999956e-02
1.086276249999999891e+03 0.000000000000000000e+00 1.228185300000000056e-02
1.086962399999999889e+03 0.000000000000000000e+00 1.199575100000000068e-02
1.087648560000000089e+03 0.000000000000000000e+00 1.169830200000000070e-02
1.088334589999999935e+03 0.000000000000000000e+00 1.142367900000000082e-02
1.089020749999999907e+03 0.000000000000000000e+00 1.119462199999999956e-02
1.089706789999999955e+03 0.000000000000000000e+00 1.102144899999999914e-02
1.090392820000000029e+03 0.000000000000000000e+00 1.083157199999999938e-02
1.091078860000000077e+03 0.000000000000000000e+00 1.063377400000000035e-02
1.091764889999999923e+03 0.000000000000000000e+00 1.055474900000000042e-02
1.092450810000000047e+03 0.000000000000000000e+00 1.046916799999999918e-02
1.093136839999999893e+03 0.000000000000000000e+00 1.037267700000000029e-02
1.093822750000000042e+03 0.000000000000000000e+00 1.030941299999999991e-02
1.094508669999999938e+03 0.000000000000000000e+00 1.025652999999999981e-02
1.095194580000000087e+03 0.000000000000000000e+00 1.031248000000000060e-02
1.095880490000000009e+03 0.000000000000000000e+00 1.036826400000000030e-02
1.096566409999999905e+03 0.000000000000000000e+00 1.041955999999999959e-02
1.097252199999999903e+03 0.000000000000000000e+00 1.054880700000000032e-02
1.097937989999999900e+03 0.000000000000000000e+00 1.073124999999999947e-02
1.098623779999999897e+03 0.000000000000000000e+00 1.078889899999999936e-02
1.099309569999999894e+03 0.000000000000000000e+00 1.083273099999999996e-02
1.099995359999999891e+03 0.000000000000000000e+00 1.108973100000000024e-02
1.100681149999999889e+03 0.000000000000000000e+00 1.141902399999999984e-02
1.101366819999999962e+03 0.000000000000000000e+00 1.172037400000000042e-02
1.102052490000000034e+03 0.000000000000000000e+00 1.202775600000000056e-02
1.102738160000000107e+03 0.000000000000000000e+00 1.235593299999999950e-02
1.103423829999999953e+03 0.000000000000000000e+00 1.272121300000000031e-02
1.104109500000000025e+03 0.000000000000000000e+00 1.311001799999999932e-02
1.104795170000000098e+03 0.000000000000000000e+00 1.352251999999999968e-02
1.105480710000000045e+03 0.000000000000000000e+00 1.397806099999999996e-02
1.106166259999999966e+03 0.000000000000000000e+00 1.455471600000000053e-02
1.106851809999999887e+03 0.000000000000000000e+00 1.537552000000000016e-02
1.107537350000000060e+03 0.000000000000000000e+00 1.620190399999999961e-02
1.108222899999999981e+03 0.000000000000000000e+00 1.676817200000000133e-02
1.108908449999999903e+03 0.000000000000000000e+00 1.727356000000000030e-02
1.109593869999999924e+03 0.000000000000000000e+00 1.786012000000000016e-02
1.110279299999999921e+03 0.000000000000000000e+00 1.858494600000000149e-02
1.110964719999999943e+03 0.000000000000000000e+00 1.935988400000000081e-02
1.111650149999999940e+03 0.000000000000000000e+00 2.007117500000000013e-02
1.112335569999999962e+03 0.000000000000000000e+00 2.080548499999999856e-02
1.113020999999999958e+03 0.000000000000000000e+00 2.159256199999999917e-02
1.113706300000000056e+03 0.000000000000000000e+00 2.265054199999999920e-02
1.114391599999999926e+03 0.000000000000000000e+00 2.348226299999999975e-02
1.115076900000000023e+03 0.000000000000000000e+00 2.416442699999999874e-02
1.115762210000000096e+03 0.000000000000000000e+00 2.493218499999999907e-02
1.116447509999999966e+03 0.000000000000000000e+00 2.568459899999999893e-02
1.117132689999999911e+03 0.000000000000000000e+00 2.666240300000000119e-02
1.117817990000000009e+03 0.000000000000000000e+00 2.748193499999999900e-02
1.118503169999999955e+03 0.000000000000000000e+00 2.818298799999999910e-02
1.119188349999999900e+03 0.000000000000000000e+00 2.896504299999999935e-02
1.119873540000000048e+03 0.000000000000000000e+00 2.983131300000000166e-02
1.120558590000000095e+03 0.000000000000000000e+00 3.039564100000000102e-02
1.121243770000000040e+03 0.000000000000000000e+00 3.119743000000000169e-02
1.121928830000000062e+03 0.000000000000000000e+00 3.211695700000000153e-02
1.122613890000000083e+03 0.000000000000000000e+00 3.263307599999999697e-02
1.123298950000000104e+03 0.000000000000000000e+00 3.310930399999999912e-02
1.123984009999999898e+03 0.000000000000000000e+00 3.358060000000000211e-02
1.124669069999999920e+03 0.000000000000000000e+00 3.396546799999999866e-02
1.125354000000000042e+03 0.000000000000000000e+00 3.427775699999999898e-02
1.126039060000000063e+03 0.000000000000000000e+00 3.451025499999999663e-02
1.126723999999999933e+03 0.000000000000000000e+00 3.456185299999999655e-02
1.127408940000000030e+03 0.000000000000000000e+00 3.443451200000000045e-02
1.128093869999999924e+03 0.000000000000000000e+00 3.443876800000000155e-02
1.128778690000000097e+03 0.000000000000000000e+00 3.450945799999999980e-02
1.129463619999999992e+03 0.000000000000000000e+00 3.447375099999999692e-02
1.130148439999999937e+03 0.000000000000000000e+00 3.431887100000000079e-02
1.130833249999999907e+03 0.000000000000000000e+00 3.431749700000000236e-02
1.131518070000000080e+03 0.000000000000000000e+00 3.428293799999999891e-02
1.132202880000000050e+03 0.000000000000000000e+00 3.412909299999999924e-02
1.132887699999999995e+03 0.000000000000000000e+00 3.399273600000000256e-02
1.133572390000000041e+03 0.000000000000000000e+00 3.374083499999999680e-02
1.134257080000000087e+03 0.000000000000000000e+00 3.341720399999999896e-02
1.134941769999999906e+03 0.000000000000000000e+00 3.321443300000000154e-02
1.135626459999999952e+03 0.000000000000000000e+00 3.276250700000000321e-02
1.136311159999999973e+03 0.000000000000000000e+00 3.235790000000000194e-02
1.136995850000000019e+03 0.000000000000000000e+00 3.189688799999999824e-02
1.137680419999999913e+03 0.000000000000000000e+00 3.171556500000000112e-02
1.138364990000000034e+03 0.000000000000000000e+00 3.146863300000000280e-02
1.139049559999999929e+03 0.000000000000000000e+00 3.122842300000000168e-02
1.139734130000000050e+03 0.000000000000000000e+00 3.097049400000000119e-02
1.140418699999999944e+03 0.000000000000000000e+00 3.089754499999999848e-02
1.141103149999999914e+03 0.000000000000000000e+00 3.087232800000000096e-02
1.141787720000000036e+03 0.000000000000000000e+00 3.093923900000000032e-02
1.142472170000000006e+03 0.000000000000000000e+00 3.102801399999999959e-02
1.143156619999999975e+03 0.000000000000000000e+00 3.119714900000000041e-02
1.143841059999999970e+03 0.000000000000000000e+00 3.138380000000000336e-02
1.144525509999999940e+03 0.000000000000000000e+00 3.168384300000000320e-02
1.145209839999999986e+03 0.000000000000000000e+00 3.203684300000000235e-02
1.145894289999999955e+03 0.000000000000000000e+00 3.228562799999999677e-02
1.146578610000000026e+03 0.000000000000000000e+00 3.252178399999999803e-02
1.147262940000000071e+03 0.000000000000000000e+00 3.273145599999999905e-02
1.147947269999999889e+03 0.000000000000000000e+00 3.297939600000000110e-02
1.148631470000000036e+03 0.000000000000000000e+00 3.324575099999999700e-02
1.149315800000000081e+03 0.000000000000000000e+00 3.361529399999999695e-02
1.150000000000000000e+03 0.000000000000000000e+00 3.400536099999999784e-02
1.150684199999999919e+03 0.000000000000000000e+00 3.431669500000000123e-02
1.151368410000000040e+03 0.000000000000000000e+00 3.468784400000000240e-02
1.152052609999999959e+03 0.000000000000000000e+00 3.501677000000000262e-02
1.152736820000000080e+03 0.000000000000000000e+00 3.521794999999999787e-02
1.153420900000000074e+03 0.000000000000000000e+00 3.539070999999999884e-02
1.154104980000000069e+03 0.000000000000000000e+00 3.570186599999999877e-02
1.154789060000000063e+03 0.000000000000000000e+00 3.601547900000000302e-02
1.155473140000000058e+03 0.000000000000000000e+00 3.603353499999999848e-02
1.156157230000000027e+03 0.000000000000000000e+00 3.601444499999999910e-02
1.156841310000000021e+03 0.000000000000000000e+00 3.603517199999999726e-02
1.157525270000000091e+03 0.000000000000000000e+00 3.592254999999999754e-02
1.158209229999999934e+03 0.000000000000000000e+00 3.572267700000000129e-02
1.158893190000000004e+03 0.000000000000000000e+00 3.538132499999999819e-02
1.159577150000000074e+03 0.000000000000000000e+00 3.499631400000000059e-02
1.160261109999999917e+03 0.000000000000000000e+00 3.469249399999999733e-02
1.160945069999999987e+03 0.000000000000000000e+00 3.424951500000000121e-02
1.161628909999999905e+03 0.000000000000000000e+00 3.348640099999999897e-02
1.162312740000000076e+03 0.000000000000000000e+00 3.281853500000000284e-02
1.162996579999999994e+03 0.000000000000000000e+00 3.232294699999999771e-02
1.163680419999999913e+03 0.000000000000000000e+00 3.179408499999999971e-02
1.164364260000000058e+03 0.000000000000000000e+00 3.115353599999999903e-02
1.165047970000000078e+03 0.000000000000000000e+00 3.046849199999999980e-02
1.165731809999999996e+03 0.000000000000000000e+00 2.978107400000000113e-02
1.166415529999999990e+03 0.000000000000000000e+00 2.909967800000000035e-02
1.167099240000000009e+03 0.000000000000000000e+00 2.836021299999999870e-02
1.167782840000000078e+03 0.000000000000000000e+00 2.757183599999999887e-02
1.168466550000000097e+03 0.000000000000000000e+00 2.696276300000000070e-02
1.169150270000000091e+03 0.000000000000000000e+00 2.624390600000000087e-02
1.169833859999999959e+03 0.000000000000000000e+00 2.554492800000000147e-02
1.170517460000000028e+03 0.000000000000000000e+00 2.468375700000000061e-02
1.171201049999999896e+03 0.000000000000000000e+00 2.409509400000000093e-02
1.171884639999999990e+03 0.000000000000000000e+00 2.344296599999999911e-02
1.172568119999999908e+03 0.000000000000000000e+00 2.268328299999999853e-02
1.173251710000000003e+03 0.000000000000000000e+00 2.206481299999999909e-02
1.173935179999999946e+03 0.000000000000000000e+00 2.145991400000000007e-02
1.174618649999999889e+03 0.000000000000000000e+00 2.095213900000000157e-02
1.175302120000000059e+03 0.000000000000000000e+00 2.047693100000000030e-02
1.175985599999999977e+03 0.000000000000000000e+00 1.996530300000000022e-02
1.176668949999999995e+03 0.000000000000000000e+00 1.940537300000000007e-02
1.177352419999999938e+03 0.000000000000000000e+00 1.898789600000000063e-02
1.178035769999999957e+03 0.000000000000000000e+00 1.857466400000000115e-02
1.178719119999999975e+03 0.000000000000000000e+00 1.818451100000000042e-02
1.179402469999999994e+03 0.000000000000000000e+00 1.782744600000000026e-02
1.180085690000000113e+03 0.000000000000000000e+00 1.742495700000000133e-02
1.180769039999999904e+03 0.000000000000000000e+00 1.704083099999999934e-02
1.181452269999999999e+03 0.000000000000000000e+00 1.673659300000000100e-02
1.182135500000000093e+03 0.000000000000000000e+00 1.646807000000000132e-02
1.182818729999999960e+03 0.000000000000000000e+00 1.612415999999999849e-02
1.183501950000000079e+03 0.000000000000000000e+00 1.570352499999999943e-02
1.184185179999999946e+03 0.000000000000000000e+00 1.537631199999999962e-02
1.184868289999999888e+03 0.000000000000000000e+00 1.519511299999999968e-02
1.185551390000000083e+03 0.000000000000000000e+00 1.491400099999999965e-02
1.186234500000000025e+03 0.000000000000000000e+00 1.453624199999999957e-02
1.186917599999999993e+03 0.000000000000000000e+00 1.415874899999999999e-02
1.187600709999999935e+03 0.000000000000000000e+00 1.393556399999999924e-02
1.188283809999999903e+03 0.000000000000000000e+00 1.376052200000000073e-02
1.188966799999999921e+03 0.000000000000000000e+00 1.347474599999999925e-02
1.189649779999999964e+03 0.000000000000000000e+00 1.320044800000000004e-02
1.190332760000000007e+03 0.000000000000000000e+00 1.301699899999999958e-02
1.191015750000000025e+03 0.000000000000000000e+00 1.280384600000000067e-02
1.191698730000000069e+03 0.000000000000000000e+00 1.260837899999999942e-02
1.192381589999999960e+03 0.000000000000000000e+00 1.243598999999999920e-02
1.193064579999999978e+03 0.000000000000000000e+00 1.224495700000000076e-02
1.193747440000000097e+03 0.000000000000000000e+00 1.201399499999999954e-02
1.194430299999999988e+03 0.000000000000000000e+00 1.178486100000000064e-02
1.195113160000000107e+03 0.000000000000000000e+00 1.160984699999999953e-02
1.195795900000000074e+03 0.000000000000000000e+00 1.137023300000000042e-02
1.196478759999999966e+03 0.000000000000000000e+00 1.117869800000000080e-02
1.197161499999999933e+03 0.000000000000000000e+00 1.096314299999999985e-02
1.197844239999999900e+03 0.000000000000000000e+00 1.082652800000000019e-02
1.198526980000000094e+03 0.000000000000000000e+00 1.063081299999999937e-02
1.199209720000000061e+03 0.000000000000000000e+00 1.044812200000000066e-02
1.199892329999999902e+03 0.000000000000000000e+00 1.028073399999999971e-02
1.200575070000000096e+03 0.000000000000000000e+00 1.016622200000000080e-02
1.201257689999999911e+03 0.000000000000000000e+00 1.004669700000000027e-02
1.201940309999999954e+03 0.000000000000000000e+00 9.862977999999999676e-03
1.202622920000000022e+03 0.000000000000000000e+00 9.666697000000000137e-03
1.203305540000000065e+03 0.000000000000000000e+00 9.515561000000000505e-03
1.203988039999999955e+03 0.000000000000000000e+00 9.369359000000000715e-03
1.204670650000000023e+03 0.000000000000000000e+00 9.141237999999999447e-03
1.205353149999999914e+03 0.000000000000000000e+00 8.878168999999999991e-03
1.206035640000000058e+03 0.000000000000000000e+00 8.746103999999999337e-03
1.206718139999999948e+03 0.000000000000000000e+00 8.649494000000000626e-03
1.207400509999999940e+03 0.000000000000000000e+00 8.551299999999999527e-03
1.208083010000000058e+03 0.000000000000000000e+00 8.413672999999999985e-03
1.208765380000000050e+03 0.000000000000000000e+00 8.238515000000000074e-03
1.209447750000000042e+03 0.000000000000000000e+00 8.099932000000000659e-03
1.210130130000000008e+03 0.000000000000000000e+00 7.972724999999999951e-03
1.210812500000000000e+03 0.000000000000000000e+00 7.865955000000000863e-03
1.211494750000000067e+03 0.000000000000000000e+00 7.761243000000000135e-03
1.212177120000000059e+03 0.000000000000000000e+00 7.653298999999999692e-03
1.212859380000000101e+03 0.000000000000000000e+00 7.567921000000000023e-03
1.213541629999999941e+03 0.000000000000000000e+00 7.422248999999999687e-03
1.214223880000000008e+03 0.000000000000000000e+00 7.304910999999999870e-03
1.214906009999999924e+03 0.000000000000000000e+00 7.184414000000000078e-03
1.215588259999999991e+03 0.000000000000000000e+00 7.101394999999999930e-03
1.216270389999999907e+03 0.000000000000000000e+00 6.956874000000000044e-03
1.216952510000000075e+03 0.000000000000000000e+00 6.855556999999999970e-03
1.217634639999999990e+03 0.000000000000000000e+00 6.717934000000000058e-03
1.218316769999999906e+03 0.000000000000000000e+00 6.640527000000000235e-03
1.218998900000000049e+03 0.000000000000000000e+00 6.560250999999999583e-03
1.219680910000000040e+03 0.000000000000000000e+00 6.539406000000000212e-03
1.220363039999999955e+03 0.000000000000000000e+00 6.473706000000000078e-03
1.221045039999999972e+03 0.000000000000000000e+00 6.370090000000000127e-03
1.221727049999999963e+03 0.000000000000000000e+00 6.253541999999999955e-03
1.222408940000000030e+03 0.000000000000000000e+00 6.147342000000000084e-03
1.223090940000000046e+03 0.000000000000000000e+00 6.106137999999999670e-03
1.223772830000000113e+03 0.000000000000000000e+00 6.052964000000000087e-03
1.224454709999999977e+03 0.000000000000000000e+00 5.984625000000000361e-03
1.225136600000000044e+03 0.000000000000000000e+00 5.945490000000000323e-03
1.225818479999999909e+03 0.000000000000000000e+00 5.927548000000000365e-03
1.226500369999999975e+03 0.000000000000000000e+00 5.882987000000000112e-03
1.227182129999999916e+03 0.000000000000000000e+00 5.816261999999999995e-03
1.227864010000000007e+03 0.000000000000000000e+00 5.787193000000000372e-03
1.228545779999999922e+03 0.000000000000000000e+00 5.754404000000000290e-03
1.229227540000000090e+03 0.000000000000000000e+00 5.697493999999999996e-03
1.229909180000000106e+03 0.000000000000000000e+00 5.624806000000000424e-03
1.230590940000000046e+03 0.000000000000000000e+00 5.571396000000000161e-03
1.231272580000000062e+03 0.000000000000000000e+00 5.549059000000000283e-03
1.231954349999999977e+03 0.000000000000000000e+00 5.516265000000000231e-03
1.232635989999999993e+03 0.000000000000000000e+00 5.520582999999999914e-03
1.233317630000000008e+03 0.000000000000000000e+00 5.505495000000000007e-03
1.233999150000000100e+03 0.000000000000000000e+00 5.478919999999999971e-03
1.234680789999999888e+03 0.000000000000000000e+00 5.440404999999999720e-03
1.235362300000000005e+03 0.000000000000000000e+00 5.450654000000000089e-03
1.236043820000000096e+03 0.000000000000000000e+00 5.430182999999999885e-03
1.236725339999999960e+03 0.000000000000000000e+00 5.421506000000000415e-03
1.237406860000000052e+03 0.000000000000000000e+00 5.416836999999999867e-03
1.238088379999999916e+03 0.000000000000000000e+00 5.433315000000000193e-03
1.238769780000000083e+03 0.000000000000000000e+00 5.431941000000000026e-03
1.239451170000000047e+03 0.000000000000000000e+00 5.478310000000000124e-03
1.240132569999999987e+03 0.000000000000000000e+00 5.496019000000000425e-03
1.240813959999999952e+03 0.000000000000000000e+00 5.540653000000000418e-03
1.241495359999999891e+03 0.000000000000000000e+00 5.592399999999999975e-03
1.242176760000000058e+03 0.000000000000000000e+00 5.655821000000000112e-03
1.242858030000000099e+03 0.000000000000000000e+00 5.691797999999999649e-03
1.243539309999999887e+03 0.000000000000000000e+00 5.727844000000000164e-03
1.244220579999999927e+03 0.000000000000000000e+00 5.768175999999999859e-03
1.244901859999999942e+03 0.000000000000000000e+00 5.814660000000000141e-03
1.245583129999999983e+03 0.000000000000000000e+00 5.881589999999999908e-03
1.246264280000000099e+03 0.000000000000000000e+00 5.926983000000000251e-03
1.246945429999999988e+03 0.000000000000000000e+00 5.983050000000000174e-03
1.247626590000000078e+03 0.000000000000000000e+00 6.047244000000000230e-03
1.248307739999999967e+03 0.000000000000000000e+00 6.170107000000000196e-03
1.248988890000000083e+03 0.000000000000000000e+00 6.319688000000000389e-03
1.249670039999999972e+03 0.000000000000000000e+00 6.464366000000000036e-03
1.250351069999999936e+03 0.000000000000000000e+00 6.551928000000000266e-03
1.251032099999999900e+03 0.000000000000000000e+00 6.599897999999999876e-03
1.251713130000000092e+03 0.000000000000000000e+00 6.660712000000000056e-03
1.252394170000000031e+03 0.000000000000000000e+00 6.757850999999999615e-03
1.253075199999999995e+03 0.000000000000000000e+00 6.819315999999999746e-03
1.253756100000000060e+03 0.000000000000000000e+00 6.864081000000000175e-03
1.254437130000000025e+03 0.000000000000000000e+00 6.893297999999999960e-03
1.255118040000000065e+03 0.000000000000000000e+00 7.013728000000000323e-03
1.255798950000000104e+03 0.000000000000000000e+00 7.092461000000000425e-03
1.256479739999999993e+03 0.000000000000000000e+00 7.136649000000000118e-03
1.257160640000000058e+03 0.000000000000000000e+00 7.190588000000000361e-03
1.257841429999999946e+03 0.000000000000000000e+00 7.302664000000000377e-03
1.258522220000000061e+03 0.000000000000000000e+00 7.388534000000000421e-03
1.259202999999999975e+03 0.000000000000000000e+00 7.484382999999999835e-03
1.259883790000000090e+03 0.000000000000000000e+00 7.560713999999999629e-03
1.260564579999999978e+03 0.000000000000000000e+00 7.661130000000000370e-03
1.261245239999999967e+03 0.000000000000000000e+00 7.757967000000000161e-03
1.261926030000000083e+03 0.000000000000000000e+00 7.817910000000000831e-03
1.262606690000000071e+03 0.000000000000000000e+00 7.831486999999999823e-03
1.263287350000000060e+03 0.000000000000000000e+00 7.817891000000000423e-03
1.263968020000000024e+03 0.000000000000000000e+00 7.843143999999999810e-03
1.264648560000000089e+03 0.000000000000000000e+00 7.874600000000000696e-03
1.265329220000000078e+03 0.000000000000000000e+00 7.925303999999999335e-03
1.266009769999999889e+03 0.000000000000000000e+00 7.971048999999999149e-03
1.266690309999999954e+03 0.000000000000000000e+00 8.013677000000000300e-03
1.267370850000000019e+03 0.000000000000000000e+00 8.018758000000000830e-03
1.268051269999999931e+03 0.000000000000000000e+00 7.987861000000000614e-03
1.268731809999999996e+03 0.000000000000000000e+00 7.993909000000000431e-03
1.269412229999999909e+03 0.000000000000000000e+00 8.018453000000000039e-03
1.270092650000000049e+03 0.000000000000000000e+00 8.053888999999999840e-03
1.270773069999999962e+03 0.000000000000000000e+00 8.027042999999999331e-03
1.271453490000000102e+03 0.000000000000000000e+00 8.004466000000000012e-03
1.272133910000000014e+03 0.000000000000000000e+00 8.009498999999999785e-03
1.272814210000000003e+03 0.000000000000000000e+00 8.093449000000000823e-03
1.273494509999999991e+03 0.000000000000000000e+00 8.108940000000000245e-03
1.274174800000000005e+03 0.000000000000000000e+00 8.100950000000000858e-03
1.274855099999999993e+03 0.000000000000000000e+00 8.078460000000000849e-03
1.275535399999999981e+03 0.000000000000000000e+00 8.070350000000000440e-03
1.276215580000000045e+03 0.000000000000000000e+00 8.053559000000000065e-03
1.276895870000000059e+03 0.000000000000000000e+00 8.037760999999999170e-03
1.277576049999999896e+03 0.000000000000000000e+00 8.044410000000000102e-03
1.278256229999999960e+03 0.000000000000000000e+00 8.054445999999999828e-03
1.278936279999999897e+03 0.000000000000000000e+00 8.017187999999999745e-03
1.279616459999999961e+03 0.000000000000000000e+00 7.959581999999999768e-03
1.280296509999999898e+03 0.000000000000000000e+00 7.868768999999999417e-03
1.280976560000000063e+03 0.000000000000000000e+00 7.779834000000000228e-03
1.281656739999999900e+03 0.000000000000000000e+00 7.723528999999999811e-03
1.282336669999999913e+03 0.000000000000000000e+00 7.650450999999999953e-03
1.283016720000000078e+03 0.000000000000000000e+00 7.590381999999999685e-03
1.283696779999999990e+03 0.000000000000000000e+00 7.546930999999999778e-03
1.284376710000000003e+03 0.000000000000000000e+00 7.519780000000000214e-03
1.285056640000000016e+03 0.000000000000000000e+00 7.489744999999999910e-03
1.285736570000000029e+03 0.000000000000000000e+00 7.441511999999999953e-03
1.286416500000000042e+03 0.000000000000000000e+00 7.336294000000000148e-03
1.287096309999999903e+03 0.000000000000000000e+00 7.226472999999999751e-03
1.287776249999999891e+03 0.000000000000000000e+00 7.158110999999999988e-03
1.288456050000000005e+03 0.000000000000000000e+00 7.097823999999999973e-03
1.289135860000000093e+03 0.000000000000000000e+00 7.005278999999999673e-03
1.289815669999999955e+03 0.000000000000000000e+00 6.896475000000000001e-03
1.290495359999999891e+03 0.000000000000000000e+00 6.890051999999999809e-03
1.291175169999999980e+03 0.000000000000000000e+00 6.883064000000000369e-03
1.291854859999999917e+03 0.000000000000000000e+00 6.842647999999999786e-03
1.292534550000000081e+03 0.000000000000000000e+00 6.745224999999999659e-03
1.293214230000000043e+03 0.000000000000000000e+00 6.684561000000000322e-03
1.293893919999999980e+03 0.000000000000000000e+00 6.678950000000000338e-03
1.294573489999999993e+03 0.000000000000000000e+00 6.614288000000000285e-03
1.295253169999999955e+03 0.000000000000000000e+00 6.524242000000000409e-03
1.295932739999999967e+03 0.000000000000000000e+00 6.464313000000000177e-03
1.296612300000000005e+03 0.000000000000000000e+00 6.455487000000000204e-03
1.297291870000000017e+03 0.000000000000000000e+00 6.365085000000000361e-03
1.297971309999999903e+03 0.000000000000000000e+00 6.297524999999999998e-03
1.298650879999999916e+03 0.000000000000000000e+00 6.172734000000000033e-03
1.299330320000000029e+03 0.000000000000000000e+00 6.086547000000000311e-03
1.300009769999999889e+03 0.000000000000000000e+00 6.043503000000000416e-03
1.300689210000000003e+03 0.000000000000000000e+00 5.990383000000000166e-03
1.301368649999999889e+03 0.000000000000000000e+00 5.933902999999999921e-03
1.302047970000000078e+03 0.000000000000000000e+00 5.842370999999999849e-03
1.302727290000000039e+03 0.000000000000000000e+00 5.783059999999999590e-03
1.303406739999999900e+03 0.000000000000000000e+00 5.728653999999999691e-03
1.304085939999999937e+03 0.000000000000000000e+00 5.666054999999999703e-03
1.304765259999999898e+03 0.000000000000000000e+00 5.592548000000000137e-03
1.305444580000000087e+03 0.000000000000000000e+00 5.540226999999999999e-03
1.306123779999999897e+03 0.000000000000000000e+00 5.474093999999999662e-03
1.306802979999999934e+03 0.000000000000000000e+00 5.402803000000000293e-03
1.307482299999999896e+03 0.000000000000000000e+00 5.358266000000000417e-03
1.308161380000000008e+03 0.000000000000000000e+00 5.301016000000000408e-03
1.308840580000000045e+03 0.000000000000000000e+00 5.239792000000000061e-03
1.309519780000000083e+03 0.000000000000000000e+00 5.182006000000000286e-03
1.310198849999999993e+03 0.000000000000000000e+00 5.112427000000000117e-03
1.310877930000000106e+03 0.000000000000000000e+00 5.032476999999999610e-03
1.311557009999999991e+03 0.000000000000000000e+00 4.976015999999999773e-03
1.312236079999999902e+03 0.000000000000000000e+00 4.925505000000000161e-03
1.312915040000000090e+03 0.000000000000000000e+00 4.899706000000000200e-03
1.313594119999999975e+03 0.000000000000000000e+00 4.864771999999999846e-03
1.314273069999999962e+03 0.000000000000000000e+00 4.794595999999999927e-03
1.314952029999999922e+03 0.000000000000000000e+00 4.736894999999999648e-03
1.315630979999999909e+03 0.000000000000000000e+00 4.689378999999999596e-03
1.316309809999999970e+03 0.000000000000000000e+00 4.648824999999999659e-03
1.316988769999999931e+03 0.000000000000000000e+00 4.582580000000000160e-03
1.317667599999999993e+03 0.000000000000000000e+00 4.503479000000000336e-03
1.318346440000000030e+03 0.000000000000000000e+00 4.434468999999999911e-03
1.319025270000000091e+03 0.000000000000000000e+00 4.411443000000000135e-03
1.319704099999999926e+03 0.000000000000000000e+00 4.366046000000000163e-03
1.320382810000000063e+03 0.000000000000000000e+00 4.303368999999999597e-03
1.321061519999999973e+03 0.000000000000000000e+00 4.258318999999999993e-03
1.321740360000000010e+03 0.000000000000000000e+00 4.212162999999999671e-03
1.322419069999999920e+03 0.000000000000000000e+00 4.154666999999999909e-03
1.323097659999999905e+03 0.000000000000000000e+00 4.124670999999999893e-03
1.323776370000000043e+03 0.000000000000000000e+00 4.118094999999999568e-03
1.324454960000000028e+03 0.000000000000000000e+00 4.056259000000000427e-03
1.325133669999999938e+03 0.000000000000000000e+00 3.981260000000000354e-03
1.325812259999999924e+03 0.000000000000000000e+00 3.931285999999999982e-03
1.326490720000000010e+03 0.000000000000000000e+00 3.925464000000000037e-03
1.327169309999999996e+03 0.000000000000000000e+00 3.913752000000000376e-03
1.327847899999999981e+03 0.000000000000000000e+00 3.896862999999999976e-03
1.328526370000000043e+03 0.000000000000000000e+00 3.833703999999999845e-03
1.329204829999999902e+03 0.000000000000000000e+00 3.775829000000000078e-03
1.329883299999999963e+03 0.000000000000000000e+00 3.712686000000000198e-03
1.330561770000000024e+03 0.000000000000000000e+00 3.684398000000000187e-03
1.331240109999999959e+03 0.000000000000000000e+00 3.633420999999999960e-03
1.331918580000000020e+03 0.000000000000000000e+00 3.602428999999999874e-03
1.332596919999999955e+03 0.000000000000000000e+00 3.567344999999999978e-03
1.333275270000000091e+03 0.000000000000000000e+00 3.537234000000000211e-03
1.333953610000000026e+03 0.000000000000000000e+00 3.484743000000000215e-03
1.334631840000000011e+03 0.000000000000000000e+00 3.417164999999999786e-03
1.335310179999999946e+03 0.000000000000000000e+00 3.361130999999999841e-03
1.335988399999999956e+03 0.000000000000000000e+00 3.342877000000000175e-03
1.336666629999999941e+03 0.000000000000000000e+00 3.318609000000000142e-03
1.337344849999999951e+03 0.000000000000000000e+00 3.297825999999999796e-03
1.338022950000000037e+03 0.000000000000000000e+00 3.268141000000000015e-03
1.338701170000000047e+03 0.000000000000000000e+00 3.246812999999999869e-03
1.339379269999999906e+03 0.000000000000000000e+00 3.235636999999999975e-03
1.340057369999999992e+03 0.000000000000000000e+00 3.239325999999999837e-03
1.340735470000000078e+03 0.000000000000000000e+00 3.231537000000000038e-03
1.341413569999999936e+03 0.000000000000000000e+00 3.191143999999999925e-03
1.342091550000000097e+03 0.000000000000000000e+00 3.129902999999999852e-03
1.342769649999999956e+03 0.000000000000000000e+00 3.082166999999999806e-03
1.343447629999999890e+03 0.000000000000000000e+00 3.053834000000000062e-03
1.344125610000000052e+03 0.000000000000000000e+00 3.018517999999999982e-03
1.344803589999999986e+03 0.000000000000000000e+00 3.020150000000000091e-03
1.345481449999999995e+03 0.000000000000000000e+00 2.974370999999999959e-03
1.346159419999999955e+03 0.000000000000000000e+00 2.952022999999999800e-03
1.346837279999999964e+03 0.000000000000000000e+00 2.943433999999999981e-03
1.347515139999999974e+03 0.000000000000000000e+00 2.907669999999999786e-03
1.348192990000000009e+03 0.000000000000000000e+00 2.882823999999999977e-03
1.348870850000000019e+03 0.000000000000000000e+00 2.826843999999999798e-03
1.349548579999999902e+03 0.000000000000000000e+00 2.795473000000000142e-03
1.350226319999999987e+03 0.000000000000000000e+00 2.778764999999999881e-03
1.350904170000000022e+03 0.000000000000000000e+00 2.741528000000000020e-03
1.351581789999999955e+03 0.000000000000000000e+00 2.701325999999999988e-03
1.352259520000000066e+03 0.000000000000000000e+00 2.752394999999999928e-03
1.352937259999999924e+03 0.000000000000000000e+00 2.802793000000000038e-03
1.353614870000000110e+03 0.000000000000000000e+00 2.845034000000000191e-03
1.354292480000000069e+03 0.000000000000000000e+00 2.851810000000000195e-03
1.354970090000000027e+03 0.000000000000000000e+00 2.891607000000000031e-03
1.355647709999999961e+03 0.000000000000000000e+00 2.917496999999999799e-03
1.356325319999999920e+03 0.000000000000000000e+00 2.933140999999999787e-03
1.357002809999999954e+03 0.000000000000000000e+00 2.930968999999999849e-03
1.357680299999999988e+03 0.000000000000000000e+00 2.897792000000000163e-03
1.358357790000000023e+03 0.000000000000000000e+00 2.819704000000000134e-03
1.359035280000000057e+03 0.000000000000000000e+00 2.764061999999999856e-03
1.359712770000000091e+03 0.000000000000000000e+00 2.722071999999999860e-03
1.360390139999999974e+03 0.000000000000000000e+00 2.686524999999999937e-03
1.361067630000000008e+03 0.000000000000000000e+00 2.650402999999999960e-03
1.361744999999999891e+03 0.000000000000000000e+00 2.633741000000000207e-03
1.362422360000000026e+03 0.000000000000000000e+00 2.564681000000000079e-03
1.363099609999999984e+03 0.000000000000000000e+00 2.506887000000000178e-03
1.363776980000000094e+03 0.000000000000000000e+00 2.469461000000000052e-03
1.364454220000000078e+03 0.000000000000000000e+00 2.439984999999999984e-03
1.365131470000000036e+03 0.000000000000000000e+00 2.421656999999999803e-03
1.365808719999999994e+03 0.000000000000000000e+00 2.363632000000000059e-03
1.366485959999999977e+03 0.000000000000000000e+00 2.292861000000000204e-03
1.367163209999999935e+03 0.000000000000000000e+00 2.272291999999999975e-03
1.367840329999999994e+03 0.000000000000000000e+00 2.229729000000000173e-03
