9.306945799999999736e+02 0.000000000000000000e+00 8.646387999999999643e-03
9.313851899999999659e+02 0.000000000000000000e+00 8.580733000000000110e-03
9.320757399999999961e+02 0.000000000000000000e+00 8.827302000000000412e-03
9.327663000000000011e+02 0.000000000000000000e+00 8.507489999999999497e-03
9.334568500000000313e+02 0.000000000000000000e+00 7.437349999999999690e-03
9.341473999999999478e+02 0.000000000000000000e+00 7.052817000000000287e-03
9.348378900000000158e+02 0.000000000000000000e+00 7.367807999999999996e-03
9.355283799999999701e+02 0.000000000000000000e+00 7.397294999999999912e-03
9.362188700000000381e+02 0.000000000000000000e+00 7.178603999999999888e-03
9.369093000000000302e+02 0.000000000000000000e+00 6.844710000000000377e-03
9.375997300000000223e+02 0.000000000000000000e+00 6.435388999999999693e-03
9.382901600000000144e+02 0.000000000000000000e+00 5.914672000000000159e-03
9.389805300000000443e+02 0.000000000000000000e+00 5.762146000000000108e-03
9.396708999999999605e+02 0.000000000000000000e+00 5.614993999999999888e-03
9.403612699999999904e+02 0.000000000000000000e+00 5.612897000000000372e-03
9.410515699999999697e+02 0.000000000000000000e+00 5.763693000000000288e-03
9.417418800000000374e+02 0.000000000000000000e+00 5.876796999999999577e-03
9.424321899999999914e+02 0.000000000000000000e+00 5.780111999999999577e-03
9.431224999999999454e+02 0.000000000000000000e+00 5.582807999999999868e-03
9.438127399999999625e+02 0.000000000000000000e+00 5.476912999999999920e-03
9.445029899999999543e+02 0.000000000000000000e+00 5.607128999999999759e-03
9.451931799999999839e+02 0.000000000000000000e+00 5.665271999999999843e-03
9.458833600000000388e+02 0.000000000000000000e+00 5.719418000000000418e-03
9.465735499999999547e+02 0.000000000000000000e+00 5.686430999999999604e-03
9.472637300000000096e+02 0.000000000000000000e+00 5.962183000000000239e-03
9.479538599999999633e+02 0.000000000000000000e+00 6.195573999999999699e-03
9.486439800000000560e+02 0.000000000000000000e+00 6.479511000000000298e-03
9.493341100000000097e+02 0.000000000000000000e+00 6.494996000000000276e-03
9.500241700000000264e+02 0.000000000000000000e+00 6.923086999999999644e-03
9.507142300000000432e+02 0.000000000000000000e+00 7.494502999999999582e-03
9.514043000000000347e+02 0.000000000000000000e+00 8.079045999999999450e-03
9.520943600000000515e+02 0.000000000000000000e+00 8.301342999999999223e-03
9.527843599999999924e+02 0.000000000000000000e+00 8.748202000000000061e-03
9.534743700000000217e+02 0.000000000000000000e+00 9.170371000000000078e-03
9.541643100000000004e+02 0.000000000000000000e+00 9.948347999999999219e-03
9.548542499999999791e+02 0.000000000000000000e+00 1.042158900000000020e-02
9.555441899999999578e+02 0.000000000000000000e+00 1.071538200000000073e-02
9.562341300000000501e+02 0.000000000000000000e+00 1.134996500000000005e-02
9.569240099999999529e+02 0.000000000000000000e+00 1.213066600000000002e-02
9.576138899999999694e+02 0.000000000000000000e+00 1.301567900000000048e-02
9.583037699999999859e+02 0.000000000000000000e+00 1.396443300000000005e-02
9.589935900000000402e+02 0.000000000000000000e+00 1.490677600000000005e-02
9.596834099999999808e+02 0.000000000000000000e+00 1.593302799999999839e-02
9.603731699999999591e+02 0.000000000000000000e+00 1.722487099999999924e-02
9.610629900000000134e+02 0.000000000000000000e+00 1.811632499999999910e-02
9.617527499999999918e+02 0.000000000000000000e+00 1.903808699999999868e-02
9.624424999999999955e+02 0.000000000000000000e+00 1.997900000000000023e-02
9.631322000000000116e+02 0.000000000000000000e+00 2.108876299999999995e-02
9.638219000000000278e+02 0.000000000000000000e+00 2.264464199999999955e-02
9.645116000000000440e+02 0.000000000000000000e+00 2.381017800000000129e-02
9.652012300000000096e+02 0.000000000000000000e+00 2.477035000000000001e-02
9.658908699999999499e+02 0.000000000000000000e+00 2.580045300000000097e-02
9.665805100000000039e+02 0.000000000000000000e+00 2.688933300000000137e-02
9.672701399999999694e+02 0.000000000000000000e+00 2.766386300000000034e-02
9.679597199999999475e+02 0.000000000000000000e+00 2.823595099999999872e-02
9.686492899999999509e+02 0.000000000000000000e+00 2.910821800000000167e-02
9.693388700000000426e+02 0.000000000000000000e+00 2.992286799999999830e-02
9.700283799999999701e+02 0.000000000000000000e+00 3.070489100000000152e-02
9.707178999999999860e+02 0.000000000000000000e+00 3.119291800000000003e-02
9.714073499999999513e+02 0.000000000000000000e+00 3.200742000000000170e-02
9.720968599999999924e+02 0.000000000000000000e+00 3.245010699999999887e-02
9.727863200000000461e+02 0.000000000000000000e+00 3.286033000000000009e-02
9.734757100000000491e+02 0.000000000000000000e+00 3.339516499999999749e-02
9.741651600000000144e+02 0.000000000000000000e+00 3.420569500000000124e-02
9.748545500000000175e+02 0.000000000000000000e+00 3.543454599999999732e-02
9.755438799999999446e+02 0.000000000000000000e+00 3.622771400000000114e-02
9.762332800000000361e+02 0.000000000000000000e+00 3.701150300000000115e-02
9.769226099999999633e+02 0.000000000000000000e+00 3.788470000000000032e-02
9.776119400000000041e+02 0.000000000000000000e+00 3.882414800000000277e-02
9.783012099999999691e+02 0.000000000000000000e+00 3.965581600000000345e-02
9.789904800000000478e+02 0.000000000000000000e+00 4.032955500000000304e-02
9.796797500000000127e+02 0.000000000000000000e+00 4.160713900000000132e-02
9.803690199999999777e+02 0.000000000000000000e+00 4.302187899999999898e-02
9.810582299999999805e+02 0.000000000000000000e+00 4.445284199999999936e-02
9.817474399999999832e+02 0.000000000000000000e+00 4.592465400000000225e-02
9.824365800000000490e+02 0.000000000000000000e+00 4.762543699999999963e-02
9.831257299999999759e+02 0.000000000000000000e+00 4.923709400000000208e-02
9.838148800000000165e+02 0.000000000000000000e+00 5.093257400000000129e-02
9.845040299999999434e+02 0.000000000000000000e+00 5.243849300000000269e-02
9.851931200000000217e+02 0.000000000000000000e+00 5.401105500000000226e-02
9.858822000000000116e+02 0.000000000000000000e+00 5.550376399999999710e-02
9.865712899999999763e+02 0.000000000000000000e+00 5.729478699999999980e-02
9.872603100000000040e+02 0.000000000000000000e+00 5.862309300000000112e-02
9.879493400000000065e+02 0.000000000000000000e+00 6.045401799999999826e-02
9.886383700000000090e+02 0.000000000000000000e+00 6.201495700000000250e-02
9.893273299999999608e+02 0.000000000000000000e+00 6.380523899999999971e-02
9.900163000000000011e+02 0.000000000000000000e+00 6.480970399999999576e-02
9.907052599999999529e+02 0.000000000000000000e+00 6.562839800000000445e-02
9.913941700000000310e+02 0.000000000000000000e+00 6.599756499999999415e-02
9.920830700000000206e+02 0.000000000000000000e+00 6.668636499999999745e-02
9.927719700000000103e+02 0.000000000000000000e+00 6.693681199999999831e-02
9.934608799999999746e+02 0.000000000000000000e+00 6.663795899999999661e-02
9.941497200000000021e+02 0.000000000000000000e+00 6.608043500000000681e-02
9.948385600000000295e+02 0.000000000000000000e+00 6.509482499999999505e-02
9.955273399999999810e+02 0.000000000000000000e+00 6.416327400000000625e-02
9.962161300000000210e+02 0.000000000000000000e+00 6.251439000000000301e-02
9.969049099999999726e+02 0.000000000000000000e+00 6.126265200000000077e-02
9.975936900000000378e+02 0.000000000000000000e+00 5.937146900000000310e-02
9.982824100000000271e+02 0.000000000000000000e+00 5.781910700000000153e-02
9.989711300000000165e+02 0.000000000000000000e+00 5.638784899999999684e-02
9.996597900000000436e+02 0.000000000000000000e+00 5.534704900000000233e-02
1.000348449999999957e+03 0.000000000000000000e+00 5.374504299999999929e-02
1.001037109999999984e+03 0.000000000000000000e+00 5.181632600000000283e-02
1.001725770000000011e+03 0.000000000000000000e+00 4.965154599999999779e-02
1.002414369999999963e+03 0.000000000000000000e+00 4.760750500000000135e-02
1.003102970000000028e+03 0.000000000000000000e+00 4.580082199999999798e-02
1.003791560000000004e+03 0.000000000000000000e+00 4.393583200000000105e-02
1.004480099999999993e+03 0.000000000000000000e+00 4.203876599999999825e-02
1.005168639999999982e+03 0.000000000000000000e+00 4.026656099999999933e-02
1.005857179999999971e+03 0.000000000000000000e+00 3.853946700000000086e-02
1.006545650000000023e+03 0.000000000000000000e+00 3.701690299999999684e-02
1.007234130000000050e+03 0.000000000000000000e+00 3.592107099999999886e-02
1.007922609999999963e+03 0.000000000000000000e+00 3.407794699999999732e-02
1.008611020000000053e+03 0.000000000000000000e+00 3.239934600000000248e-02
1.009299440000000004e+03 0.000000000000000000e+00 3.132527300000000070e-02
1.009987849999999980e+03 0.000000000000000000e+00 3.031060600000000035e-02
1.010676270000000045e+03 0.000000000000000000e+00 2.912905999999999829e-02
1.011364619999999945e+03 0.000000000000000000e+00 2.784547899999999937e-02
1.012052919999999972e+03 0.000000000000000000e+00 2.696385100000000049e-02
1.012741269999999986e+03 0.000000000000000000e+00 2.602746699999999858e-02
1.013429570000000012e+03 0.000000000000000000e+00 2.516550899999999910e-02
1.014117859999999951e+03 0.000000000000000000e+00 2.454231100000000068e-02
1.014806090000000040e+03 0.000000000000000000e+00 2.392272000000000148e-02
1.015494320000000016e+03 0.000000000000000000e+00 2.344928500000000027e-02
1.016182559999999967e+03 0.000000000000000000e+00 2.287108800000000122e-02
1.016870790000000056e+03 0.000000000000000000e+00 2.230969000000000008e-02
1.017558959999999956e+03 0.000000000000000000e+00 2.188267500000000074e-02
1.018247129999999970e+03 0.000000000000000000e+00 2.160505000000000064e-02
1.018935240000000022e+03 0.000000000000000000e+00 2.126146099999999886e-02
1.019623349999999959e+03 0.000000000000000000e+00 2.120413499999999896e-02
1.020311460000000011e+03 0.000000000000000000e+00 2.102640999999999885e-02
1.020999569999999949e+03 0.000000000000000000e+00 2.084261899999999973e-02
1.021687620000000038e+03 0.000000000000000000e+00 2.071851099999999848e-02
1.022375670000000014e+03 0.000000000000000000e+00 2.075570100000000140e-02
1.023063719999999989e+03 0.000000000000000000e+00 2.096273599999999918e-02
1.023751710000000003e+03 0.000000000000000000e+00 2.111665999999999890e-02
1.024439699999999903e+03 0.000000000000000000e+00 2.123399700000000098e-02
1.025127690000000030e+03 0.000000000000000000e+00 2.145591700000000143e-02
1.025815550000000030e+03 0.000000000000000000e+00 2.184639000000000025e-02
1.026503539999999930e+03 0.000000000000000000e+00 2.214226399999999831e-02
1.027191409999999905e+03 0.000000000000000000e+00 2.246043400000000134e-02
1.027879269999999906e+03 0.000000000000000000e+00 2.287499000000000129e-02
1.028567140000000109e+03 0.000000000000000000e+00 2.348528899999999947e-02
1.029255000000000109e+03 0.000000000000000000e+00 2.412203599999999948e-02
1.029942870000000084e+03 0.000000000000000000e+00 2.463908899999999944e-02
1.030630619999999908e+03 0.000000000000000000e+00 2.549992900000000104e-02
1.031318479999999909e+03 0.000000000000000000e+00 2.624328299999999919e-02
1.032006229999999960e+03 0.000000000000000000e+00 2.694053700000000051e-02
1.032693970000000036e+03 0.000000000000000000e+00 2.729586599999999849e-02
1.033381710000000112e+03 0.000000000000000000e+00 2.796697600000000103e-02
1.034069340000000011e+03 0.000000000000000000e+00 2.889131799999999917e-02
1.034757080000000087e+03 0.000000000000000000e+00 2.964255699999999993e-02
1.035444700000000012e+03 0.000000000000000000e+00 3.023738499999999857e-02
1.036132319999999936e+03 0.000000000000000000e+00 3.084992300000000132e-02
1.036820069999999987e+03 0.000000000000000000e+00 3.167064599999999674e-02
1.037507569999999987e+03 0.000000000000000000e+00 3.211833699999999681e-02
1.038195189999999911e+03 0.000000000000000000e+00 3.243400700000000081e-02
1.038882810000000063e+03 0.000000000000000000e+00 3.270032900000000020e-02
1.039570310000000063e+03 0.000000000000000000e+00 3.301451100000000333e-02
1.040257810000000063e+03 0.000000000000000000e+00 3.322897999999999824e-02
1.040945310000000063e+03 0.000000000000000000e+00 3.327087799999999679e-02
1.041632810000000063e+03 0.000000000000000000e+00 3.311945699999999798e-02
1.042320310000000063e+03 0.000000000000000000e+00 3.311733599999999722e-02
1.043007689999999911e+03 0.000000000000000000e+00 3.309418000000000082e-02
1.043695189999999911e+03 0.000000000000000000e+00 3.280943900000000274e-02
1.044382569999999987e+03 0.000000000000000000e+00 3.272266399999999853e-02
1.045069950000000063e+03 0.000000000000000000e+00 3.243034200000000089e-02
1.045757319999999936e+03 0.000000000000000000e+00 3.207104499999999941e-02
1.046444700000000012e+03 0.000000000000000000e+00 3.166553300000000265e-02
1.047131959999999935e+03 0.000000000000000000e+00 3.128559999999999675e-02
1.047819340000000011e+03 0.000000000000000000e+00 3.082036999999999971e-02
1.048506589999999960e+03 0.000000000000000000e+00 3.056944500000000065e-02
1.049193850000000111e+03 0.000000000000000000e+00 3.018109700000000048e-02
1.049881100000000060e+03 0.000000000000000000e+00 2.980420500000000028e-02
1.050568359999999984e+03 0.000000000000000000e+00 2.932562199999999911e-02
1.051255490000000009e+03 0.000000000000000000e+00 2.894087600000000080e-02
1.051942749999999933e+03 0.000000000000000000e+00 2.878094299999999980e-02
1.052629879999999957e+03 0.000000000000000000e+00 2.859603100000000092e-02
1.053317019999999957e+03 0.000000000000000000e+00 2.840356800000000057e-02
1.054004149999999981e+03 0.000000000000000000e+00 2.802134699999999853e-02
1.054691280000000006e+03 0.000000000000000000e+00 2.785566999999999904e-02
1.055378300000000081e+03 0.000000000000000000e+00 2.768945800000000013e-02
1.056065430000000106e+03 0.000000000000000000e+00 2.755010299999999940e-02
1.056752439999999979e+03 0.000000000000000000e+00 2.731991500000000017e-02
1.057439450000000079e+03 0.000000000000000000e+00 2.711609200000000136e-02
1.058126459999999952e+03 0.000000000000000000e+00 2.698874399999999854e-02
1.058813480000000027e+03 0.000000000000000000e+00 2.688117400000000073e-02
1.059500489999999900e+03 0.000000000000000000e+00 2.677205300000000052e-02
1.060187380000000076e+03 0.000000000000000000e+00 2.682176400000000141e-02
1.060874270000000024e+03 0.000000000000000000e+00 2.699390299999999965e-02
1.061561159999999973e+03 0.000000000000000000e+00 2.713307300000000061e-02
1.062248049999999921e+03 0.000000000000000000e+00 2.715872199999999972e-02
1.062934940000000097e+03 0.000000000000000000e+00 2.721491599999999872e-02
1.063621830000000045e+03 0.000000000000000000e+00 2.751218799999999992e-02
1.064308590000000095e+03 0.000000000000000000e+00 2.770524499999999987e-02
1.064995480000000043e+03 0.000000000000000000e+00 2.797142899999999904e-02
1.065682250000000067e+03 0.000000000000000000e+00 2.793042499999999831e-02
1.066369020000000091e+03 0.000000000000000000e+00 2.816565500000000125e-02
1.067055659999999989e+03 0.000000000000000000e+00 2.862720100000000142e-02
1.067742430000000013e+03 0.000000000000000000e+00 2.892662000000000011e-02
1.068429080000000113e+03 0.000000000000000000e+00 2.903699800000000136e-02
1.069115839999999935e+03 0.000000000000000000e+00 2.910927099999999906e-02
1.069802490000000034e+03 0.000000000000000000e+00 2.934583600000000014e-02
1.070489139999999907e+03 0.000000000000000000e+00 2.943399299999999857e-02
1.071175780000000032e+03 0.000000000000000000e+00 2.934273500000000173e-02
1.071862300000000005e+03 0.000000000000000000e+00 2.930883600000000130e-02
1.072548950000000104e+03 0.000000000000000000e+00 2.908492600000000053e-02
1.073235470000000078e+03 0.000000000000000000e+00 2.893028099999999866e-02
1.073922000000000025e+03 0.000000000000000000e+00 2.835209099999999940e-02
1.074608519999999999e+03 0.000000000000000000e+00 2.781957800000000106e-02
1.075295039999999972e+03 0.000000000000000000e+00 2.750746800000000020e-02
1.075981569999999920e+03 0.000000000000000000e+00 2.726293700000000098e-02
1.076667969999999968e+03 0.000000000000000000e+00 2.685816499999999982e-02
1.077354370000000017e+03 0.000000000000000000e+00 2.613400100000000045e-02
1.078040770000000066e+03 0.000000000000000000e+00 2.557913300000000043e-02
1.078727169999999887e+03 0.000000000000000000e+00 2.494312400000000055e-02
1.079413569999999936e+03 0.000000000000000000e+00 2.425112399999999890e-02
1.080099979999999960e+03 0.000000000000000000e+00 2.357148300000000071e-02
1.080786250000000109e+03 0.000000000000000000e+00 2.287797299999999937e-02
1.081472659999999905e+03 0.000000000000000000e+00 2.213289699999999860e-02
1.082158940000000030e+03 0.000000000000000000e+00 2.143831800000000135e-02
1.082845209999999952e+03 0.000000000000000000e+00 2.089066700000000165e-02
1.083531369999999924e+03 0.000000000000000000e+00 2.032100200000000120e-02
1.084217650000000049e+03 0.000000000000000000e+00 1.948558300000000076e-02
1.084903929999999946e+03 0.000000000000000000e+00 1.887220900000000090e-02
1.085590089999999918e+03 0.000000000000000000e+00 1.844768199999999997e-02
1.086276249999999891e+03 0.000000000000000000e+00 1.801855299999999965e-02
1.086962399999999889e+03 0.000000000000000000e+00 1.751199200000000053e-02
1.087648560000000089e+03 0.000000000000000000e+00 1.709358700000000036e-02
1.088334589999999935e+03 0.000000000000000000e+00 1.670025600000000013e-02
1.089020749999999907e+03 0.000000000000000000e+00 1.643009399999999925e-02
1.089706789999999955e+03 0.000000000000000000e+00 1.606185499999999988e-02
1.090392820000000029e+03 0.000000000000000000e+00 1.583045799999999864e-02
1.091078860000000077e+03 0.000000000000000000e+00 1.568211099999999858e-02
1.091764889999999923e+03 0.000000000000000000e+00 1.553048800000000028e-02
1.092450810000000047e+03 0.000000000000000000e+00 1.545894800000000013e-02
1.093136839999999893e+03 0.000000000000000000e+00 1.542484600000000074e-02
1.093822750000000042e+03 0.000000000000000000e+00 1.540042299999999989e-02
1.094508669999999938e+03 0.000000000000000000e+00 1.540538699999999955e-02
1.095194580000000087e+03 0.000000000000000000e+00 1.550818999999999982e-02
1.095880490000000009e+03 0.000000000000000000e+00 1.564536399999999841e-02
1.096566409999999905e+03 0.000000000000000000e+00 1.578457000000000124e-02
1.097252199999999903e+03 0.000000000000000000e+00 1.587963900000000095e-02
1.097937989999999900e+03 0.000000000000000000e+00 1.597085700000000150e-02
1.098623779999999897e+03 0.000000000000000000e+00 1.611837899999999865e-02
1.099309569999999894e+03 0.000000000000000000e+00 1.624688800000000100e-02
1.099995359999999891e+03 0.000000000000000000e+00 1.653159699999999857e-02
1.100681149999999889e+03 0.000000000000000000e+00 1.711340700000000062e-02
1.101366819999999962e+03 0.000000000000000000e+00 1.767801399999999884e-02
1.102052490000000034e+03 0.000000000000000000e+00 1.816258299999999951e-02
1.102738160000000107e+03 0.000000000000000000e+00 1.869230300000000039e-02
1.103423829999999953e+03 0.000000000000000000e+00 1.919752799999999843e-02
1.104109500000000025e+03 0.000000000000000000e+00 1.995519600000000143e-02
1.104795170000000098e+03 0.000000000000000000e+00 2.069503400000000104e-02
1.105480710000000045e+03 0.000000000000000000e+00 2.138378299999999996e-02
1.106166259999999966e+03 0.000000000000000000e+00 2.237020600000000012e-02
1.106851809999999887e+03 0.000000000000000000e+00 2.405634400000000034e-02
1.107537350000000060e+03 0.000000000000000000e+00 2.540823099999999987e-02
1.108222899999999981e+03 0.000000000000000000e+00 2.645101799999999975e-02
1.108908449999999903e+03 0.000000000000000000e+00 2.740713700000000155e-02
1.109593869999999924e+03 0.000000000000000000e+00 2.840862799999999827e-02
1.110279299999999921e+03 0.000000000000000000e+00 2.973928600000000019e-02
1.110964719999999943e+03 0.000000000000000000e+00 3.127286499999999692e-02
1.111650149999999940e+03 0.000000000000000000e+00 3.286143400000000186e-02
1.112335569999999962e+03 0.000000000000000000e+00 3.458873199999999704e-02
1.113020999999999958e+03 0.000000000000000000e+00 3.633488399999999785e-02
1.113706300000000056e+03 0.000000000000000000e+00 3.825730199999999998e-02
1.114391599999999926e+03 0.000000000000000000e+00 3.989879100000000289e-02
1.115076900000000023e+03 0.000000000000000000e+00 4.164150800000000069e-02
1.115762210000000096e+03 0.000000000000000000e+00 4.346195499999999656e-02
1.116447509999999966e+03 0.000000000000000000e+00 4.525492600000000087e-02
1.117132689999999911e+03 0.000000000000000000e+00 4.725772200000000201e-02
1.117817990000000009e+03 0.000000000000000000e+00 4.947939500000000240e-02
1.118503169999999955e+03 0.000000000000000000e+00 5.132884299999999900e-02
1.119188349999999900e+03 0.000000000000000000e+00 5.353259500000000226e-02
1.119873540000000048e+03 0.000000000000000000e+00 5.524749300000000168e-02
1.120558590000000095e+03 0.000000000000000000e+00 5.673137100000000266e-02
1.121243770000000040e+03 0.000000000000000000e+00 5.828247899999999815e-02
1.121928830000000062e+03 0.000000000000000000e+00 6.056663500000000061e-02
1.122613890000000083e+03 0.000000000000000000e+00 6.222400899999999679e-02
1.123298950000000104e+03 0.000000000000000000e+00 6.357556500000000055e-02
1.123984009999999898e+03 0.000000000000000000e+00 6.457082399999999889e-02
1.124669069999999920e+03 0.000000000000000000e+00 6.572978799999999733e-02
1.125354000000000042e+03 0.000000000000000000e+00 6.651857399999999698e-02
1.126039060000000063e+03 0.000000000000000000e+00 6.728725200000000572e-02
1.126723999999999933e+03 0.000000000000000000e+00 6.769343399999999678e-02
1.127408940000000030e+03 0.000000000000000000e+00 6.774093000000000475e-02
1.128093869999999924e+03 0.000000000000000000e+00 6.794991200000000120e-02
1.128778690000000097e+03 0.000000000000000000e+00 6.816804799999999498e-02
1.129463619999999992e+03 0.000000000000000000e+00 6.831240299999999377e-02
1.130148439999999937e+03 0.000000000000000000e+00 6.834259099999999421e-02
1.130833249999999907e+03 0.000000000000000000e+00 6.852205599999999786e-02
1.131518070000000080e+03 0.000000000000000000e+00 6.847032200000000013e-02
1.132202880000000050e+03 0.000000000000000000e+00 6.821889400000000214e-02
1.132887699999999995e+03 0.000000000000000000e+00 6.795952500000000673e-02
1.133572390000000041e+03 0.000000000000000000e+00 6.752501499999999379e-02
1.134257080000000087e+03 0.000000000000000000e+00 6.671548300000000598e-02
1.134941769999999906e+03 0.000000000000000000e+00 6.609236899999999804e-02
1.135626459999999952e+03 0.000000000000000000e+00 6.534106200000000531e-02
1.136311159999999973e+03 0.000000000000000000e+00 6.433092599999999661e-02
1.136995850000000019e+03 0.000000000000000000e+00 6.320804700000000331e-02
1.137680419999999913e+03 0.000000000000000000e+00 6.244074000000000152e-02
1.138364990000000034e+03 0.000000000000000000e+00 6.164953799999999678e-02
1.139049559999999929e+03 0.000000000000000000e+00 6.095911899999999911e-02
1.139734130000000050e+03 0.000000000000000000e+00 5.978798500000000182e-02
1.140418699999999944e+03 0.000000000000000000e+00 5.910984899999999903e-02
1.141103149999999914e+03 0.000000000000000000e+00 5.852055400000000240e-02
1.141787720000000036e+03 0.000000000000000000e+00 5.796851199999999982e-02
1.142472170000000006e+03 0.000000000000000000e+00 5.759426100000000076e-02
1.143156619999999975e+03 0.000000000000000000e+00 5.707820200000000149e-02
1.143841059999999970e+03 0.000000000000000000e+00 5.657170699999999885e-02
1.144525509999999940e+03 0.000000000000000000e+00 5.630740399999999840e-02
1.145209839999999986e+03 0.000000000000000000e+00 5.584582400000000224e-02
1.145894289999999955e+03 0.000000000000000000e+00 5.551412700000000339e-02
1.146578610000000026e+03 0.000000000000000000e+00 5.509581599999999885e-02
1.147262940000000071e+03 0.000000000000000000e+00 5.477434899999999995e-02
1.147947269999999889e+03 0.000000000000000000e+00 5.413721500000000242e-02
1.148631470000000036e+03 0.000000000000000000e+00 5.380403999999999742e-02
1.149315800000000081e+03 0.000000000000000000e+00 5.339785400000000154e-02
1.150000000000000000e+03 0.000000000000000000e+00 5.301079499999999944e-02
1.150684199999999919e+03 0.000000000000000000e+00 5.262329400000000101e-02
1.151368410000000040e+03 0.000000000000000000e+00 5.237481299999999923e-02
1.152052609999999959e+03 0.000000000000000000e+00 5.213314699999999774e-02
1.152736820000000080e+03 0.000000000000000000e+00 5.180907900000000094e-02
1.153420900000000074e+03 0.000000000000000000e+00 5.154379700000000231e-02
1.154104980000000069e+03 0.000000000000000000e+00 5.138061199999999912e-02
1.154789060000000063e+03 0.000000000000000000e+00 5.132805599999999691e-02
1.155473140000000058e+03 0.000000000000000000e+00 5.083792499999999909e-02
1.156157230000000027e+03 0.000000000000000000e+00 5.014251900000000345e-02
1.156841310000000021e+03 0.000000000000000000e+00 4.983705000000000079e-02
1.157525270000000091e+03 0.000000000000000000e+00 4.940416599999999936e-02
1.158209229999999934e+03 0.000000000000000000e+00 4.883342499999999975e-02
1.158893190000000004e+03 0.000000000000000000e+00 4.806937099999999963e-02
1.159577150000000074e+03 0.000000000000000000e+00 4.740656699999999668e-02
1.160261109999999917e+03 0.000000000000000000e+00 4.682258100000000201e-02
1.160945069999999987e+03 0.000000000000000000e+00 4.632109899999999753e-02
1.161628909999999905e+03 0.000000000000000000e+00 4.531038800000000005e-02
1.162312740000000076e+03 0.000000000000000000e+00 4.435309500000000210e-02
1.162996579999999994e+03 0.000000000000000000e+00 4.371909000000000212e-02
1.163680419999999913e+03 0.000000000000000000e+00 4.305349099999999929e-02
1.164364260000000058e+03 0.000000000000000000e+00 4.229573500000000097e-02
1.165047970000000078e+03 0.000000000000000000e+00 4.134150100000000272e-02
1.165731809999999996e+03 0.000000000000000000e+00 4.048586700000000177e-02
1.166415529999999990e+03 0.000000000000000000e+00 3.968593200000000015e-02
1.167099240000000009e+03 0.000000000000000000e+00 3.906913000000000052e-02
1.167782840000000078e+03 0.000000000000000000e+00 3.827174299999999696e-02
1.168466550000000097e+03 0.000000000000000000e+00 3.735999999999999738e-02
1.169150270000000091e+03 0.000000000000000000e+00 3.671696700000000313e-02
1.169833859999999959e+03 0.000000000000000000e+00 3.616176200000000007e-02
1.170517460000000028e+03 0.000000000000000000e+00 3.537658300000000311e-02
1.171201049999999896e+03 0.000000000000000000e+00 3.465400500000000161e-02
1.171884639999999990e+03 0.000000000000000000e+00 3.417661500000000047e-02
1.172568119999999908e+03 0.000000000000000000e+00 3.360412000000000121e-02
1.173251710000000003e+03 0.000000000000000000e+00 3.300784400000000146e-02
1.173935179999999946e+03 0.000000000000000000e+00 3.242971599999999732e-02
1.174618649999999889e+03 0.000000000000000000e+00 3.206999800000000234e-02
1.175302120000000059e+03 0.000000000000000000e+00 3.167434400000000011e-02
1.175985599999999977e+03 0.000000000000000000e+00 3.121347199999999905e-02
1.176668949999999995e+03 0.000000000000000000e+00 3.088536899999999932e-02
1.177352419999999938e+03 0.000000000000000000e+00 3.068952299999999980e-02
1.178035769999999957e+03 0.000000000000000000e+00 3.054873799999999889e-02
1.178719119999999975e+03 0.000000000000000000e+00 3.039868700000000062e-02
1.179402469999999994e+03 0.000000000000000000e+00 3.042235999999999899e-02
1.180085690000000113e+03 0.000000000000000000e+00 3.036854599999999973e-02
1.180769039999999904e+03 0.000000000000000000e+00 3.031369299999999919e-02
1.181452269999999999e+03 0.000000000000000000e+00 3.039379899999999912e-02
1.182135500000000093e+03 0.000000000000000000e+00 3.045041600000000098e-02
1.182818729999999960e+03 0.000000000000000000e+00 3.045532299999999942e-02
1.183501950000000079e+03 0.000000000000000000e+00 3.053833599999999926e-02
1.184185179999999946e+03 0.000000000000000000e+00 3.063731299999999935e-02
1.184868289999999888e+03 0.000000000000000000e+00 3.076492299999999958e-02
1.185551390000000083e+03 0.000000000000000000e+00 3.072234100000000023e-02
1.186234500000000025e+03 0.000000000000000000e+00 3.070870800000000123e-02
1.186917599999999993e+03 0.000000000000000000e+00 3.076918600000000045e-02
1.187600709999999935e+03 0.000000000000000000e+00 3.098519599999999957e-02
1.188283809999999903e+03 0.000000000000000000e+00 3.119833300000000170e-02
1.188966799999999921e+03 0.000000000000000000e+00 3.127093200000000128e-02
1.189649779999999964e+03 0.000000000000000000e+00 3.133334699999999751e-02
1.190332760000000007e+03 0.000000000000000000e+00 3.148530799999999658e-02
1.191015750000000025e+03 0.000000000000000000e+00 3.162320600000000093e-02
1.191698730000000069e+03 0.000000000000000000e+00 3.164916799999999836e-02
1.192381589999999960e+03 0.000000000000000000e+00 3.148435100000000070e-02
1.193064579999999978e+03 0.000000000000000000e+00 3.138946100000000045e-02
1.193747440000000097e+03 0.000000000000000000e+00 3.146983700000000050e-02
1.194430299999999988e+03 0.000000000000000000e+00 3.142232200000000253e-02
1.195113160000000107e+03 0.000000000000000000e+00 3.127021399999999757e-02
1.195795900000000074e+03 0.000000000000000000e+00 3.098574899999999993e-02
1.196478759999999966e+03 0.000000000000000000e+00 3.080261399999999899e-02
1.197161499999999933e+03 0.000000000000000000e+00 3.051869399999999899e-02
1.197844239999999900e+03 0.000000000000000000e+00 3.023199000000000025e-02
1.198526980000000094e+03 0.000000000000000000e+00 2.982160500000000103e-02
1.199209720000000061e+03 0.000000000000000000e+00 2.950043200000000004e-02
1.199892329999999902e+03 0.000000000000000000e+00 2.914525499999999839e-02
1.200575070000000096e+03 0.000000000000000000e+00 2.890705000000000011e-02
1.201257689999999911e+03 0.000000000000000000e+00 2.855127000000000012e-02
1.201940309999999954e+03 0.000000000000000000e+00 2.811770099999999842e-02
1.202622920000000022e+03 0.000000000000000000e+00 2.765681700000000021e-02
1.203305540000000065e+03 0.000000000000000000e+00 2.719285000000000105e-02
1.203988039999999955e+03 0.000000000000000000e+00 2.674944900000000153e-02
1.204670650000000023e+03 0.000000000000000000e+00 2.616886100000000159e-02
1.205353149999999914e+03 0.000000000000000000e+00 2.535837499999999897e-02
1.206035640000000058e+03 0.000000000000000000e+00 2.478742299999999940e-02
1.206718139999999948e+03 0.000000000000000000e+00 2.438122499999999943e-02
1.207400509999999940e+03 0.000000000000000000e+00 2.393703100000000097e-02
1.208083010000000058e+03 0.000000000000000000e+00 2.339023000000000144e-02
1.208765380000000050e+03 0.000000000000000000e+00 2.287343500000000099e-02
1.209447750000000042e+03 0.000000000000000000e+00 2.238892300000000155e-02
1.210130130000000008e+03 0.000000000000000000e+00 2.200994699999999846e-02
1.210812500000000000e+03 0.000000000000000000e+00 2.154724900000000096e-02
1.211494750000000067e+03 0.000000000000000000e+00 2.110407099999999855e-02
1.212177120000000059e+03 0.000000000000000000e+00 2.060224399999999872e-02
1.212859380000000101e+03 0.000000000000000000e+00 2.019073799999999974e-02
1.213541629999999941e+03 0.000000000000000000e+00 1.977415000000000075e-02
1.214223880000000008e+03 0.000000000000000000e+00 1.933112400000000161e-02
1.214906009999999924e+03 0.000000000000000000e+00 1.882510700000000065e-02
1.215588259999999991e+03 0.000000000000000000e+00 1.839465300000000039e-02
1.216270389999999907e+03 0.000000000000000000e+00 1.796217799999999878e-02
1.216952510000000075e+03 0.000000000000000000e+00 1.752512999999999987e-02
1.217634639999999990e+03 0.000000000000000000e+00 1.717531300000000108e-02
1.218316769999999906e+03 0.000000000000000000e+00 1.692533900000000105e-02
1.218998900000000049e+03 0.000000000000000000e+00 1.659802999999999973e-02
1.219680910000000040e+03 0.000000000000000000e+00 1.631633399999999831e-02
1.220363039999999955e+03 0.000000000000000000e+00 1.608218800000000073e-02
1.221045039999999972e+03 0.000000000000000000e+00 1.586270799999999967e-02
1.221727049999999963e+03 0.000000000000000000e+00 1.552436700000000072e-02
1.222408940000000030e+03 0.000000000000000000e+00 1.528150699999999973e-02
1.223090940000000046e+03 0.000000000000000000e+00 1.512403900000000058e-02
1.223772830000000113e+03 0.000000000000000000e+00 1.495702399999999932e-02
1.224454709999999977e+03 0.000000000000000000e+00 1.479416100000000012e-02
1.225136600000000044e+03 0.000000000000000000e+00 1.460362100000000066e-02
1.225818479999999909e+03 0.000000000000000000e+00 1.443592900000000012e-02
1.226500369999999975e+03 0.000000000000000000e+00 1.429770600000000030e-02
1.227182129999999916e+03 0.000000000000000000e+00 1.416222399999999930e-02
1.227864010000000007e+03 0.000000000000000000e+00 1.403955599999999991e-02
1.228545779999999922e+03 0.000000000000000000e+00 1.397110300000000034e-02
1.229227540000000090e+03 0.000000000000000000e+00 1.381039899999999924e-02
1.229909180000000106e+03 0.000000000000000000e+00 1.363672600000000006e-02
1.230590940000000046e+03 0.000000000000000000e+00 1.349364100000000066e-02
1.231272580000000062e+03 0.000000000000000000e+00 1.344231599999999929e-02
1.231954349999999977e+03 0.000000000000000000e+00 1.342985900000000059e-02
1.232635989999999993e+03 0.000000000000000000e+00 1.345383699999999974e-02
1.233317630000000008e+03 0.000000000000000000e+00 1.349005699999999974e-02
1.233999150000000100e+03 0.000000000000000000e+00 1.349248699999999919e-02
1.234680789999999888e+03 0.000000000000000000e+00 1.351077900000000054e-02
1.235362300000000005e+03 0.000000000000000000e+00 1.358902799999999952e-02
1.236043820000000096e+03 0.000000000000000000e+00 1.367448100000000048e-02
1.236725339999999960e+03 0.000000000000000000e+00 1.371289000000000015e-02
1.237406860000000052e+03 0.000000000000000000e+00 1.379533999999999969e-02
1.238088379999999916e+03 0.000000000000000000e+00 1.391300999999999996e-02
1.238769780000000083e+03 0.000000000000000000e+00 1.413170799999999977e-02
1.239451170000000047e+03 0.000000000000000000e+00 1.437596399999999976e-02
1.240132569999999987e+03 0.000000000000000000e+00 1.459874899999999941e-02
1.240813959999999952e+03 0.000000000000000000e+00 1.481276500000000031e-02
1.241495359999999891e+03 0.000000000000000000e+00 1.506712099999999929e-02
1.242176760000000058e+03 0.000000000000000000e+00 1.533088800000000085e-02
1.242858030000000099e+03 0.000000000000000000e+00 1.569438899999999956e-02
1.243539309999999887e+03 0.000000000000000000e+00 1.602057900000000007e-02
1.244220579999999927e+03 0.000000000000000000e+00 1.643390700000000107e-02
1.244901859999999942e+03 0.000000000000000000e+00 1.677331300000000150e-02
1.245583129999999983e+03 0.000000000000000000e+00 1.714811299999999955e-02
1.246264280000000099e+03 0.000000000000000000e+00 1.752880000000000063e-02
1.246945429999999988e+03 0.000000000000000000e+00 1.787350999999999870e-02
1.247626590000000078e+03 0.000000000000000000e+00 1.828004299999999929e-02
1.248307739999999967e+03 0.000000000000000000e+00 1.883209500000000008e-02
1.248988890000000083e+03 0.000000000000000000e+00 1.956918699999999831e-02
1.249670039999999972e+03 0.000000000000000000e+00 2.007420199999999932e-02
1.250351069999999936e+03 0.000000000000000000e+00 2.045674999999999924e-02
1.251032099999999900e+03 0.000000000000000000e+00 2.086458999999999883e-02
1.251713130000000092e+03 0.000000000000000000e+00 2.142867799999999961e-02
1.252394170000000031e+03 0.000000000000000000e+00 2.199297999999999878e-02
1.253075199999999995e+03 0.000000000000000000e+00 2.227266199999999863e-02
1.253756100000000060e+03 0.000000000000000000e+00 2.262037399999999865e-02
1.254437130000000025e+03 0.000000000000000000e+00 2.306662400000000085e-02
1.255118040000000065e+03 0.000000000000000000e+00 2.350242199999999851e-02
1.255798950000000104e+03 0.000000000000000000e+00 2.397696900000000075e-02
1.256479739999999993e+03 0.000000000000000000e+00 2.428602700000000170e-02
1.257160640000000058e+03 0.000000000000000000e+00 2.456331000000000139e-02
1.257841429999999946e+03 0.000000000000000000e+00 2.491053000000000017e-02
1.258522220000000061e+03 0.000000000000000000e+00 2.527368500000000059e-02
1.259202999999999975e+03 0.000000000000000000e+00 2.549521299999999921e-02
1.259883790000000090e+03 0.000000000000000000e+00 2.574789599999999928e-02
1.260564579999999978e+03 0.000000000000000000e+00 2.600921900000000009e-02
1.261245239999999967e+03 0.000000000000000000e+00 2.628464900000000021e-02
1.261926030000000083e+03 0.000000000000000000e+00 2.638488799999999870e-02
1.262606690000000071e+03 0.000000000000000000e+00 2.643176800000000132e-02
1.263287350000000060e+03 0.000000000000000000e+00 2.653710600000000128e-02
1.263968020000000024e+03 0.000000000000000000e+00 2.667100500000000110e-02
1.264648560000000089e+03 0.000000000000000000e+00 2.679470399999999905e-02
1.265329220000000078e+03 0.000000000000000000e+00 2.681475399999999967e-02
1.266009769999999889e+03 0.000000000000000000e+00 2.688728099999999899e-02
1.266690309999999954e+03 0.000000000000000000e+00 2.691627699999999887e-02
1.267370850000000019e+03 0.000000000000000000e+00 2.678681399999999907e-02
1.268051269999999931e+03 0.000000000000000000e+00 2.666347399999999951e-02
1.268731809999999996e+03 0.000000000000000000e+00 2.659667099999999881e-02
1.269412229999999909e+03 0.000000000000000000e+00 2.655582899999999955e-02
1.270092650000000049e+03 0.000000000000000000e+00 2.646699699999999905e-02
1.270773069999999962e+03 0.000000000000000000e+00 2.634389999999999996e-02
1.271453490000000102e+03 0.000000000000000000e+00 2.626910199999999904e-02
1.272133910000000014e+03 0.000000000000000000e+00 2.631845400000000154e-02
1.272814210000000003e+03 0.000000000000000000e+00 2.641258700000000126e-02
1.273494509999999991e+03 0.000000000000000000e+00 2.638705400000000006e-02
1.274174800000000005e+03 0.000000000000000000e+00 2.622591700000000137e-02
1.274855099999999993e+03 0.000000000000000000e+00 2.622929200000000127e-02
1.275535399999999981e+03 0.000000000000000000e+00 2.621797299999999858e-02
1.276215580000000045e+03 0.000000000000000000e+00 2.614938099999999932e-02
1.276895870000000059e+03 0.000000000000000000e+00 2.607148700000000083e-02
1.277576049999999896e+03 0.000000000000000000e+00 2.598426699999999839e-02
1.278256229999999960e+03 0.000000000000000000e+00 2.591421600000000033e-02
1.278936279999999897e+03 0.000000000000000000e+00 2.581010699999999880e-02
1.279616459999999961e+03 0.000000000000000000e+00 2.565302399999999997e-02
1.280296509999999898e+03 0.000000000000000000e+00 2.540068900000000060e-02
1.280976560000000063e+03 0.000000000000000000e+00 2.523623100000000133e-02
1.281656739999999900e+03 0.000000000000000000e+00 2.508959499999999926e-02
1.282336669999999913e+03 0.000000000000000000e+00 2.480823700000000034e-02
1.283016720000000078e+03 0.000000000000000000e+00 2.457193499999999961e-02
1.283696779999999990e+03 0.000000000000000000e+00 2.445379799999999881e-02
1.284376710000000003e+03 0.000000000000000000e+00 2.430248700000000109e-02
1.285056640000000016e+03 0.000000000000000000e+00 2.417491100000000032e-02
1.285736570000000029e+03 0.000000000000000000e+00 2.389878399999999931e-02
1.286416500000000042e+03 0.000000000000000000e+00 2.358954300000000101e-02
1.287096309999999903e+03 0.000000000000000000e+00 2.327613099999999852e-02
1.287776249999999891e+03 0.000000000000000000e+00 2.301359099999999991e-02
1.288456050000000005e+03 0.000000000000000000e+00 2.266292500000000043e-02
1.289135860000000093e+03 0.000000000000000000e+00 2.233416100000000168e-02
1.289815669999999955e+03 0.000000000000000000e+00 2.197942400000000088e-02
1.290495359999999891e+03 0.000000000000000000e+00 2.177184399999999853e-02
1.291175169999999980e+03 0.000000000000000000e+00 2.155374100000000126e-02
1.291854859999999917e+03 0.000000000000000000e+00 2.125326900000000171e-02
1.292534550000000081e+03 0.000000000000000000e+00 2.083741500000000149e-02
1.293214230000000043e+03 0.000000000000000000e+00 2.052675899999999859e-02
1.293893919999999980e+03 0.000000000000000000e+00 2.024033199999999977e-02
1.294573489999999993e+03 0.000000000000000000e+00 1.992383299999999843e-02
1.295253169999999955e+03 0.000000000000000000e+00 1.952916299999999869e-02
1.295932739999999967e+03 0.000000000000000000e+00 1.921619399999999894e-02
1.296612300000000005e+03 0.000000000000000000e+00 1.893783799999999851e-02
1.297291870000000017e+03 0.000000000000000000e+00 1.862696399999999933e-02
1.297971309999999903e+03 0.000000000000000000e+00 1.820498400000000044e-02
1.298650879999999916e+03 0.000000000000000000e+00 1.784935099999999941e-02
1.299330320000000029e+03 0.000000000000000000e+00 1.757491599999999946e-02
1.300009769999999889e+03 0.000000000000000000e+00 1.731838399999999917e-02
1.300689210000000003e+03 0.000000000000000000e+00 1.703376499999999932e-02
1.301368649999999889e+03 0.000000000000000000e+00 1.669906000000000168e-02
1.302047970000000078e+03 0.000000000000000000e+00 1.633375100000000052e-02
1.302727290000000039e+03 0.000000000000000000e+00 1.595830900000000038e-02
1.303406739999999900e+03 0.000000000000000000e+00 1.565273000000000012e-02
1.304085939999999937e+03 0.000000000000000000e+00 1.535356499999999957e-02
1.304765259999999898e+03 0.000000000000000000e+00 1.506629500000000038e-02
1.305444580000000087e+03 0.000000000000000000e+00 1.477921599999999953e-02
1.306123779999999897e+03 0.000000000000000000e+00 1.449937100000000048e-02
1.306802979999999934e+03 0.000000000000000000e+00 1.418671099999999942e-02
1.307482299999999896e+03 0.000000000000000000e+00 1.391005799999999945e-02
1.308161380000000008e+03 0.000000000000000000e+00 1.363233099999999927e-02
1.308840580000000045e+03 0.000000000000000000e+00 1.340113300000000084e-02
1.309519780000000083e+03 0.000000000000000000e+00 1.311393200000000002e-02
1.310198849999999993e+03 0.000000000000000000e+00 1.285874000000000045e-02
1.310877930000000106e+03 0.000000000000000000e+00 1.256810799999999971e-02
1.311557009999999991e+03 0.000000000000000000e+00 1.234498600000000050e-02
1.312236079999999902e+03 0.000000000000000000e+00 1.213975800000000049e-02
1.312915040000000090e+03 0.000000000000000000e+00 1.193997899999999987e-02
1.313594119999999975e+03 0.000000000000000000e+00 1.170646099999999960e-02
1.314273069999999962e+03 0.000000000000000000e+00 1.142447400000000043e-02
1.314952029999999922e+03 0.000000000000000000e+00 1.126533700000000027e-02
1.315630979999999909e+03 0.000000000000000000e+00 1.115478500000000039e-02
1.316309809999999970e+03 0.000000000000000000e+00 1.097501000000000032e-02
1.316988769999999931e+03 0.000000000000000000e+00 1.075380199999999981e-02
1.317667599999999993e+03 0.000000000000000000e+00 1.055271500000000071e-02
1.318346440000000030e+03 0.000000000000000000e+00 1.035907999999999968e-02
1.319025270000000091e+03 0.000000000000000000e+00 1.020028199999999975e-02
1.319704099999999926e+03 0.000000000000000000e+00 1.002971199999999966e-02
1.320382810000000063e+03 0.000000000000000000e+00 9.858162000000000175e-03
1.321061519999999973e+03 0.000000000000000000e+00 9.680872999999999562e-03
1.321740360000000010e+03 0.000000000000000000e+00 9.533062999999999607e-03
1.322419069999999920e+03 0.000000000000000000e+00 9.391395000000000298e-03
1.323097659999999905e+03 0.000000000000000000e+00 9.299191000000000054e-03
1.323776370000000043e+03 0.000000000000000000e+00 9.168011000000000216e-03
1.324454960000000028e+03 0.000000000000000000e+00 9.008234000000000380e-03
1.325133669999999938e+03 0.000000000000000000e+00 8.859262999999999166e-03
1.325812259999999924e+03 0.000000000000000000e+00 8.741561999999999596e-03
1.326490720000000010e+03 0.000000000000000000e+00 8.591636999999999191e-03
1.327169309999999996e+03 0.000000000000000000e+00 8.486207000000000819e-03
1.327847899999999981e+03 0.000000000000000000e+00 8.389446999999999530e-03
1.328526370000000043e+03 0.000000000000000000e+00 8.279691000000000481e-03
1.329204829999999902e+03 0.000000000000000000e+00 8.169519000000000086e-03
1.329883299999999963e+03 0.000000000000000000e+00 8.048374999999999974e-03
1.330561770000000024e+03 0.000000000000000000e+00 7.943647999999999335e-03
1.331240109999999959e+03 0.000000000000000000e+00 7.882557000000000105e-03
1.331918580000000020e+03 0.000000000000000000e+00 7.801525999999999600e-03
1.332596919999999955e+03 0.000000000000000000e+00 7.710761000000000004e-03
1.333275270000000091e+03 0.000000000000000000e+00 7.601265000000000278e-03
1.333953610000000026e+03 0.000000000000000000e+00 7.467823999999999643e-03
1.334631840000000011e+03 0.000000000000000000e+00 7.350452000000000374e-03
1.335310179999999946e+03 0.000000000000000000e+00 7.275084999999999712e-03
1.335988399999999956e+03 0.000000000000000000e+00 7.170356000000000125e-03
1.336666629999999941e+03 0.000000000000000000e+00 7.106223000000000053e-03
1.337344849999999951e+03 0.000000000000000000e+00 7.040250999999999974e-03
1.338022950000000037e+03 0.000000000000000000e+00 6.980314999999999957e-03
1.338701170000000047e+03 0.000000000000000000e+00 6.905739000000000148e-03
1.339379269999999906e+03 0.000000000000000000e+00 6.872032999999999614e-03
1.340057369999999992e+03 0.000000000000000000e+00 6.798753999999999735e-03
1.340735470000000078e+03 0.000000000000000000e+00 6.730495000000000401e-03
1.341413569999999936e+03 0.000000000000000000e+00 6.674168999999999762e-03
1.342091550000000097e+03 0.000000000000000000e+00 6.639128000000000217e-03
1.342769649999999956e+03 0.000000000000000000e+00 6.558478000000000398e-03
1.343447629999999890e+03 0.000000000000000000e+00 6.481492000000000156e-03
1.344125610000000052e+03 0.000000000000000000e+00 6.414981999999999629e-03
1.344803589999999986e+03 0.000000000000000000e+00 6.357955000000000204e-03
1.345481449999999995e+03 0.000000000000000000e+00 6.240831999999999977e-03
1.346159419999999955e+03 0.000000000000000000e+00 6.112672999999999891e-03
1.346837279999999964e+03 0.000000000000000000e+00 6.054544999999999719e-03
1.347515139999999974e+03 0.000000000000000000e+00 6.010869000000000281e-03
1.348192990000000009e+03 0.000000000000000000e+00 5.935077999999999881e-03
1.348870850000000019e+03 0.000000000000000000e+00 5.831021999999999941e-03
1.349548579999999902e+03 0.000000000000000000e+00 5.762352000000000099e-03
1.350226319999999987e+03 0.000000000000000000e+00 5.680227999999999840e-03
1.350904170000000022e+03 0.000000000000000000e+00 5.597887999999999649e-03
1.351581789999999955e+03 0.000000000000000000e+00 5.538058000000000217e-03
1.352259520000000066e+03 0.000000000000000000e+00 5.604040999999999710e-03
1.352937259999999924e+03 0.000000000000000000e+00 5.653914999999999809e-03
1.353614870000000110e+03 0.000000000000000000e+00 5.650640999999999650e-03
1.354292480000000069e+03 0.000000000000000000e+00 5.672853000000000270e-03
1.354970090000000027e+03 0.000000000000000000e+00 5.699270000000000204e-03
1.355647709999999961e+03 0.000000000000000000e+00 5.745690999999999819e-03
1.356325319999999920e+03 0.000000000000000000e+00 5.711678000000000414e-03
1.357002809999999954e+03 0.000000000000000000e+00 5.643679000000000404e-03
1.357680299999999988e+03 0.000000000000000000e+00 5.584857000000000363e-03
1.358357790000000023e+03 0.000000000000000000e+00 5.500666000000000409e-03
1.359035280000000057e+03 0.000000000000000000e+00 5.423701000000000390e-03
1.359712770000000091e+03 0.000000000000000000e+00 5.344764999999999586e-03
1.360390139999999974e+03 0.000000000000000000e+00 5.277669999999999931e-03
1.361067630000000008e+03 0.000000000000000000e+00 5.189428999999999743e-03
1.361744999999999891e+03 0.000000000000000000e+00 5.106738000000000423e-03
1.362422360000000026e+03 0.000000000000000000e+00 5.008206999999999763e-03
1.363099609999999984e+03 0.000000000000000000e+00 4.919577999999999972e-03
1.363776980000000094e+03 0.000000000000000000e+00 4.793081999999999725e-03
1.364454220000000078e+03 0.000000000000000000e+00 4.691095999999999634e-03
1.365131470000000036e+03 0.000000000000000000e+00 4.576278999999999937e-03
1.365808719999999994e+03 0.000000000000000000e+00 4.472330000000000055e-03
1.366485959999999977e+03 0.000000000000000000e+00 4.372759000000000368e-03
1.367163209999999935e+03 0.000000000000000000e+00 4.268949000000000181e-03
1.367840329999999994e+03 0.000000000000000000e+00 4.150262000000000048e-03
