9.306945799999999736e+02 3.805011000000000070e-03 3.805011000000000070e-03
9.313851899999999659e+02 3.114778999999999812e-03 3.623276525865604461e-03
9.320757399999999961e+02 2.987487999999999949e-03 3.441557840770523551e-03
9.327663000000000011e+02 2.978062000000000070e-03 3.259836524168895251e-03
9.334568500000000313e+02 2.889141000000000018e-03 3.078117839073814775e-03
9.341473999999999478e+02 2.550239000000000152e-03 2.896399153978763789e-03
9.348378900000000158e+02 2.231560000000000054e-03 2.714696257922997579e-03
9.355283799999999701e+02 1.861919999999999981e-03 2.532993361867261727e-03
9.362188700000000381e+02 1.913905000000000033e-03 2.351290465811495516e-03
9.369093000000000302e+02 1.973657000000000189e-03 2.169603358795074363e-03
9.375997300000000223e+02 1.793899999999999965e-03 1.987916251778652776e-03
9.382901600000000144e+02 1.661771999999999945e-03 1.806229144762231623e-03
9.389805300000000443e+02 1.641178999999999989e-03 1.634346318570217360e-03
9.396708999999999605e+02 1.852017000000000073e-03 1.630898078272113383e-03
9.403612699999999904e+02 1.849825999999999944e-03 1.627449837974008972e-03
9.410515699999999697e+02 1.774256000000000097e-03 1.624001947309899278e-03
9.417418800000000374e+02 1.658825000000000056e-03 1.620554006698075649e-03
9.424321899999999914e+02 1.713193999999999915e-03 1.617106066086252455e-03
9.431224999999999454e+02 1.592717000000000004e-03 1.613658125474429477e-03
9.438127399999999625e+02 1.739551999999999895e-03 1.610210534496600782e-03
9.445029899999999543e+02 1.844252000000000001e-03 1.606762893571058587e-03
9.451931799999999839e+02 1.908219999999999968e-03 1.603315552331797391e-03
9.458833600000000388e+02 1.719620999999999953e-03 1.599868261040249479e-03
9.465735499999999547e+02 1.553834000000000031e-03 1.596420919800988717e-03
9.472637300000000096e+02 1.606383000000000073e-03 1.598340565715759788e-03
9.479538599999999633e+02 1.748000999999999895e-03 1.645573375931209123e-03
9.486439800000000560e+02 1.824948000000000065e-03 1.692805501742132568e-03
9.493341100000000097e+02 1.803747999999999983e-03 1.740038311957581903e-03
9.500241700000000264e+02 1.843547999999999975e-03 1.787266331341286468e-03
9.507142300000000432e+02 1.948155999999999933e-03 1.834494350724991032e-03
9.514043000000000347e+02 1.966026999999999966e-03 1.881723054513229293e-03
9.520943600000000515e+02 1.781135000000000097e-03 1.928951073896933857e-03
9.527843599999999924e+02 1.730437000000000034e-03 1.976174986853419541e-03
9.534743700000000217e+02 1.756745000000000095e-03 2.023399584214446729e-03
9.541643100000000004e+02 1.926818000000000064e-03 2.070619390743721339e-03
9.548542499999999791e+02 1.979274999999999958e-03 2.117839197272996382e-03
9.555441899999999578e+02 2.186940999999999972e-03 2.169872456649967179e-03
9.562341300000000501e+02 2.264270000000000085e-03 2.248567611146419423e-03
9.569240099999999529e+02 2.304633999999999849e-03 2.327255921990836838e-03
9.576138899999999694e+02 2.238561999999999930e-03 2.405944232835267697e-03
9.583037699999999859e+02 2.314764999999999878e-03 2.484632543679698123e-03
9.589935900000000402e+02 2.490824999999999897e-03 2.563314010872120175e-03
9.596834099999999808e+02 2.586033000000000168e-03 2.641995478064529217e-03
9.603731699999999591e+02 2.645877999999999945e-03 2.720670101604929884e-03
9.610629900000000134e+02 2.831202000000000111e-03 2.799351568797351503e-03
9.617527499999999918e+02 2.972289999999999828e-03 2.878026192337752170e-03
9.624424999999999955e+02 3.083526000000000062e-03 2.956699675269486294e-03
9.631322000000000116e+02 3.115998999999999939e-03 3.035367455157878154e-03
9.638219000000000278e+02 3.091295999999999888e-03 3.110911605254054833e-03
9.645116000000000440e+02 3.075534999999999901e-03 3.173643291181344958e-03
9.652012300000000096e+02 3.145761999999999864e-03 3.236368610256354014e-03
9.658908699999999499e+02 3.185869999999999935e-03 3.299094838881686149e-03
9.665805100000000039e+02 3.343861000000000055e-03 3.361821067507028693e-03
9.672701399999999694e+02 3.424085999999999796e-03 3.424546386582037749e-03
9.679597199999999475e+02 3.572236999999999808e-03 3.487267157905422302e-03
9.686492899999999509e+02 3.607022000000000093e-03 3.549987019678483777e-03
9.693388700000000426e+02 3.699115000000000215e-03 3.612707791001878305e-03
9.700283799999999701e+02 3.697540999999999935e-03 3.675422195472982222e-03
9.707178999999999860e+02 3.806557999999999817e-03 3.738137509494418760e-03
9.714073499999999513e+02 3.849658000000000160e-03 3.800846456663575096e-03
9.720968599999999924e+02 3.859126000000000049e-03 3.860044884624003799e-03
9.727863200000000461e+02 3.960497999999999796e-03 3.907801611924686946e-03
9.734757100000000491e+02 4.000939000000000231e-03 3.955553490545367888e-03
9.741651600000000144e+02 4.076393000000000204e-03 4.003309525177473592e-03
9.748545500000000175e+02 4.099893000000000287e-03 4.051061403798155401e-03
9.755438799999999446e+02 4.089274999999999854e-03 4.098809126407405509e-03
9.762332800000000361e+02 4.047414000000000046e-03 4.146561697696664328e-03
9.769226099999999633e+02 4.062462999999999665e-03 4.194309420305913569e-03
9.776119400000000041e+02 4.024073000000000407e-03 4.242057142915171483e-03
9.783012099999999691e+02 4.099995000000000375e-03 4.289800709512997696e-03
9.789904800000000478e+02 4.184249999999999602e-03 4.337544276110832583e-03
9.796797500000000127e+02 4.300410000000000170e-03 4.385287842708657929e-03
9.803690199999999777e+02 4.459620000000000077e-03 4.446746398365091467e-03
9.810582299999999805e+02 4.556113999999999997e-03 4.545239738542079452e-03
9.817474399999999832e+02 4.647242000000000213e-03 4.643733078719068305e-03
9.824365800000000490e+02 4.755742000000000302e-03 4.742216415364757832e-03
9.831257299999999759e+02 4.999721999999999847e-03 4.840701181086329297e-03
9.838148800000000165e+02 5.058545000000000229e-03 4.939185946807917241e-03
9.845040299999999434e+02 5.070309000000000274e-03 5.037670712529487838e-03
9.851931200000000217e+02 5.097624000000000252e-03 5.136146903795674873e-03
9.858822000000000116e+02 5.164608999999999693e-03 5.234621665985947879e-03
9.865712899999999763e+02 5.270272999999999798e-03 5.333097857252118434e-03
9.872603100000000040e+02 5.439348999999999573e-03 5.431564044986989664e-03
9.879493400000000065e+02 5.594426000000000433e-03 5.530031661797759311e-03
9.886383700000000090e+02 5.582954999999999689e-03 5.579251379256158945e-03
9.893273299999999608e+02 5.523105999999999849e-03 5.514238103158189755e-03
9.900163000000000011e+02 5.448843000000000089e-03 5.449223883416515722e-03
9.907052599999999529e+02 5.328847000000000271e-03 5.384210607318546532e-03
9.913941700000000310e+02 5.395505000000000093e-03 5.319202049439046912e-03
9.920830700000000206e+02 5.344208999999999939e-03 5.254194435203251266e-03
9.927719700000000103e+02 5.240087000000000043e-03 5.189186820967456489e-03
9.934608799999999746e+02 5.082917000000000164e-03 5.124178263087967276e-03
9.941497200000000021e+02 5.086717999999999622e-03 5.059176310714346043e-03
9.948385600000000295e+02 5.076976000000000405e-03 4.994174358340724811e-03
9.955273399999999810e+02 4.990869999999999682e-03 4.929178067829288398e-03
9.962161300000000210e+02 4.862077999999999713e-03 4.864180833674148011e-03
9.969049099999999726e+02 4.812564000000000078e-03 4.776464134232212382e-03
9.975936900000000378e+02 4.784489000000000276e-03 4.642243043387324873e-03
9.982824100000000271e+02 4.669420999999999988e-03 4.508033644614595041e-03
9.989711300000000165e+02 4.497338000000000030e-03 4.373824245841865209e-03
9.996597900000000436e+02 4.331085000000000143e-03 4.239626539141270502e-03
1.000348449999999957e+03 4.303275999999999976e-03 4.105428832440699213e-03
1.001037109999999984e+03 4.244104999999999753e-03 3.971231125740104506e-03
1.001725770000000011e+03 4.090474000000000193e-03 3.837033419039510666e-03
1.002414369999999963e+03 3.832924000000000140e-03 3.702847404411074503e-03
1.003102970000000028e+03 3.672757999999999926e-03 3.568661389782615788e-03
1.003791560000000004e+03 3.443870999999999825e-03 3.434477323832865053e-03
1.004480099999999993e+03 3.359538999999999928e-03 3.300303001276564448e-03
1.005168639999999982e+03 3.146060000000000002e-03 3.193762163489083546e-03
1.005857179999999971e+03 3.142715999999999826e-03 3.138287943789259005e-03
1.006545650000000023e+03 3.126241999999999997e-03 3.082819363842209497e-03
1.007234130000000050e+03 3.110306000000000182e-03 3.027349978216193303e-03
1.007922609999999963e+03 3.005124000000000076e-03 2.971880592590186217e-03
1.008611020000000053e+03 2.942660000000000154e-03 2.916416846716944622e-03
1.009299440000000004e+03 2.894849000000000120e-03 2.860952295164745883e-03
1.009987849999999980e+03 2.867435000000000209e-03 2.805488549291513829e-03
1.010676270000000045e+03 2.767253999999999808e-03 2.750023997739305982e-03
1.011364619999999945e+03 2.660661999999999836e-03 2.694565085939890949e-03
1.012052919999999972e+03 2.574945999999999832e-03 2.639110202535308470e-03
1.012741269999999986e+03 2.537677999999999809e-03 2.583651290735884329e-03
1.013429570000000012e+03 2.552486000000000078e-03 2.526239437222140005e-03
1.014117859999999951e+03 2.512649000000000046e-03 2.465496095558699155e-03
1.014806090000000040e+03 2.443489000000000078e-03 2.404758049047724111e-03
1.015494320000000016e+03 2.344338999999999971e-03 2.344020002536758608e-03
1.016182559999999967e+03 2.285891999999999872e-03 2.283281073500382716e-03
1.016870790000000056e+03 2.189346000000000000e-03 2.222543026989407672e-03
1.017558959999999956e+03 2.068111999999999989e-03 2.161810275630927924e-03
1.018247129999999970e+03 2.007461999999999788e-03 2.101077524272438636e-03
1.018935240000000022e+03 1.971442999999999807e-03 2.040350068066425129e-03
1.019623349999999959e+03 1.965155000000000114e-03 1.979622611860421162e-03
1.020311460000000011e+03 1.887842999999999943e-03 1.918895155654407655e-03
1.020999569999999949e+03 1.828140000000000017e-03 1.858167699448404122e-03
1.021687620000000038e+03 1.826577999999999926e-03 1.823991951157465357e-03
1.022375670000000014e+03 1.847934000000000078e-03 1.832279464628230881e-03
1.023063719999999989e+03 1.825266000000000085e-03 1.840566978098996404e-03
1.023751710000000003e+03 1.848402999999999982e-03 1.848853768874016016e-03
1.024439699999999903e+03 1.847443999999999953e-03 1.857140559649034326e-03
1.025127690000000030e+03 1.843721999999999896e-03 1.865427350424055455e-03
1.025815550000000030e+03 1.848166999999999952e-03 1.873712575358291426e-03
1.026503539999999930e+03 1.831603999999999914e-03 1.881999366133309736e-03
1.027191409999999905e+03 1.887313000000000055e-03 1.890284711516836223e-03
1.027879269999999906e+03 1.910887999999999910e-03 1.898569936451072193e-03
1.028567140000000109e+03 1.920148999999999901e-03 1.906855281834601498e-03
1.029255000000000109e+03 1.898937999999999971e-03 1.915140506768837469e-03
1.029942870000000084e+03 1.948223000000000012e-03 1.933848773723225627e-03
1.030630619999999908e+03 2.021643999999999958e-03 1.968497250644856908e-03
1.031318479999999909e+03 2.036431000000000005e-03 2.003151269307626003e-03
1.032006229999999960e+03 2.040240000000000022e-03 2.037799746229268343e-03
1.032693970000000036e+03 2.039843999999999859e-03 2.072447719356264491e-03
1.033381710000000112e+03 2.103008999999999868e-03 2.107095692483260205e-03
1.034069340000000011e+03 2.178171999999999921e-03 2.141738123869118323e-03
1.034757080000000087e+03 2.255860000000000157e-03 2.176386096996114038e-03
1.035444700000000012e+03 2.317858999999999805e-03 2.211028024587325530e-03
1.036132319999999936e+03 2.334683000000000157e-03 2.245669952178537022e-03
1.036820069999999987e+03 2.308212000000000024e-03 2.280318429100179362e-03
1.037507569999999987e+03 2.311168000000000163e-03 2.314954311155617474e-03
1.038195189999999911e+03 2.350374000000000126e-03 2.341273178671129159e-03
1.038882810000000063e+03 2.348163999999999807e-03 2.355192798601490368e-03
1.039570310000000063e+03 2.309516000000000173e-03 2.369109989349462916e-03
1.040257810000000063e+03 2.258954000000000083e-03 2.383027180097435898e-03
1.040945310000000063e+03 2.258355000000000085e-03 2.396944370845408446e-03
1.041632810000000063e+03 2.318600000000000088e-03 2.410861561593381427e-03
1.042320310000000063e+03 2.376159999999999991e-03 2.424778752341353975e-03
1.043007689999999911e+03 2.378507000000000191e-03 2.438693513906938729e-03
1.043695189999999911e+03 2.403227999999999875e-03 2.452610704654911711e-03
1.044382569999999987e+03 2.405633999999999811e-03 2.466525466220500801e-03
1.045069950000000063e+03 2.425782000000000025e-03 2.480440227786089892e-03
1.045757319999999936e+03 2.471051000000000150e-03 2.494354786919809538e-03
1.046444700000000012e+03 2.521194999999999947e-03 2.517317584965055380e-03
1.047131959999999935e+03 2.542925000000000133e-03 2.553625668476862745e-03
1.047819340000000011e+03 2.539326000000000170e-03 2.589940091612724128e-03
1.048506589999999960e+03 2.555856000000000013e-03 2.626247646822529088e-03
1.049193850000000111e+03 2.588029999999999844e-03 2.662555730334348596e-03
1.049881100000000060e+03 2.673421999999999951e-03 2.698863285544153990e-03
1.050568359999999984e+03 2.734139999999999921e-03 2.735171369055961789e-03
1.051255490000000009e+03 2.765081999999999870e-03 2.771472584641725308e-03
1.051942749999999933e+03 2.787739999999999923e-03 2.807780668153533107e-03
1.052629879999999957e+03 2.860695999999999812e-03 2.844081883739297059e-03
1.053317019999999957e+03 2.900808999999999853e-03 2.880383627627062983e-03
1.054004149999999981e+03 2.952498000000000015e-03 2.916684843212826936e-03
1.054691280000000006e+03 2.927817000000000093e-03 2.950070804208654914e-03
1.055378300000000081e+03 2.963377000000000112e-03 2.979114926777160378e-03
1.056065430000000106e+03 3.012996999999999898e-03 3.008163699652033687e-03
1.056752439999999979e+03 3.074854000000000129e-03 3.037207399465406167e-03
1.057439450000000079e+03 3.102772000000000169e-03 3.066251099278788188e-03
1.058126459999999952e+03 3.162800999999999807e-03 3.095294799092160234e-03
1.058813480000000027e+03 3.173406000000000143e-03 3.124338921660665697e-03
1.059500489999999900e+03 3.150761000000000187e-03 3.153382621474037743e-03
1.060187380000000076e+03 3.168156000000000097e-03 3.182421248225928041e-03
1.060874270000000024e+03 3.170048999999999870e-03 3.211459874977808798e-03
1.061561159999999973e+03 3.205883999999999991e-03 3.240498501729689122e-03
1.062248049999999921e+03 3.267532999999999983e-03 3.269537128481569879e-03
1.062934940000000097e+03 3.290523999999999966e-03 3.298776529062855817e-03
1.063621830000000045e+03 3.282123000000000072e-03 3.328322490083075562e-03
1.064308590000000095e+03 3.294599000000000052e-03 3.357862859269188874e-03
1.064995480000000043e+03 3.355019999999999791e-03 3.387408820289408620e-03
1.065682250000000067e+03 3.396998000000000031e-03 3.416949619616605708e-03
1.066369020000000091e+03 3.456388999999999816e-03 3.446490418943803230e-03
1.067055659999999989e+03 3.553368999999999799e-03 3.476025626436883911e-03
1.067742430000000013e+03 3.597092000000000084e-03 3.505566425764081433e-03
1.068429080000000113e+03 3.655378999999999833e-03 3.535102063398256299e-03
1.069115839999999935e+03 3.677713999999999896e-03 3.564642432584359637e-03
1.069802490000000034e+03 3.663934000000000201e-03 3.594178070218534068e-03
1.070489139999999907e+03 3.639572000000000206e-03 3.623713707852699393e-03
1.071175780000000032e+03 3.649302000000000101e-03 3.628961050987949532e-03
1.071862300000000005e+03 3.669655999999999873e-03 3.595484038687148890e-03
1.072548950000000104e+03 3.660046000000000133e-03 3.562000687151360614e-03
1.073235470000000078e+03 3.630041999999999991e-03 3.528523674850559538e-03
1.073922000000000025e+03 3.635541999999999854e-03 3.495046174916299677e-03
1.074608519999999999e+03 3.625826999999999870e-03 3.461569162615498602e-03
1.075295039999999972e+03 3.628020999999999937e-03 3.428092150314697526e-03
1.075981569999999920e+03 3.575237000000000206e-03 3.394614650380437665e-03
1.076667969999999968e+03 3.511928000000000098e-03 3.361143489681154162e-03
1.077354370000000017e+03 3.438885999999999939e-03 3.327672328981870226e-03
1.078040770000000066e+03 3.394985000000000103e-03 3.294201168282586290e-03
1.078727169999999887e+03 3.295220000000000180e-03 3.260730007583313630e-03
1.079413569999999936e+03 3.204536999999999924e-03 3.207696981042738264e-03
1.080099979999999960e+03 3.082303000000000213e-03 3.121443534812140975e-03
1.080786250000000109e+03 2.986957000000000154e-03 3.035207680811349840e-03
1.081472659999999905e+03 2.911448000000000074e-03 2.948954234580780740e-03
1.082158940000000030e+03 2.830878000000000214e-03 2.862717123992148446e-03
1.082845209999999952e+03 2.730282000000000108e-03 2.776481269991385933e-03
1.083531369999999924e+03 2.652607999999999876e-03 2.690259238456906097e-03
1.084217650000000049e+03 2.565873000000000199e-03 2.604022127868273803e-03
1.084903929999999946e+03 2.496080999999999821e-03 2.517785017279670131e-03
1.085590089999999918e+03 2.413198000000000079e-03 2.431562985745190295e-03
1.086276249999999891e+03 2.332736000000000184e-03 2.345340954210710024e-03
1.086962399999999889e+03 2.239057999999999934e-03 2.259120179264071347e-03
1.087648560000000089e+03 2.179616000000000105e-03 2.189244230724467655e-03
1.088334589999999935e+03 2.075341999999999985e-03 2.149501267731244569e-03
1.089020749999999907e+03 2.014226999999999945e-03 2.109750773602073973e-03
1.089706789999999955e+03 1.926058999999999931e-03 2.070007231290690169e-03
1.090392820000000029e+03 1.881064999999999907e-03 2.030264268297454072e-03
1.091078860000000077e+03 1.860417000000000060e-03 1.990520725986069835e-03
1.091764889999999923e+03 1.835536000000000025e-03 1.950777762992846965e-03
1.092450810000000047e+03 1.884541999999999901e-03 1.911041172499249518e-03
1.093136839999999893e+03 1.828109000000000071e-03 1.871298209506026648e-03
1.093822750000000042e+03 1.785076000000000024e-03 1.831562198330576909e-03
1.094508669999999938e+03 1.733483000000000072e-03 1.791825607836992906e-03
1.095194580000000087e+03 1.718088999999999901e-03 1.752089596661543383e-03
1.095880490000000009e+03 1.721794000000000015e-03 1.729932019248540693e-03
1.096566409999999905e+03 1.667957000000000077e-03 1.743724483076685957e-03
1.097252199999999903e+03 1.623075999999999989e-03 1.757514332867776913e-03
1.097937989999999900e+03 1.562701000000000107e-03 1.771304182658867870e-03
1.098623779999999897e+03 1.589160999999999959e-03 1.785094032449958826e-03
1.099309569999999894e+03 1.590447000000000041e-03 1.798883882241049783e-03
1.099995359999999891e+03 1.601098999999999925e-03 1.812673732032140739e-03
1.100681149999999889e+03 1.593128000000000079e-03 1.826463581823231912e-03
1.101366819999999962e+03 1.654475000000000086e-03 1.840251018657041620e-03
1.102052490000000034e+03 1.703445000000000046e-03 1.854038455490851327e-03
1.102738160000000107e+03 1.780892000000000065e-03 1.867825892324661251e-03
1.103423829999999953e+03 1.834539000000000048e-03 1.881613329158466404e-03
1.104109500000000025e+03 1.911839999999999937e-03 1.911134157910389505e-03
1.104795170000000098e+03 1.940745000000000013e-03 1.977232570336566377e-03
1.105480710000000045e+03 1.975155000000000140e-03 2.043318450796019568e-03
1.106166259999999966e+03 1.989649000000000018e-03 2.109405295252909322e-03
1.106851809999999887e+03 2.084270000000000046e-03 2.175492139709799509e-03
1.107537350000000060e+03 2.161742999999999824e-03 2.241578020169274384e-03
1.108222899999999981e+03 2.240838000000000205e-03 2.307664864626164138e-03
1.108908449999999903e+03 2.275034999999999905e-03 2.373751709083053892e-03
1.109593869999999924e+03 2.320982000000000080e-03 2.439826021573241431e-03
1.110279299999999921e+03 2.401733999999999987e-03 2.505901298060866401e-03
1.110964719999999943e+03 2.513801999999999877e-03 2.571975610551053941e-03
1.111650149999999940e+03 2.608041000000000179e-03 2.638050887038678478e-03
1.112335569999999962e+03 2.716436999999999932e-03 2.716010423195628753e-03
1.113020999999999958e+03 2.833234000000000013e-03 2.826296762124477085e-03
1.113706300000000056e+03 2.981263000000000055e-03 2.936562183929695459e-03
1.114391599999999926e+03 3.117712999999999821e-03 3.046827605734876970e-03
1.115076900000000023e+03 3.216927000000000068e-03 3.157093027540094909e-03
1.115762210000000096e+03 3.310207999999999814e-03 3.267360058354820511e-03
1.116447509999999966e+03 3.402084000000000098e-03 3.377625480160002022e-03
1.117132689999999911e+03 3.527240000000000063e-03 3.487871593851061235e-03
1.117817990000000009e+03 3.649269000000000124e-03 3.598137015656279608e-03
1.118503169999999955e+03 3.778617000000000174e-03 3.708383129347338387e-03
1.119188349999999900e+03 3.850538000000000138e-03 3.818629243038397167e-03
1.119873540000000048e+03 3.935560999999999747e-03 3.928876965738999603e-03
1.120558590000000095e+03 4.036663000000000230e-03 4.020090071557518192e-03
1.121243770000000040e+03 4.131123999999999907e-03 4.048536134778152329e-03
1.121928830000000062e+03 4.216310000000000023e-03 4.076977216055962042e-03
1.122613890000000083e+03 4.253988000000000214e-03 4.105418297333771754e-03
1.123298950000000104e+03 4.334448999999999767e-03 4.133859378611581467e-03
1.123984009999999898e+03 4.365965000000000297e-03 4.162300459889381639e-03
1.124669069999999920e+03 4.386079000000000193e-03 4.190741541167192219e-03
1.125354000000000042e+03 4.372988999999999869e-03 4.219177225340276123e-03
1.126039060000000063e+03 4.367865000000000289e-03 4.247618306618085836e-03
1.126723999999999933e+03 4.376302000000000317e-03 4.276054405953062451e-03
1.127408940000000030e+03 4.391457999999999993e-03 4.304490505288047740e-03
1.128093869999999924e+03 4.380020999999999567e-03 4.332926189461122971e-03
1.128778690000000097e+03 4.352204000000000142e-03 4.351606214375934589e-03
1.129463619999999992e+03 4.339789000000000146e-03 4.329181858025463701e-03
1.130148439999999937e+03 4.282069999999999800e-03 4.306761103034543667e-03
1.130833249999999907e+03 4.243221000000000145e-03 4.284340675439945491e-03
1.131518070000000080e+03 4.211635000000000031e-03 4.261919920449018517e-03
1.132202880000000050e+03 4.178920000000000030e-03 4.239499492854420341e-03
1.132887699999999995e+03 4.141773999999999976e-03 4.217078737863501174e-03
1.133572390000000041e+03 4.106260999999999939e-03 4.194662239024776577e-03
1.134257080000000087e+03 4.096650999999999765e-03 4.172245740186051981e-03
1.134941769999999906e+03 4.108482999999999580e-03 4.149829241347335190e-03
1.135626459999999952e+03 4.097161999999999679e-03 4.127412742508610594e-03
1.136311159999999973e+03 4.094775000000000151e-03 4.104995916273564138e-03
1.136995850000000019e+03 4.082378000000000222e-03 4.094881413220421290e-03
1.137680419999999913e+03 4.060509000000000340e-03 4.156311909527566316e-03
1.138364990000000034e+03 4.092578000000000361e-03 4.217742405834732158e-03
1.139049559999999929e+03 4.125346000000000221e-03 4.279172902141877184e-03
1.139734130000000050e+03 4.173475999999999748e-03 4.340603398449043027e-03
1.140418699999999944e+03 4.274736000000000334e-03 4.402033894756188920e-03
1.141103149999999914e+03 4.364548000000000212e-03 4.463453622756875620e-03
1.141787720000000036e+03 4.460513999999999625e-03 4.524884119064041463e-03
1.142472170000000006e+03 4.495319000000000224e-03 4.586303847064728163e-03
1.143156619999999975e+03 4.520370999999999591e-03 4.647723575065414864e-03
1.143841059999999970e+03 4.643399999999999785e-03 4.709142405707232061e-03
1.144525509999999940e+03 4.750650000000000359e-03 4.770562133707918762e-03
1.145209839999999986e+03 4.835400999999999588e-03 4.835648883920338516e-03
1.145894289999999955e+03 4.963356999999999838e-03 4.934978348335677598e-03
1.146578610000000026e+03 5.118407000000000165e-03 5.034288946755890309e-03
1.147262940000000071e+03 5.210522999999999891e-03 5.133600996406494088e-03
1.147947269999999889e+03 5.250140999999999836e-03 5.232913046057065774e-03
1.148631470000000036e+03 5.370861999999999685e-03 5.332206229712544050e-03
1.149315800000000081e+03 5.518315999999999673e-03 5.431518279363148696e-03
1.150000000000000000e+03 5.630699999999999768e-03 5.530811463018594012e-03
1.150684199999999919e+03 5.732845999999999775e-03 5.630104646674039329e-03
1.151368410000000040e+03 5.818852000000000226e-03 5.729399281559909539e-03
1.152052609999999959e+03 5.899507000000000015e-03 5.828692465215354855e-03
1.152736820000000080e+03 5.964154999999999630e-03 5.927987100101225065e-03
1.153420900000000074e+03 6.026987999999999616e-03 6.021206696976691940e-03
1.154104980000000069e+03 6.137916999999999679e-03 5.979703714646978155e-03
1.154789060000000063e+03 6.175734000000000432e-03 5.938200732317264370e-03
1.155473140000000058e+03 6.157754999999999999e-03 5.896697749987550585e-03
1.156157230000000027e+03 6.124975999999999858e-03 5.855194160960049306e-03
1.156841310000000021e+03 6.115510999999999690e-03 5.813691178630335521e-03
1.157525270000000091e+03 6.084103000000000427e-03 5.772195476674081213e-03
1.158209229999999934e+03 6.018187000000000363e-03 5.730699774717841651e-03
1.158893190000000004e+03 5.923168000000000356e-03 5.689204072761587343e-03
1.159577150000000074e+03 5.827561999999999673e-03 5.647708370805333902e-03
1.160261109999999917e+03 5.728770000000000216e-03 5.606212668849093472e-03
1.160945069999999987e+03 5.630742999999999686e-03 5.564716966892839164e-03
1.161628909999999905e+03 5.524023000000000301e-03 5.523228545310059079e-03
1.162312740000000076e+03 5.450883999999999591e-03 5.427690576830934352e-03
1.162996579999999994e+03 5.379511000000000015e-03 5.331300625861176874e-03
1.163680419999999913e+03 5.264974999999999863e-03 5.234910674891419397e-03
1.164364260000000058e+03 5.167676999999999861e-03 5.138520723921629826e-03
1.165047970000000078e+03 5.046774999999999872e-03 5.042149096965701204e-03
1.165731809999999996e+03 4.942018999999999752e-03 4.945759145995943726e-03
1.166415529999999990e+03 4.819282000000000253e-03 4.849386109500492675e-03
1.167099240000000009e+03 4.690442999999999869e-03 4.753014482544563185e-03
1.167782840000000078e+03 4.587476000000000054e-03 4.656658360523416827e-03
1.168466550000000097e+03 4.515904999999999746e-03 4.560286733567488204e-03
1.169150270000000091e+03 4.448638999999999892e-03 4.463913697072036287e-03
1.169833859999999959e+03 4.365825000000000261e-03 4.367558984590445316e-03
1.170517460000000028e+03 4.292212000000000111e-03 4.333599190732410379e-03
1.171201049999999896e+03 4.206106999999999728e-03 4.304956790738447350e-03
1.171884639999999990e+03 4.196031000000000240e-03 4.276314390744474780e-03
1.172568119999999908e+03 4.177372999999999850e-03 4.247676599747130140e-03
1.173251710000000003e+03 4.163883000000000167e-03 4.219034199753157570e-03
1.173935179999999946e+03 4.110187999999999862e-03 4.190396827755504643e-03
1.174618649999999889e+03 4.105212999999999918e-03 4.161759455757850848e-03
1.175302120000000059e+03 4.109274999999999907e-03 4.133122083760187512e-03
1.175985599999999977e+03 4.095269000000000340e-03 4.104484292762842872e-03
1.176668949999999995e+03 4.056861999999999621e-03 4.075851948761498311e-03
1.177352419999999938e+03 4.025446000000000232e-03 4.047214576763845384e-03
1.178035769999999957e+03 4.012072000000000208e-03 4.018582232762501691e-03
1.178719119999999975e+03 4.038106999999999981e-03 4.003184583015601851e-03
1.179402469999999994e+03 4.037502999999999578e-03 3.990050374720378185e-03
1.180085690000000113e+03 4.016424000000000209e-03 3.976918665067250697e-03
1.180769039999999904e+03 3.998816999999999997e-03 3.963784456772031367e-03
1.181452269999999999e+03 4.006865000000000079e-03 3.950652554915666179e-03
1.182135500000000093e+03 3.999538000000000398e-03 3.937520653059300990e-03
1.182818729999999960e+03 3.970241000000000221e-03 3.924388751202941006e-03
1.183501950000000079e+03 3.938243999999999599e-03 3.911257041549813518e-03
1.184185179999999946e+03 3.937860999999999966e-03 3.898125139693453100e-03
1.184868289999999888e+03 3.940746000000000179e-03 3.884995544275952027e-03
1.185551390000000083e+03 3.905323000000000041e-03 3.871866141061683884e-03
1.186234500000000025e+03 3.870257000000000211e-03 3.858736545644182812e-03
1.186917599999999993e+03 3.802012000000000013e-03 3.819857800449313022e-03
1.187600709999999935e+03 3.774502999999999799e-03 3.773788596256984033e-03
1.188283809999999903e+03 3.712884999999999970e-03 3.727720066468544115e-03
1.188966799999999921e+03 3.723399999999999974e-03 3.681658955122900888e-03
1.189649779999999964e+03 3.661792999999999992e-03 3.635598518181147164e-03
1.190332760000000007e+03 3.621311999999999795e-03 3.589538081239393007e-03
1.191015750000000025e+03 3.556239000000000101e-03 3.543476969893749780e-03
1.191698730000000069e+03 3.524203000000000058e-03 3.497416532951995623e-03
1.192381589999999960e+03 3.472238999999999794e-03 3.451364188856942839e-03
1.193064579999999978e+03 3.424931999999999890e-03 3.405303077511299611e-03
1.193747440000000097e+03 3.361839000000000147e-03 3.359250733416231649e-03
1.194430299999999988e+03 3.310893999999999990e-03 3.313198389321178865e-03
1.195113160000000107e+03 3.276807999999999978e-03 3.257547070151818342e-03
1.195795900000000074e+03 3.241388999999999902e-03 3.197892671829437056e-03
1.196478759999999966e+03 3.181835000000000045e-03 3.138227788508675398e-03
1.197161499999999933e+03 3.111393000000000058e-03 3.078573390186293678e-03
1.197844239999999900e+03 3.032430000000000021e-03 3.018918991863912393e-03
1.198526980000000094e+03 2.961596999999999841e-03 2.959264593541511158e-03
1.199209720000000061e+03 2.898635000000000100e-03 2.899610195219129438e-03
1.199892329999999902e+03 2.821477000000000186e-03 2.839967155645011735e-03
1.200575070000000096e+03 2.770304999999999816e-03 2.780312757322610500e-03
1.201257689999999911e+03 2.705500000000000006e-03 2.720668843998629103e-03
1.201940309999999954e+03 2.660468000000000034e-03 2.661024930674628190e-03
1.202622920000000022e+03 2.592765999999999821e-03 2.601381891100490104e-03
1.203305540000000065e+03 2.569227999999999790e-03 2.553761994102777405e-03
1.203988039999999955e+03 2.540371999999999943e-03 2.513398258103728515e-03
1.204670650000000023e+03 2.462822999999999835e-03 2.473028016594105375e-03
1.205353149999999914e+03 2.398183999999999819e-03 2.432664280595056485e-03
1.206035640000000058e+03 2.354207999999999995e-03 2.392301136006043990e-03
1.206718139999999948e+03 2.339096000000000144e-03 2.351937400006995100e-03
1.207400509999999940e+03 2.300274000000000155e-03 2.311581352338607127e-03
1.208083010000000058e+03 2.231432000000000207e-03 2.271217616339544793e-03
1.208765380000000050e+03 2.181585000000000208e-03 2.230861568671156387e-03
1.209447750000000042e+03 2.133070999999999839e-03 2.190505521002767981e-03
1.210130130000000008e+03 2.089971999999999837e-03 2.150148881924330169e-03
1.210812500000000000e+03 2.092414999999999813e-03 2.109792834255941763e-03
1.211494750000000067e+03 2.087839000000000188e-03 2.080195041811808750e-03
1.212177120000000059e+03 2.085123999999999832e-03 2.059826245711785832e-03
1.212859380000000101e+03 2.046043999999999901e-03 2.039460733120079718e-03
1.213541629999999941e+03 1.988625999999999849e-03 2.019095519029135474e-03
1.214223880000000008e+03 1.985559000000000022e-03 1.998730304938184724e-03
1.214906009999999924e+03 1.964276999999999950e-03 1.978368672856312648e-03
1.215588259999999991e+03 1.932967000000000062e-03 1.958003458765361898e-03
1.216270389999999907e+03 1.886862999999999908e-03 1.937641826683489821e-03
1.216952510000000075e+03 1.873443000000000027e-03 1.917280493102366387e-03
1.217634639999999990e+03 1.859870999999999920e-03 1.896918861020494311e-03
1.218316769999999906e+03 1.836018999999999932e-03 1.876557228938622235e-03
1.218998900000000049e+03 1.836813000000000074e-03 1.856195596856743436e-03
1.219680910000000040e+03 1.852275999999999923e-03 1.836089710704341465e-03
1.220363039999999955e+03 1.860419000000000092e-03 1.816291718983693154e-03
1.221045039999999972e+03 1.833374999999999935e-03 1.796497500354569390e-03
1.221727049999999963e+03 1.757045000000000048e-03 1.776702991487636362e-03
1.222408940000000030e+03 1.714086999999999989e-03 1.756911965474419052e-03
1.223090940000000046e+03 1.729133000000000102e-03 1.737117746845295288e-03
1.223772830000000113e+03 1.714700999999999899e-03 1.717326720832077977e-03
1.224454709999999977e+03 1.699898999999999941e-03 1.697535985056676435e-03
1.225136600000000044e+03 1.653083999999999977e-03 1.677744959043458908e-03
1.225818479999999909e+03 1.658958000000000091e-03 1.657954223268057366e-03
1.226500369999999975e+03 1.636677000000000010e-03 1.638163197254840055e-03
1.227182129999999916e+03 1.632304000000000003e-03 1.618375944333154013e-03
1.227864010000000007e+03 1.592111999999999911e-03 1.601346991047630916e-03
1.228545779999999922e+03 1.578903999999999898e-03 1.589396985753038522e-03
1.229227540000000090e+03 1.530511000000000024e-03 1.577447155737572194e-03
1.229909180000000106e+03 1.523000000000000048e-03 1.565499429071677204e-03
1.230590940000000046e+03 1.506954000000000019e-03 1.553549599056214996e-03
1.231272580000000062e+03 1.483673000000000023e-03 1.541601872390320005e-03
1.231954349999999977e+03 1.451255999999999944e-03 1.529651867095727612e-03
1.232635989999999993e+03 1.450813000000000016e-03 1.517704140429832621e-03
1.233317630000000008e+03 1.454699999999999960e-03 1.505756413763937630e-03
1.233999150000000100e+03 1.473137000000000014e-03 1.493810790447609857e-03
1.234680789999999888e+03 1.446278999999999967e-03 1.481863063781718986e-03
1.235362300000000005e+03 1.455073000000000087e-03 1.469917615744521615e-03
1.236043820000000096e+03 1.463417999999999967e-03 1.465598001998875488e-03
1.236725339999999960e+03 1.480301999999999963e-03 1.483865896579182869e-03
1.237406860000000052e+03 1.484550000000000062e-03 1.502133791159496537e-03
1.238088379999999916e+03 1.487122999999999917e-03 1.520401685739804134e-03
1.238769780000000083e+03 1.498549000000000062e-03 1.538666363763966380e-03
1.239451170000000047e+03 1.532403000000000107e-03 1.556930773741777236e-03
1.240132569999999987e+03 1.566048000000000006e-03 1.575195451765933410e-03
1.240813959999999952e+03 1.579410999999999966e-03 1.593459861743744266e-03
1.241495359999999891e+03 1.549033999999999914e-03 1.611724539767900441e-03
1.242176760000000058e+03 1.573558000000000075e-03 1.629989217792062687e-03
1.242858030000000099e+03 1.609303999999999986e-03 1.648250411213722120e-03
1.243539309999999887e+03 1.663322999999999972e-03 1.666511872681721018e-03
1.244220579999999927e+03 1.685979999999999901e-03 1.687923831033630176e-03
1.244901859999999942e+03 1.724316000000000043e-03 1.727492028334420273e-03
1.245583129999999983e+03 1.733675000000000060e-03 1.767059644843213193e-03
1.246264280000000099e+03 1.761944000000000097e-03 1.806620291848023497e-03
1.246945429999999988e+03 1.763056000000000042e-03 1.846180938852820573e-03
1.247626590000000078e+03 1.781915999999999925e-03 1.885742166649628272e-03
1.248307739999999967e+03 1.824902999999999898e-03 1.925302813654425566e-03
1.248988890000000083e+03 1.899731999999999896e-03 1.964863460659235870e-03
1.249670039999999972e+03 1.938033999999999937e-03 2.004424107664032947e-03
1.250351069999999936e+03 1.982564000000000028e-03 2.043977785164847842e-03
1.251032099999999900e+03 2.016945000000000023e-03 2.083531462665662304e-03
1.251713130000000092e+03 2.092199999999999789e-03 2.123085140166490643e-03
1.252394170000000031e+03 2.163480000000000177e-03 2.163646875417951643e-03
1.253075199999999995e+03 2.215097000000000073e-03 2.229286597420955182e-03
1.253756100000000060e+03 2.261163999999999969e-03 2.294913789632534260e-03
1.254437130000000025e+03 2.330248999999999949e-03 2.360553511635537800e-03
1.255118040000000065e+03 2.394158999999999871e-03 2.426181667677224617e-03
1.255798950000000104e+03 2.447832999999999953e-03 2.491809823718911434e-03
1.256479739999999993e+03 2.488451999999999938e-03 2.557426413799259845e-03
1.257160640000000058e+03 2.576510000000000172e-03 2.623053606010838923e-03
1.257841429999999946e+03 2.675851999999999831e-03 2.688670196091187334e-03
1.258522220000000061e+03 2.741522000000000143e-03 2.754286786171557862e-03
1.259202999999999975e+03 2.778374000000000121e-03 2.819902412421798534e-03
1.259883790000000090e+03 2.844967999999999803e-03 2.885519002502169063e-03
1.260564579999999978e+03 2.949656000000000153e-03 2.951135592582517474e-03
1.261245239999999967e+03 3.003707999999999899e-03 2.989193037556135517e-03
1.261926030000000083e+03 3.020261000000000213e-03 3.025010977097745881e-03
1.262606690000000071e+03 3.045866999999999845e-03 3.060822077038091987e-03
1.263287350000000060e+03 3.096376999999999984e-03 3.096633176978437658e-03
1.263968020000000024e+03 3.149542999999999874e-03 3.132444803041955703e-03
1.264648560000000089e+03 3.191825000000000131e-03 3.168249589504221198e-03
1.265329220000000078e+03 3.226374000000000169e-03 3.204060689444566869e-03
1.266009769999999889e+03 3.259418000000000037e-03 3.239866002029992594e-03
1.266690309999999954e+03 3.284892000000000194e-03 3.275670788492258088e-03
1.267370850000000019e+03 3.284187999999999951e-03 3.311475574954523583e-03
1.268051269999999931e+03 3.320739000000000069e-03 3.347274047938696758e-03
1.268731809999999996e+03 3.380815000000000122e-03 3.383078834400962253e-03
1.269412229999999909e+03 3.420967000000000018e-03 3.411104142042767177e-03
1.270092650000000049e+03 3.459836999999999895e-03 3.437256338238149807e-03
1.270773069999999962e+03 3.484741999999999874e-03 3.463408534433523762e-03
1.271453490000000102e+03 3.530779999999999856e-03 3.489560730628906392e-03
1.272133910000000014e+03 3.567971999999999984e-03 3.515712926824280347e-03
1.272814210000000003e+03 3.585579000000000197e-03 3.541860510774950087e-03
1.273494509999999991e+03 3.597008999999999970e-03 3.568008094725619826e-03
1.274174800000000005e+03 3.614860000000000122e-03 3.594155294322565371e-03
1.274855099999999993e+03 3.653087000000000174e-03 3.620302878273235110e-03
1.275535399999999981e+03 3.674469000000000086e-03 3.646450462223904850e-03
1.276215580000000045e+03 3.700272000000000110e-03 3.672593433929870806e-03
1.276895870000000059e+03 3.704100000000000101e-03 3.698740633526816351e-03
1.277576049999999896e+03 3.711841999999999919e-03 3.691695684920252938e-03
1.278256229999999960e+03 3.698191999999999886e-03 3.669197035315482653e-03
1.278936279999999897e+03 3.697535999999999965e-03 3.646702685784886707e-03
1.279616459999999961e+03 3.695169999999999792e-03 3.624204036180116422e-03
1.280296509999999898e+03 3.697946000000000132e-03 3.601709686649520476e-03
1.280976560000000063e+03 3.687235999999999986e-03 3.579215337118916724e-03
1.281656739999999900e+03 3.648442999999999912e-03 3.556716687514154245e-03
1.282336669999999913e+03 3.598599999999999976e-03 3.534226307282788745e-03
1.283016720000000078e+03 3.553390999999999928e-03 3.511731957752184993e-03
1.283696779999999990e+03 3.514145000000000203e-03 3.489237277446653393e-03
1.284376710000000003e+03 3.471234000000000125e-03 3.466746897215288326e-03
1.285056640000000016e+03 3.455745000000000084e-03 3.444256516983922826e-03
1.285736570000000029e+03 3.396450000000000077e-03 3.401022045979871025e-03
1.286416500000000042e+03 3.326167000000000099e-03 3.341076418192806454e-03
1.287096309999999903e+03 3.259559999999999888e-03 3.281141370135042413e-03
1.287776249999999891e+03 3.232445999999999930e-03 3.221194860703872464e-03
1.288456050000000005e+03 3.185480000000000082e-03 3.161260694290193851e-03
1.289135860000000093e+03 3.105169000000000071e-03 3.101325646232409861e-03
1.289815669999999955e+03 2.971398000000000095e-03 3.041390598174646253e-03
1.290495359999999891e+03 2.938811999999999848e-03 2.981466129846163226e-03
1.291175169999999980e+03 2.934051999999999927e-03 2.921531081788379235e-03
1.291854859999999917e+03 2.891677000000000049e-03 2.861606613459896208e-03
1.292534550000000081e+03 2.827749000000000061e-03 2.801682145131393232e-03
1.293214230000000043e+03 2.753016000000000057e-03 2.741758558447015583e-03
1.293893919999999980e+03 2.676995000000000156e-03 2.684714408107055032e-03
1.294573489999999993e+03 2.618914999999999871e-03 2.631647198555228662e-03
1.295253169999999955e+03 2.551739999999999824e-03 2.578571399170054203e-03
1.295932739999999967e+03 2.507072999999999854e-03 2.525504189618227834e-03
1.296612300000000005e+03 2.446372000000000043e-03 2.472437760960339952e-03
1.297291870000000017e+03 2.380142000000000022e-03 2.419370551408513582e-03
1.297971309999999903e+03 2.319302999999999990e-03 2.366313493477930491e-03
1.298650879999999916e+03 2.272839000000000022e-03 2.313246283926103687e-03
1.299330320000000029e+03 2.229220999999999980e-03 2.260189225995502815e-03
1.300009769999999889e+03 2.193637999999999925e-03 2.207131387170980369e-03
1.300689210000000003e+03 2.142195999999999857e-03 2.154074329240379497e-03
1.301368649999999889e+03 2.094898999999999893e-03 2.101017271309796840e-03
1.302047970000000078e+03 2.046922999999999972e-03 2.050487410918744053e-03
1.302727290000000039e+03 1.975316999999999872e-03 2.006352559116333836e-03
1.303406739999999900e+03 1.924729999999999931e-03 1.962209261322741573e-03
1.304085939999999937e+03 1.879096000000000021e-03 1.918082205819885647e-03
1.304765259999999898e+03 1.827000999999999972e-03 1.873947354017475647e-03
1.305444580000000087e+03 1.746310999999999957e-03 1.829812502215050901e-03
1.306123779999999897e+03 1.712079999999999939e-03 1.785685446712209504e-03
1.306802979999999934e+03 1.696122999999999902e-03 1.741558391209353362e-03
1.307482299999999896e+03 1.672197000000000050e-03 1.697423539406943361e-03
1.308161380000000008e+03 1.634423999999999990e-03 1.653304280203641077e-03
1.308840580000000045e+03 1.591823999999999930e-03 1.609177224700784935e-03
1.309519780000000083e+03 1.555032000000000029e-03 1.565050169197928793e-03
1.310198849999999993e+03 1.522813999999999938e-03 1.523110747938943898e-03
1.310877930000000106e+03 1.491549000000000000e-03 1.494609699581395893e-03
1.311557009999999991e+03 1.452195000000000092e-03 1.466108651223857647e-03
1.312236079999999902e+03 1.409359999999999910e-03 1.437608022567212797e-03
1.312915040000000090e+03 1.368421000000000090e-03 1.409112010620398132e-03
1.313594119999999975e+03 1.344827000000000045e-03 1.380610962262859669e-03
1.314273069999999962e+03 1.319534000000000028e-03 1.352115370016948159e-03
1.314952029999999922e+03 1.298268999999999899e-03 1.323619358070143252e-03
1.315630979999999909e+03 1.269128000000000010e-03 1.295123765824231742e-03
1.316309809999999970e+03 1.239751999999999998e-03 1.266633209989053571e-03
1.316988769999999931e+03 1.220406999999999959e-03 1.238137198042248231e-03
1.317667599999999993e+03 1.208822999999999929e-03 1.209646642207070060e-03
1.318346440000000030e+03 1.181156999999999953e-03 1.181155666670998276e-03
1.319025270000000091e+03 1.159146000000000004e-03 1.167619855395269322e-03
1.319704099999999926e+03 1.153673000000000025e-03 1.154210497682895027e-03
1.320382810000000063e+03 1.161572999999999946e-03 1.140803510406302205e-03
1.321061519999999973e+03 1.140474999999999952e-03 1.127396523129713720e-03
1.321740360000000010e+03 1.103339000000000056e-03 1.113986967881019875e-03
1.322419069999999920e+03 1.100849000000000098e-03 1.100579980604431390e-03
1.323097659999999905e+03 1.089399000000000010e-03 1.087175363763628715e-03
1.323776370000000043e+03 1.048387000000000017e-03 1.073768376487035676e-03
1.324454960000000028e+03 1.019984999999999946e-03 1.060363759646233001e-03
1.325133669999999938e+03 1.034137000000000077e-03 1.046956772369644515e-03
1.325812259999999924e+03 1.024341999999999918e-03 1.033552155528841840e-03
1.326490720000000010e+03 1.021488000000000083e-03 1.020150106660140188e-03
1.327169309999999996e+03 9.906750000000001059e-04 1.003170717680550682e-03
1.327847899999999981e+03 9.762209999999999898e-04 9.855039106710457211e-04
1.328526370000000043e+03 9.570100000000000004e-04 9.678402278113804134e-04
1.329204829999999902e+03 9.408949999999999692e-04 9.501768052975405159e-04
1.329883299999999963e+03 9.434229999999999830e-04 9.325131224378753166e-04
1.330561770000000024e+03 9.332680000000000099e-04 9.148494395782100089e-04
1.331240109999999959e+03 9.349519999999999619e-04 8.971891412142099812e-04
1.331918580000000020e+03 9.135130000000000203e-04 8.795254583545447820e-04
1.332596919999999955e+03 8.903469999999999917e-04 8.618651599905447543e-04
1.333275270000000091e+03 8.792949999999999898e-04 8.442046012807193165e-04
1.333953610000000026e+03 8.556669999999999511e-04 8.265443029167192888e-04
1.334631840000000011e+03 8.138999999999999967e-04 8.088868683567395756e-04
1.335310179999999946e+03 7.874969999999999583e-04 7.966191593371094084e-04
1.335988399999999956e+03 7.752119999999999497e-04 7.868786601181984629e-04
1.336666629999999941e+03 7.761769999999999651e-04 7.771380172807095497e-04
1.337344849999999951e+03 7.881000000000000201e-04 7.673975180617986043e-04
1.338022950000000037e+03 7.884940000000000438e-04 7.576587422658264152e-04
1.338701170000000047e+03 7.942999999999999540e-04 7.479182430469154697e-04
1.339379269999999906e+03 7.890590000000000494e-04 7.381794672509466417e-04
1.340057369999999992e+03 7.642019999999999586e-04 7.284406914549744526e-04
1.340735470000000078e+03 7.459870000000000390e-04 7.187019156590022636e-04
1.341413569999999936e+03 7.419749999999999696e-04 7.089631398630334355e-04
1.342091550000000097e+03 7.470050000000000214e-04 6.992260874900000029e-04
1.342769649999999956e+03 7.093270000000000478e-04 6.894873116940310664e-04
1.343447629999999890e+03 6.641530000000000090e-04 6.789901697784710968e-04
1.344125610000000052e+03 6.554790000000000443e-04 6.677866208444472153e-04
1.344803589999999986e+03 6.671770000000000261e-04 6.565830719104272370e-04
1.345481449999999995e+03 6.753199999999999785e-04 6.453815059639159395e-04
1.346159419999999955e+03 6.606710000000000447e-04 6.341781222788546836e-04
1.346837279999999964e+03 6.392620000000000333e-04 6.229765563323433862e-04
1.347515139999999974e+03 6.200059999999999859e-04 6.117749903858321972e-04
1.348192990000000009e+03 6.105740000000000126e-04 6.005735896882797306e-04
1.348870850000000019e+03 5.828639999999999950e-04 5.893720237417684332e-04
1.349548579999999902e+03 5.775160000000000319e-04 5.781726060317285507e-04
1.350226319999999987e+03 5.698240000000000249e-04 5.669730230727261511e-04
1.350904170000000022e+03 5.602699999999999738e-04 5.557716223751736845e-04
1.351581789999999955e+03 5.425340000000000067e-04 5.476871732575190523e-04
1.352259520000000066e+03 5.400129999999999948e-04 5.453704689892641903e-04
1.352937259999999924e+03 5.622319999999999662e-04 5.430537305377179311e-04
1.353614870000000110e+03 5.831330000000000020e-04 5.407374364689703514e-04
1.354292480000000069e+03 5.784440000000000068e-04 5.384211424002235307e-04
1.354970090000000027e+03 5.593899999999999957e-04 5.361048483314766015e-04
1.355647709999999961e+03 5.530999999999999459e-04 5.337885200794376247e-04
1.356325319999999920e+03 5.591139999999999869e-04 5.314722260106906956e-04
1.357002809999999954e+03 5.657280000000000425e-04 5.291563421414510488e-04
1.357680299999999988e+03 5.517789999999999631e-04 5.268404582722114021e-04
1.358357790000000023e+03 5.397950000000000317e-04 5.245245744029717553e-04
1.359035280000000057e+03 5.335840000000000331e-04 5.222086905337321085e-04
1.359712770000000091e+03 5.198619999999999500e-04 5.181738217422898014e-04
1.360390139999999974e+03 5.402300000000000504e-04 5.061932062200962803e-04
1.361067630000000008e+03 5.544239999999999759e-04 4.942104682628016077e-04
1.361744999999999891e+03 5.562440000000000093e-04 4.822298527406080324e-04
1.362422360000000026e+03 5.408890000000000182e-04 4.702494140880016300e-04
1.363099609999999984e+03 5.430450000000000294e-04 4.582709210009052489e-04
1.363776980000000094e+03 5.231360000000000003e-04 4.462903054787077163e-04
1.364454220000000078e+03 5.020359999999999753e-04 4.343119892612024653e-04
1.365131470000000036e+03 4.516839999999999939e-04 4.223334961741061384e-04
1.365808719999999994e+03 4.388560000000000009e-04 4.103550030870097573e-04
1.366485959999999977e+03 4.406020000000000075e-04 3.983766868695045064e-04
1.367163209999999935e+03 4.216150000000000214e-04 3.863981937824081253e-04
1.367840329999999994e+03 3.744220000000000144e-04 3.744220000000000144e-04
