9.306945799999999736e+02 3.320165999999999829e-03 3.320165999999999829e-03
9.313851899999999659e+02 3.164230999999999988e-03 3.215709338996810846e-03
9.320757399999999961e+02 3.070523999999999823e-03 3.111261753158557370e-03
9.327663000000000011e+02 3.080792000000000166e-03 3.006812654792817389e-03
9.334568500000000313e+02 2.562520999999999896e-03 2.902365068954564347e-03
9.341473999999999478e+02 2.545149000000000022e-03 2.797917483116328218e-03
9.348378900000000158e+02 2.454738000000000146e-03 2.693478972443010683e-03
9.355283799999999701e+02 2.495821999999999971e-03 2.589040461769710061e-03
9.362188700000000381e+02 2.625142000000000014e-03 2.484601951096392092e-03
9.369093000000000302e+02 2.457836000000000135e-03 2.380172515588027411e-03
9.375997300000000223e+02 2.233109999999999956e-03 2.275743080079662729e-03
9.382901600000000144e+02 2.122510000000000195e-03 2.171313644571298048e-03
9.389805300000000443e+02 2.067415999999999872e-03 2.069446027919942793e-03
9.396708999999999605e+02 1.899590999999999953e-03 2.011504517159862573e-03
9.403612699999999904e+02 1.722486999999999976e-03 1.953563006399772380e-03
9.410515699999999697e+02 1.721295000000000073e-03 1.895627370613618776e-03
9.417418800000000374e+02 1.689252000000000028e-03 1.837690895545467107e-03
9.424321899999999914e+02 1.711395000000000104e-03 1.779754420477324978e-03
9.431224999999999454e+02 1.490337999999999906e-03 1.721817945409183067e-03
9.438127399999999625e+02 1.423388000000000040e-03 1.663887345314967337e-03
9.445029899999999543e+02 1.327447999999999953e-03 1.605955905938763516e-03
9.451931799999999839e+02 1.377294000000000044e-03 1.548029502254498219e-03
9.458833600000000388e+02 1.346535000000000050e-03 1.490103937852220797e-03
9.465735499999999547e+02 1.371054999999999930e-03 1.432177534167964825e-03
9.472637300000000096e+02 1.388726999999999974e-03 1.383888021851927821e-03
9.479538599999999633e+02 1.539047999999999892e-03 1.416959649042887981e-03
9.486439800000000560e+02 1.587234999999999991e-03 1.450030797025195998e-03
9.493341100000000097e+02 1.600429999999999908e-03 1.483102424216156375e-03
9.500241700000000264e+02 1.522920999999999997e-03 1.516170696946505993e-03
9.507142300000000432e+02 1.570687999999999989e-03 1.549238969676855612e-03
9.514043000000000347e+02 1.763068999999999921e-03 1.582307721615863012e-03
9.520943600000000515e+02 1.769771000000000061e-03 1.615375994346212631e-03
9.527843599999999924e+02 1.670812999999999942e-03 1.648441391824604068e-03
9.534743700000000217e+02 1.686006000000000093e-03 1.681507268511658708e-03
9.541643100000000004e+02 1.835686999999999909e-03 1.714569790738097168e-03
9.548542499999999791e+02 1.849759999999999989e-03 1.747632312964535629e-03
9.555441899999999578e+02 1.762303000000000003e-03 1.790522607165092196e-03
9.562341300000000501e+02 1.769476000000000078e-03 1.887849297425382971e-03
9.569240099999999529e+02 1.982250000000000071e-03 1.985167523759196091e-03
9.576138899999999694e+02 1.993035000000000206e-03 2.082485750093024824e-03
9.583037699999999859e+02 1.984253000000000058e-03 2.179803976426853990e-03
9.589935900000000402e+02 1.988025000000000035e-03 2.277113738834237160e-03
9.596834099999999808e+02 2.014142999999999923e-03 2.374423501241604718e-03
9.603731699999999591e+02 2.159154999999999842e-03 2.471724799722526279e-03
9.610629900000000134e+02 2.314547000000000132e-03 2.569034562129909448e-03
9.617527499999999918e+02 2.508200999999999833e-03 2.666335860610831443e-03
9.624424999999999955e+02 2.761772000000000012e-03 2.763635748437348084e-03
9.631322000000000116e+02 2.879417999999999908e-03 2.860928582991823649e-03
9.638219000000000278e+02 2.950293000000000099e-03 2.953373489225745007e-03
9.645116000000000440e+02 3.004594000000000188e-03 3.025933225951023698e-03
9.652012300000000096e+02 3.160263999999999868e-03 3.098485598341701487e-03
9.658908699999999499e+02 3.370473000000000132e-03 3.171039022780175812e-03
9.665805100000000039e+02 3.463705999999999990e-03 3.243592447218662279e-03
9.672701399999999694e+02 3.577868000000000107e-03 3.316144819609339635e-03
9.679597199999999475e+02 3.665547999999999810e-03 3.388691931761021736e-03
9.686492899999999509e+02 3.712973999999999962e-03 3.461237991864906868e-03
9.693388700000000426e+02 3.715448000000000101e-03 3.533785104016600679e-03
9.700283799999999701e+02 3.753198000000000124e-03 3.606324851833681445e-03
9.707178999999999860e+02 3.843935000000000147e-03 3.678865651698570889e-03
9.714073499999999513e+02 3.866361000000000017e-03 3.751399087228858998e-03
9.720968599999999924e+02 3.786257999999999811e-03 3.817963215888081022e-03
9.727863200000000461e+02 3.769990999999999880e-03 3.865083936806020838e-03
9.734757100000000491e+02 3.928410999999999709e-03 3.912199873616880978e-03
9.741651600000000144e+02 4.110858999999999694e-03 3.959319911090946817e-03
9.748545500000000175e+02 4.239124999999999838e-03 4.006435847901806957e-03
9.755438799999999446e+02 4.207449999999999732e-03 4.053547684049455327e-03
9.762332800000000361e+02 4.082155999999999979e-03 4.100664304304189878e-03
9.769226099999999633e+02 4.116983999999999748e-03 4.147776140451837380e-03
9.776119400000000041e+02 4.259810000000000159e-03 4.194887976599493556e-03
9.783012099999999691e+02 4.378993000000000295e-03 4.241995712083936228e-03
9.789904800000000478e+02 4.225772000000000035e-03 4.289103447568386705e-03
9.796797500000000127e+02 4.335854999999999571e-03 4.336211183052829377e-03
9.803690199999999777e+02 4.395010999999999883e-03 4.396621693075745095e-03
9.810582299999999805e+02 4.577104999999999715e-03 4.492953809188506183e-03
9.817474399999999832e+02 4.567260000000000070e-03 4.589285925301267270e-03
9.824365800000000490e+02 4.721508000000000128e-03 4.685608257388663295e-03
9.831257299999999759e+02 4.783579999999999950e-03 4.781931987193951267e-03
9.838148800000000165e+02 4.895507999999999804e-03 4.878255716999254851e-03
9.845040299999999434e+02 5.047064999999999885e-03 4.974579446804541956e-03
9.851931200000000217e+02 5.065735000000000030e-03 5.070894790302387170e-03
9.858822000000000116e+02 5.150097000000000182e-03 5.167208736082309212e-03
9.865712899999999763e+02 5.263659000000000393e-03 5.263524079580138813e-03
9.872603100000000040e+02 5.366990999999999776e-03 5.359829639052603352e-03
9.879493400000000065e+02 5.536601999999999843e-03 5.456136596242974583e-03
9.886383700000000090e+02 5.495032000000000388e-03 5.506838618862537615e-03
9.893273299999999608e+02 5.421119000000000285e-03 5.451757168526287327e-03
9.900163000000000011e+02 5.422614000000000080e-03 5.396674918703118530e-03
9.907052599999999529e+02 5.453396999999999585e-03 5.341593468366868241e-03
9.913941700000000310e+02 5.420521999999999667e-03 5.286516015465172330e-03
9.920830700000000206e+02 5.318706999999999775e-03 5.231439362050394927e-03
9.927719700000000103e+02 5.254731999999999806e-03 5.176362708635618391e-03
9.934608799999999746e+02 5.254349999999999646e-03 5.121285255733931153e-03
9.941497200000000021e+02 5.149171999999999604e-03 5.066213399240627503e-03
9.948385600000000295e+02 5.057034000000000182e-03 5.011141542747323853e-03
9.955273399999999810e+02 5.002582000000000209e-03 4.956074483175502629e-03
9.962161300000000210e+02 4.911360000000000031e-03 4.901006624116761162e-03
9.969049099999999726e+02 4.851626000000000376e-03 4.829318021986309453e-03
9.975936900000000378e+02 4.823128000000000311e-03 4.723608257506539329e-03
9.982824100000000271e+02 4.691235999999999670e-03 4.617907701461794120e-03
9.989711300000000165e+02 4.563351999999999686e-03 4.512207145417048912e-03
9.996597900000000436e+02 4.522316999999999657e-03 4.406515797807312139e-03
1.000348449999999957e+03 4.437001999999999786e-03 4.300824450197592713e-03
1.001037109999999984e+03 4.355486000000000427e-03 4.195133102587855940e-03
1.001725770000000011e+03 4.186129999999999712e-03 4.089441754978119167e-03
1.002414369999999963e+03 4.042079999999999979e-03 3.983759615803407310e-03
1.003102970000000028e+03 3.906927999999999616e-03 3.878077476628678539e-03
1.003791560000000004e+03 3.789698000000000198e-03 3.772396872193131863e-03
1.004480099999999993e+03 3.727773000000000198e-03 3.666723941453428441e-03
1.005168639999999982e+03 3.517638999999999922e-03 3.563845497641444926e-03
1.005857179999999971e+03 3.341068999999999897e-03 3.466131259425777201e-03
1.006545650000000023e+03 3.198111000000000009e-03 3.368426955268652261e-03
1.007234130000000050e+03 3.172682000000000020e-03 3.270721231960308905e-03
1.007922609999999963e+03 3.079576000000000102e-03 3.173015508651981596e-03
1.008611020000000053e+03 3.025821000000000153e-03 3.075319719402181025e-03
1.009299440000000004e+03 2.888774000000000203e-03 2.977622511001178085e-03
1.009987849999999980e+03 2.851542999999999786e-03 2.879926721751393560e-03
1.010676270000000045e+03 2.706771000000000177e-03 2.782229513350375008e-03
1.011364619999999945e+03 2.615019000000000111e-03 2.684542239007931333e-03
1.012052919999999972e+03 2.523904999999999899e-03 2.586862060421577566e-03
1.012741269999999986e+03 2.502283000000000111e-03 2.489174786079117845e-03
1.013429570000000012e+03 2.366995000000000210e-03 2.414868551791462918e-03
1.014117859999999951e+03 2.222397999999999995e-03 2.380364472483163536e-03
1.014806090000000040e+03 2.165994999999999986e-03 2.345863400983713796e-03
1.015494320000000016e+03 2.200798999999999811e-03 2.311362329484269694e-03
1.016182559999999967e+03 2.183715000000000135e-03 2.276860756683350868e-03
1.016870790000000056e+03 2.139432000000000139e-03 2.242359685183901562e-03
1.017558959999999956e+03 2.115250999999999850e-03 2.207861621493318813e-03
1.018247129999999970e+03 2.115572999999999933e-03 2.173363557802730425e-03
1.018935240000000022e+03 2.100034000000000189e-03 2.138868501920997752e-03
1.019623349999999959e+03 2.078565000000000100e-03 2.104373446039270283e-03
1.020311460000000011e+03 2.052800999999999931e-03 2.069878390157537610e-03
1.020999569999999949e+03 2.050947000000000013e-03 2.035383334275810575e-03
1.021687620000000038e+03 1.991555999999999795e-03 2.015071184425162431e-03
1.022375670000000014e+03 1.974665000000000014e-03 2.017440996742041019e-03
1.023063719999999989e+03 1.944056999999999903e-03 2.019810809058920041e-03
1.023751710000000003e+03 1.973761999999999999e-03 2.022180414721138665e-03
1.024439699999999903e+03 1.939395000000000008e-03 2.024550020383356855e-03
1.025127690000000030e+03 1.941989000000000085e-03 2.026919626045575479e-03
1.025815550000000030e+03 1.896710000000000019e-03 2.029288783956030486e-03
1.026503539999999930e+03 1.865658999999999981e-03 2.031658389618248677e-03
1.027191409999999905e+03 1.875413000000000037e-03 2.034027581971146505e-03
1.027879269999999906e+03 1.915789999999999898e-03 2.036396739881601078e-03
1.028567140000000109e+03 1.919942999999999910e-03 2.038765932234499773e-03
1.029255000000000109e+03 1.989488000000000194e-03 2.041135090144954346e-03
1.029942870000000084e+03 2.063342000000000127e-03 2.059658862994463886e-03
1.030630619999999908e+03 2.041843000000000217e-03 2.102890338487660698e-03
1.031318479999999909e+03 1.997324999999999882e-03 2.146128728502576157e-03
1.032006229999999960e+03 1.990215000000000040e-03 2.189360203995787280e-03
1.032693970000000036e+03 1.991421000000000163e-03 2.232591050896117531e-03
1.033381710000000112e+03 2.055971000000000187e-03 2.275821897796447783e-03
1.034069340000000011e+03 2.149864999999999936e-03 2.319045830175059386e-03
1.034757080000000087e+03 2.236436000000000066e-03 2.362276677075389637e-03
1.035444700000000012e+03 2.258900999999999791e-03 2.405499980861120369e-03
1.036132319999999936e+03 2.319648000000000109e-03 2.448723284646851100e-03
1.036820069999999987e+03 2.384489999999999960e-03 2.491954760140062224e-03
1.037507569999999987e+03 2.487459999999999932e-03 2.535170520811208181e-03
1.038195189999999911e+03 2.594464999999999792e-03 2.555465817123415626e-03
1.038882810000000063e+03 2.596002999999999939e-03 2.541604200147375928e-03
1.039570310000000063e+03 2.585894999999999947e-03 2.527745002231339758e-03
1.040257810000000063e+03 2.518006000000000150e-03 2.513885804315303153e-03
1.040945310000000063e+03 2.483285999999999914e-03 2.500026606399266549e-03
1.041632810000000063e+03 2.467523000000000112e-03 2.486167408483229944e-03
1.042320310000000063e+03 2.434433000000000170e-03 2.472308210567193774e-03
1.043007689999999911e+03 2.445665000000000078e-03 2.458451431711160262e-03
1.043695189999999911e+03 2.419740000000000085e-03 2.444592233795123658e-03
1.044382569999999987e+03 2.405478999999999864e-03 2.430735454939085376e-03
1.045069950000000063e+03 2.377319000000000133e-03 2.416878676083047527e-03
1.045757319999999936e+03 2.380193000000000066e-03 2.403022098815346848e-03
1.046444700000000012e+03 2.406187000000000169e-03 2.412029999367183188e-03
1.047131959999999935e+03 2.438778999999999860e-03 2.454770423511892872e-03
1.047819340000000011e+03 2.490547000000000073e-03 2.497518310408550647e-03
1.048506589999999960e+03 2.527474999999999947e-03 2.540258112657267295e-03
1.049193850000000111e+03 2.576894000000000146e-03 2.582998536801991291e-03
1.049881100000000060e+03 2.630934000000000137e-03 2.625738339050707939e-03
1.050568359999999984e+03 2.652829000000000211e-03 2.668478763195417623e-03
1.051255490000000009e+03 2.695522000000000109e-03 2.711211102692200059e-03
1.051942749999999933e+03 2.709815999999999874e-03 2.753951526836910177e-03
1.052629879999999957e+03 2.768506999999999912e-03 2.796683866333692613e-03
1.053317019999999957e+03 2.851138000000000023e-03 2.839416827726468518e-03
1.054004149999999981e+03 2.910283000000000054e-03 2.882149167223250954e-03
1.054691280000000006e+03 2.898447000000000176e-03 2.923216630459473872e-03
1.055378300000000081e+03 2.879300999999999909e-03 2.961800985889469998e-03
1.056065430000000106e+03 2.847427000000000031e-03 3.000391519129566847e-03
1.056752439999999979e+03 2.864218999999999880e-03 3.038975312940451080e-03
1.057439450000000079e+03 2.952156000000000051e-03 3.077559106751348323e-03
1.058126459999999952e+03 2.979503000000000099e-03 3.116142900562232990e-03
1.058813480000000027e+03 2.986903999999999861e-03 3.154727255992229116e-03
1.059500489999999900e+03 3.032430999999999929e-03 3.193311049803113349e-03
1.060187380000000076e+03 3.124165999999999836e-03 3.231888104184810987e-03
1.060874270000000024e+03 3.159102000000000004e-03 3.270465158566496049e-03
1.061561159999999973e+03 3.211686000000000055e-03 3.309042212948180677e-03
1.062248049999999921e+03 3.310457000000000156e-03 3.347619267329865738e-03
1.062934940000000097e+03 3.405524000000000051e-03 3.383766411780335815e-03
1.063621830000000045e+03 3.455680000000000036e-03 3.416203340325905946e-03
1.064308590000000095e+03 3.443452000000000058e-03 3.448634129896228657e-03
1.064995480000000043e+03 3.464076999999999868e-03 3.481071058441798788e-03
1.065682250000000067e+03 3.452554999999999947e-03 3.513502320240986018e-03
1.066369020000000091e+03 3.476892000000000090e-03 3.545933582040173247e-03
1.067055659999999989e+03 3.507909999999999934e-03 3.578358704864102215e-03
1.067742430000000013e+03 3.566098000000000184e-03 3.610789966663289444e-03
1.068429080000000113e+03 3.583133000000000064e-03 3.643215561716093773e-03
1.069115839999999935e+03 3.613597000000000076e-03 3.675646351286405641e-03
1.069802490000000034e+03 3.694213999999999918e-03 3.708071946339209970e-03
1.070489139999999907e+03 3.751695000000000203e-03 3.740497541392003456e-03
1.071175780000000032e+03 3.755243000000000123e-03 3.747019878994835556e-03
1.071862300000000005e+03 3.715345000000000106e-03 3.712242883817763045e-03
1.072548950000000104e+03 3.683478999999999920e-03 3.677459303239861282e-03
1.073235470000000078e+03 3.677469000000000050e-03 3.642682308062788771e-03
1.073922000000000025e+03 3.607336999999999957e-03 3.607904806316423671e-03
1.074608519999999999e+03 3.499284000000000075e-03 3.573127811139351160e-03
1.075295039999999972e+03 3.494073999999999791e-03 3.538350815962278649e-03
1.075981569999999920e+03 3.539674999999999939e-03 3.503573314215913549e-03
1.076667969999999968e+03 3.520052000000000077e-03 3.468802397870365990e-03
1.077354370000000017e+03 3.432624000000000005e-03 3.434031481524818866e-03
1.078040770000000066e+03 3.365406999999999947e-03 3.399260565179271307e-03
1.078727169999999887e+03 3.349261999999999986e-03 3.364489648833735459e-03
1.079413569999999936e+03 3.339939000000000102e-03 3.307035385748402674e-03
1.080099979999999960e+03 3.321602999999999795e-03 3.211059789725540219e-03
1.080786250000000109e+03 3.221833999999999809e-03 3.115103768859553424e-03
1.081472659999999905e+03 3.099579999999999783e-03 3.019128172836723061e-03
1.082158940000000030e+03 2.929346000000000207e-03 2.923170753745247315e-03
1.082845209999999952e+03 2.848644000000000003e-03 2.827214732879292612e-03
1.083531369999999924e+03 2.759208999999999880e-03 2.731274092493746718e-03
1.084217650000000049e+03 2.656348000000000216e-03 2.635316673402270972e-03
1.084903929999999946e+03 2.572113999999999911e-03 2.539359254310827319e-03
1.085590089999999918e+03 2.445698000000000056e-03 2.443418613925281424e-03
1.086276249999999891e+03 2.345416999999999814e-03 2.347477973539735530e-03
1.086962399999999889e+03 2.244452000000000079e-03 2.251538731379679019e-03
1.087648560000000089e+03 2.163449999999999922e-03 2.173351742933483845e-03
1.088334589999999935e+03 2.090798000000000049e-03 2.127892940302757250e-03
1.089020749999999907e+03 2.000748000000000110e-03 2.082425523406841467e-03
1.089706789999999955e+03 1.927113000000000046e-03 2.036966058140318378e-03
1.090392820000000029e+03 1.854326000000000108e-03 1.991507255509576604e-03
1.091078860000000077e+03 1.828942000000000068e-03 1.946047790243053514e-03
1.091764889999999923e+03 1.769404999999999936e-03 1.900588987612326919e-03
1.092450810000000047e+03 1.726723000000000103e-03 1.855137473975196523e-03
1.093136839999999893e+03 1.715778999999999959e-03 1.809678671344469927e-03
1.093822750000000042e+03 1.683430000000000083e-03 1.764227820343120846e-03
1.094508669999999938e+03 1.659192999999999996e-03 1.718776306706005412e-03
1.095194580000000087e+03 1.645605000000000071e-03 1.673325455704656548e-03
1.095880490000000009e+03 1.640273999999999942e-03 1.644671450425389588e-03
1.096566409999999905e+03 1.630568999999999899e-03 1.650368934431723118e-03
1.097252199999999903e+03 1.643652999999999911e-03 1.656065338613995101e-03
1.097937989999999900e+03 1.615663999999999946e-03 1.661761742796267084e-03
1.098623779999999897e+03 1.596982000000000046e-03 1.667458146978539066e-03
1.099309569999999894e+03 1.592705000000000032e-03 1.673154551160811049e-03
1.099995359999999891e+03 1.648266999999999918e-03 1.678850955343083031e-03
1.100681149999999889e+03 1.685258000000000025e-03 1.684547359525355014e-03
1.101366819999999962e+03 1.699989999999999965e-03 1.690242766946954732e-03
1.102052490000000034e+03 1.650975999999999963e-03 1.695938174368554451e-03
1.102738160000000107e+03 1.666020000000000044e-03 1.701633581790154169e-03
1.103423829999999953e+03 1.681769999999999966e-03 1.707328989211752152e-03
1.104109500000000025e+03 1.723067999999999909e-03 1.734380193378482274e-03
1.104795170000000098e+03 1.746825999999999934e-03 1.811080160281241472e-03
1.105480710000000045e+03 1.813486999999999912e-03 1.887765585209425206e-03
1.106166259999999966e+03 1.896829000000000050e-03 1.964452128751033918e-03
1.106851809999999887e+03 1.957453000000000057e-03 2.041138672292642630e-03
1.107537350000000060e+03 2.002283000000000101e-03 2.117824097220851950e-03
1.108222899999999981e+03 2.107298999999999978e-03 2.194510640762460663e-03
1.108908449999999903e+03 2.179457000000000096e-03 2.271197184304069808e-03
1.109593869999999924e+03 2.238411000000000046e-03 2.347869185871128642e-03
1.110279299999999921e+03 2.323267999999999861e-03 2.424542306051612455e-03
1.110964719999999943e+03 2.437293000000000098e-03 2.501214307618671289e-03
1.111650149999999940e+03 2.554411999999999829e-03 2.577887427799155102e-03
1.112335569999999962e+03 2.660103000000000033e-03 2.660273571730825334e-03
1.113020999999999958e+03 2.740712000000000183e-03 2.758202354569668294e-03
1.113706300000000056e+03 2.811183000000000085e-03 2.856112564043237958e-03
1.114391599999999926e+03 2.883170999999999911e-03 2.954022773516775530e-03
1.115076900000000023e+03 2.957467000000000082e-03 3.051932982990345194e-03
1.115762210000000096e+03 3.018564999999999963e-03 3.149844621184318127e-03
1.116447509999999966e+03 3.121994999999999805e-03 3.247754830657855699e-03
1.117132689999999911e+03 3.245328999999999922e-03 3.345647895486522812e-03
1.117817990000000009e+03 3.427110000000000139e-03 3.443558104960092910e-03
1.118503169999999955e+03 3.508503999999999963e-03 3.541451169788760456e-03
1.119188349999999900e+03 3.605833000000000128e-03 3.639344234617427568e-03
1.119873540000000048e+03 3.707998000000000110e-03 3.737238728166530910e-03
1.120558590000000095e+03 3.837324999999999937e-03 3.820114203979994676e-03
1.121243770000000040e+03 3.884251999999999930e-03 3.853473585828990841e-03
1.121928830000000062e+03 3.935410000000000297e-03 3.886827125233929380e-03
1.122613890000000083e+03 3.984754000000000074e-03 3.920180664638867919e-03
1.123298950000000104e+03 4.056327000000000196e-03 3.953534204043806025e-03
1.123984009999999898e+03 4.103859999999999973e-03 3.986887743448733722e-03
1.124669069999999920e+03 4.209736999999999854e-03 4.020241282853671827e-03
1.125354000000000042e+03 4.235664000000000096e-03 4.053588492944216158e-03
1.126039060000000063e+03 4.265607000000000253e-03 4.086942032349154263e-03
1.126723999999999933e+03 4.268628000000000006e-03 4.120289729310024768e-03
1.127408940000000030e+03 4.269280000000000297e-03 4.153637426270905680e-03
1.128093869999999924e+03 4.246538999999999696e-03 4.186984636361437868e-03
1.128778690000000097e+03 4.205114999999999721e-03 4.209286088628177297e-03
1.129463619999999992e+03 4.157697000000000129e-03 4.185048437623418646e-03
1.130148439999999937e+03 4.125357999999999976e-03 4.160814679193973291e-03
1.130833249999999907e+03 4.117987000000000036e-03 4.136581274635009464e-03
1.131518070000000080e+03 4.074677999999999981e-03 4.112347516205556303e-03
1.132202880000000050e+03 4.047938000000000057e-03 4.088114111646593343e-03
1.132887699999999995e+03 4.040178999999999646e-03 4.063880353217147988e-03
1.133572390000000041e+03 4.048485999999999578e-03 4.039651195103979853e-03
1.134257080000000087e+03 4.026001999999999879e-03 4.015422036990812585e-03
1.134941769999999906e+03 4.003035999999999747e-03 3.991192878877652256e-03
1.135626459999999952e+03 3.952561000000000269e-03 3.966963720764484988e-03
1.136311159999999973e+03 3.951200999999999672e-03 3.942734208780835324e-03
1.136995850000000019e+03 3.919511999999999996e-03 3.930317163789771688e-03
1.137680419999999913e+03 3.937546999999999575e-03 3.986596570443132204e-03
1.138364990000000034e+03 3.933141000000000241e-03 4.042875977096510934e-03
1.139049559999999929e+03 3.945777000000000138e-03 4.099155383749871449e-03
1.139734130000000050e+03 3.970055999999999585e-03 4.155434790403251047e-03
1.140418699999999944e+03 4.009282000000000297e-03 4.211714197056610695e-03
1.141103149999999914e+03 4.060181000000000380e-03 4.267983738350995294e-03
1.141787720000000036e+03 4.105913999999999571e-03 4.324263145004374892e-03
1.142472170000000006e+03 4.210984000000000081e-03 4.380532686298759491e-03
1.143156619999999975e+03 4.312304000000000311e-03 4.436802227593144091e-03
1.143841059999999970e+03 4.427791000000000365e-03 4.493070946774282287e-03
1.144525509999999940e+03 4.552961999999999808e-03 4.549340488068666886e-03
1.145209839999999986e+03 4.608405000000000314e-03 4.609209296535888255e-03
1.145894289999999955e+03 4.747577999999999694e-03 4.702680865050106081e-03
1.146578610000000026e+03 4.853478999999999953e-03 4.796134680180003974e-03
1.147262940000000071e+03 4.996973000000000040e-03 4.889589860954847086e-03
1.147947269999999889e+03 5.057271000000000336e-03 4.983045041729658974e-03
1.148631470000000036e+03 5.101376000000000348e-03 5.076482469120182153e-03
1.149315800000000081e+03 5.215266999999999993e-03 5.169937649895025265e-03
1.150000000000000000e+03 5.349119000000000269e-03 5.263375077285518087e-03
1.150684199999999919e+03 5.458601000000000425e-03 5.356812504676010910e-03
1.151368410000000040e+03 5.545056999999999937e-03 5.450251297711480175e-03
1.152052609999999959e+03 5.601728999999999736e-03 5.543688725101972997e-03
1.152736820000000080e+03 5.666225000000000428e-03 5.637127518137441395e-03
1.153420900000000074e+03 5.729139000000000280e-03 5.724653988849316352e-03
1.154104980000000069e+03 5.782292999999999981e-03 5.681052821706989581e-03
1.154789060000000063e+03 5.808525000000000146e-03 5.637451654564663676e-03
1.155473140000000058e+03 5.813231999999999774e-03 5.593850487422337772e-03
1.156157230000000027e+03 5.780849999999999704e-03 5.550248682910595074e-03
1.156841310000000021e+03 5.772572999999999593e-03 5.506647515768269170e-03
1.157525270000000091e+03 5.703953000000000322e-03 5.463053997058953462e-03
1.158209229999999934e+03 5.621499000000000287e-03 5.419460478349652499e-03
1.158893190000000004e+03 5.558557999999999902e-03 5.375866959640336791e-03
1.159577150000000074e+03 5.510626999999999713e-03 5.332273440931021083e-03
1.160261109999999917e+03 5.462286000000000225e-03 5.288679922221720120e-03
1.160945069999999987e+03 5.346926999999999583e-03 5.245086403512404412e-03
1.161628909999999905e+03 5.202576999999999896e-03 5.201500533236113645e-03
1.162312740000000076e+03 5.112015000000000135e-03 5.110587487694745468e-03
1.162996579999999994e+03 4.993296999999999840e-03 5.018928316541546204e-03
1.163680419999999913e+03 4.905396000000000235e-03 4.927269145388346074e-03
1.164364260000000058e+03 4.797235999999999861e-03 4.835609974235115585e-03
1.165047970000000078e+03 4.669709000000000186e-03 4.743968227760555524e-03
1.165731809999999996e+03 4.569796000000000101e-03 4.652309056607355393e-03
1.166415529999999990e+03 4.497909999999999929e-03 4.560665969772901944e-03
1.167099240000000009e+03 4.399168999999999649e-03 4.469024223298341883e-03
1.167782840000000078e+03 4.326810000000000378e-03 4.377397220782634248e-03
1.168466550000000097e+03 4.245823999999999605e-03 4.285755474308074187e-03
1.169150270000000091e+03 4.205399000000000290e-03 4.194112387473620737e-03
1.169833859999999959e+03 4.103973000000000343e-03 4.102486725317836848e-03
1.170517460000000028e+03 3.988132000000000135e-03 4.052772708231810496e-03
1.171201049999999896e+03 3.849503000000000213e-03 4.006630895050040768e-03
1.171884639999999990e+03 3.809068000000000089e-03 3.960489081868255427e-03
1.172568119999999908e+03 3.759707000000000153e-03 3.914354693604123019e-03
1.173251710000000003e+03 3.727926999999999803e-03 3.868212880422338112e-03
1.173935179999999946e+03 3.663505000000000060e-03 3.822079167150716807e-03
1.174618649999999889e+03 3.619792000000000148e-03 3.775945453879095068e-03
1.175302120000000059e+03 3.562051000000000106e-03 3.729811740607458584e-03
1.175985599999999977e+03 3.526231999999999804e-03 3.683677352343326175e-03
1.176668949999999995e+03 3.542218000000000189e-03 3.637551738981853293e-03
1.177352419999999938e+03 3.557909000000000158e-03 3.591418025710231554e-03
1.178035769999999957e+03 3.542561999999999968e-03 3.545292412348758672e-03
1.178719119999999975e+03 3.518672999999999940e-03 3.530816904040667403e-03
1.179402469999999994e+03 3.521736000000000137e-03 3.521754302018917891e-03
1.180085690000000113e+03 3.529730000000000020e-03 3.512693424059891694e-03
1.180769039999999904e+03 3.526100999999999801e-03 3.503630822038145652e-03
1.181452269999999999e+03 3.520763000000000104e-03 3.494569811458909936e-03
1.182135500000000093e+03 3.501961000000000050e-03 3.485508800879674653e-03
1.182818729999999960e+03 3.484309000000000104e-03 3.476447790300442407e-03
1.183501950000000079e+03 3.445642999999999970e-03 3.467386912341416209e-03
1.184185179999999946e+03 3.454593000000000160e-03 3.458325901762183529e-03
1.184868289999999888e+03 3.474535999999999857e-03 3.449266482625465077e-03
1.185551390000000083e+03 3.476112999999999859e-03 3.440207196108953109e-03
1.186234500000000025e+03 3.444315999999999784e-03 3.431147776972234657e-03
1.186917599999999993e+03 3.370859999999999829e-03 3.395327229144356768e-03
1.187600709999999935e+03 3.346486000000000079e-03 3.352033712740945179e-03
1.188283809999999903e+03 3.352756000000000139e-03 3.308740830108321609e-03
1.188966799999999921e+03 3.367985999999999897e-03 3.265454918954379705e-03
1.189649779999999964e+03 3.330173000000000074e-03 3.222169641571225387e-03
1.190332760000000007e+03 3.266433000000000010e-03 3.178884364188071503e-03
1.191015750000000025e+03 3.204873000000000010e-03 3.135598453034129166e-03
1.191698730000000069e+03 3.137501000000000005e-03 3.092313175650975281e-03
1.192381589999999960e+03 3.072894999999999967e-03 3.049035503517304960e-03
1.193064579999999978e+03 3.022065999999999902e-03 3.005749592363363056e-03
1.193747440000000097e+03 2.990521999999999798e-03 2.962471920229678424e-03
1.194430299999999988e+03 2.926849000000000030e-03 2.919194248096008103e-03
1.195113160000000107e+03 2.852158000000000037e-03 2.871287630270338669e-03
1.195795900000000074e+03 2.759508999999999834e-03 2.821454296873000724e-03
1.196478759999999966e+03 2.721171000000000093e-03 2.771612204650921330e-03
1.197161499999999933e+03 2.712221999999999810e-03 2.721778871253583386e-03
1.197844239999999900e+03 2.661195999999999787e-03 2.671945537856245442e-03
1.198526980000000094e+03 2.557188000000000169e-03 2.622112204458891017e-03
1.199209720000000061e+03 2.478143999999999833e-03 2.572278871061553073e-03
1.199892329999999902e+03 2.445670999999999956e-03 2.522455026391033292e-03
1.200575070000000096e+03 2.429723999999999860e-03 2.472621692993678868e-03
1.201257689999999911e+03 2.393147999999999890e-03 2.422797118421098853e-03
1.201940309999999954e+03 2.340936000000000058e-03 2.372972543848502359e-03
1.202622920000000022e+03 2.312984000000000134e-03 2.323148699177966098e-03
1.203305540000000065e+03 2.294109999999999813e-03 2.276563779011846460e-03
1.203988039999999955e+03 2.290279000000000099e-03 2.231939834429441834e-03
1.204670650000000023e+03 2.259878999999999794e-03 2.187308697709437321e-03
1.205353149999999914e+03 2.211186999999999875e-03 2.142684753127032694e-03
1.206035640000000058e+03 2.164399999999999918e-03 2.098061462375301264e-03
1.206718139999999948e+03 2.097280999999999885e-03 2.053437517792896638e-03
1.207400509999999940e+03 2.065167000000000131e-03 2.008822073009453469e-03
1.208083010000000058e+03 1.994829000000000047e-03 1.964198128427034097e-03
1.208765380000000050e+03 1.902669999999999969e-03 1.919582683643590929e-03
1.209447750000000042e+03 1.854565000000000076e-03 1.874967238860147760e-03
1.210130130000000008e+03 1.837536999999999981e-03 1.830351140246016649e-03
1.210812500000000000e+03 1.793759999999999929e-03 1.785735695462573481e-03
1.211494750000000067e+03 1.730552999999999909e-03 1.756770684224069276e-03
1.212177120000000059e+03 1.686156999999999977e-03 1.741236043968359725e-03
1.212859380000000101e+03 1.698215000000000098e-03 1.725703907941188034e-03
1.213541629999999941e+03 1.718296999999999923e-03 1.710171999571160782e-03
1.214223880000000008e+03 1.720572000000000074e-03 1.694640091201128325e-03
1.214906009999999924e+03 1.687707000000000096e-03 1.679110914716778168e-03
1.215588259999999991e+03 1.677405000000000085e-03 1.663579006346745711e-03
1.216270389999999907e+03 1.640629999999999910e-03 1.648049829862395770e-03
1.216952510000000075e+03 1.634613999999999946e-03 1.632520881035179859e-03
1.217634639999999990e+03 1.622072000000000010e-03 1.616991704550829701e-03
1.218316769999999906e+03 1.615003999999999962e-03 1.601462528066479544e-03
1.218998900000000049e+03 1.575571999999999910e-03 1.585933351582124399e-03
1.219680910000000040e+03 1.579665999999999969e-03 1.569929298917295286e-03
1.220363039999999955e+03 1.546335000000000027e-03 1.553332566128670569e-03
1.221045039999999972e+03 1.522916000000000027e-03 1.536738996337217973e-03
1.221727049999999963e+03 1.496247000000000028e-03 1.520145183238290950e-03
1.222408940000000030e+03 1.503945999999999929e-03 1.503554289829061403e-03
1.223090940000000046e+03 1.488893999999999938e-03 1.486960720037608591e-03
1.223772830000000113e+03 1.480570999999999970e-03 1.470369826628379045e-03
1.224454709999999977e+03 1.478942999999999924e-03 1.453779176526629564e-03
1.225136600000000044e+03 1.455467000000000002e-03 1.437188283117400017e-03
1.225818479999999909e+03 1.416142000000000008e-03 1.420597633015650320e-03
1.226500369999999975e+03 1.394239000000000025e-03 1.404006739606420773e-03
1.227182129999999916e+03 1.385701999999999941e-03 1.387419009194368769e-03
1.227864010000000007e+03 1.368384000000000050e-03 1.372151867639123364e-03
1.228545779999999922e+03 1.338320000000000048e-03 1.359319819082344160e-03
1.229227540000000090e+03 1.327323999999999952e-03 1.346487958742239623e-03
1.229909180000000106e+03 1.315738000000000107e-03 1.333658357002291597e-03
1.230590940000000046e+03 1.308612999999999920e-03 1.320826496662191396e-03
1.231272580000000062e+03 1.281058999999999974e-03 1.307996894922243370e-03
1.231954349999999977e+03 1.261931999999999898e-03 1.295164846365463949e-03
1.232635989999999993e+03 1.260328999999999920e-03 1.282335244625516140e-03
1.233317630000000008e+03 1.284481000000000078e-03 1.269505642885568114e-03
1.233999150000000100e+03 1.291402999999999995e-03 1.256678299745772479e-03
1.234680789999999888e+03 1.285022000000000031e-03 1.243848698005828790e-03
1.235362300000000005e+03 1.246010999999999994e-03 1.231021543082712159e-03
1.236043820000000096e+03 1.216843000000000004e-03 1.224534002331082371e-03
1.236725339999999960e+03 1.216719000000000004e-03 1.236824347694117504e-03
1.237406860000000052e+03 1.232342999999999893e-03 1.249114693057156973e-03
1.238088379999999916e+03 1.251761000000000106e-03 1.261405038420192106e-03
1.238769780000000083e+03 1.229952000000000085e-03 1.273693219736039047e-03
1.239451170000000047e+03 1.233165000000000042e-03 1.285981220714616131e-03
1.240132569999999987e+03 1.242388999999999993e-03 1.298269402030458953e-03
1.240813959999999952e+03 1.265957999999999970e-03 1.310557403009036037e-03
1.241495359999999891e+03 1.273987999999999987e-03 1.322845584324878641e-03
1.242176760000000058e+03 1.276238000000000069e-03 1.335133765640725582e-03
1.242858030000000099e+03 1.290087999999999999e-03 1.347419602572110138e-03
1.243539309999999887e+03 1.325688999999999904e-03 1.359705619840756311e-03
1.244220579999999927e+03 1.376781000000000098e-03 1.374542001949587275e-03
1.244901859999999942e+03 1.405402999999999947e-03 1.404075828410123340e-03
1.245583129999999983e+03 1.425403999999999907e-03 1.433609221365692455e-03
1.246264280000000099e+03 1.433012999999999908e-03 1.463137412261648635e-03
1.246945429999999988e+03 1.454458000000000053e-03 1.492665603157595057e-03
1.247626590000000078e+03 1.481509999999999902e-03 1.522194227558518187e-03
1.248307739999999967e+03 1.528199999999999958e-03 1.551722418454464609e-03
1.248988890000000083e+03 1.553605999999999911e-03 1.581250609350421006e-03
1.249670039999999972e+03 1.590505000000000087e-03 1.610778800246367428e-03
1.250351069999999936e+03 1.606404999999999986e-03 1.640301789082700915e-03
1.251032099999999900e+03 1.621603000000000107e-03 1.669824777919034619e-03
1.251713130000000092e+03 1.672951999999999903e-03 1.699347766755378080e-03
1.252394170000000031e+03 1.729304000000000084e-03 1.729588587735899448e-03
1.253075199999999995e+03 1.752246999999999963e-03 1.777686783347801882e-03
1.253756100000000060e+03 1.777974000000000091e-03 1.825775797623456617e-03
1.254437130000000025e+03 1.824579999999999909e-03 1.873873993235358835e-03
1.255118040000000065e+03 1.852796999999999994e-03 1.921963713767646824e-03
1.255798950000000104e+03 1.907599000000000057e-03 1.970053434299934812e-03
1.256479739999999993e+03 1.959919999999999978e-03 2.018134679752592309e-03
1.257160640000000058e+03 2.041043000000000197e-03 2.066223694028247043e-03
1.257841429999999946e+03 2.120172000000000029e-03 2.114304939480904540e-03
1.258522220000000061e+03 2.176056999999999905e-03 2.162386184933578082e-03
1.259202999999999975e+03 2.237065999999999794e-03 2.210466724129602541e-03
1.259883790000000090e+03 2.281142999999999799e-03 2.258547969582276084e-03
1.260564579999999978e+03 2.307599000000000022e-03 2.306629215034933580e-03
1.261245239999999967e+03 2.344742999999999827e-03 2.336790461099475056e-03
1.261926030000000083e+03 2.362709000000000163e-03 2.365496614480695411e-03
1.262606690000000071e+03 2.412010000000000022e-03 2.394197286289121134e-03
1.263287350000000060e+03 2.457785000000000091e-03 2.422897958097546423e-03
1.263968020000000024e+03 2.510613999999999988e-03 2.451599051565416486e-03
1.264648560000000089e+03 2.553775999999999789e-03 2.480294663460500589e-03
1.265329220000000078e+03 2.559701000000000164e-03 2.508995335268926312e-03
1.266009769999999889e+03 2.566909000000000031e-03 2.537691368823445214e-03
1.266690309999999954e+03 2.583604000000000196e-03 2.566386980718529318e-03
1.267370850000000019e+03 2.611535999999999805e-03 2.595082592613613855e-03
1.268051269999999931e+03 2.644618999999999963e-03 2.623773144595347231e-03
1.268731809999999996e+03 2.653949999999999972e-03 2.652468756490431335e-03
1.269412229999999909e+03 2.685434999999999905e-03 2.679094180192057809e-03
1.270092650000000049e+03 2.717076000000000126e-03 2.705221966798707339e-03
1.270773069999999962e+03 2.738777999999999872e-03 2.731349753405348194e-03
1.271453490000000102e+03 2.758857999999999883e-03 2.757477540011997724e-03
1.272133910000000014e+03 2.767056999999999850e-03 2.783605326618638579e-03
1.272814210000000003e+03 2.797113999999999850e-03 2.809728505285491451e-03
1.273494509999999991e+03 2.834979000000000058e-03 2.835851683952343889e-03
1.274174800000000005e+03 2.856847999999999940e-03 2.861974478624214682e-03
1.274855099999999993e+03 2.873973000000000153e-03 2.888097657291067120e-03
1.275535399999999981e+03 2.921790999999999972e-03 2.914220835957919559e-03
1.276215580000000045e+03 2.978937000000000078e-03 2.940339406684983579e-03
1.276895870000000059e+03 2.976822000000000062e-03 2.966462201356854372e-03
1.277576049999999896e+03 2.969441000000000181e-03 2.969442248428553859e-03
1.278256229999999960e+03 2.949250000000000049e-03 2.961648019114673704e-03
1.278936279999999897e+03 2.956293000000000028e-03 2.953855279479718904e-03
1.279616459999999961e+03 2.939751999999999903e-03 2.946061050165838750e-03
1.280296509999999898e+03 2.916348999999999938e-03 2.938268310530883949e-03
1.280976560000000063e+03 2.908527000000000161e-03 2.930475570895926980e-03
1.281656739999999900e+03 2.917299999999999841e-03 2.922681341582048994e-03
1.282336669999999913e+03 2.922342000000000082e-03 2.914889977035331481e-03
1.283016720000000078e+03 2.907442000000000099e-03 2.907097237400374078e-03
1.283696779999999990e+03 2.911396000000000123e-03 2.899304383174733379e-03
1.284376710000000003e+03 2.900952999999999952e-03 2.891513018628015866e-03
1.285056640000000016e+03 2.893011000000000020e-03 2.883721654081298352e-03
1.285736570000000029e+03 2.859767999999999945e-03 2.858659345953511004e-03
1.286416500000000042e+03 2.818048000000000081e-03 2.819683801081028680e-03
1.287096309999999903e+03 2.737971000000000068e-03 2.780715134953991568e-03
1.287776249999999891e+03 2.678713000000000101e-03 2.741739016852724493e-03
1.288456050000000005e+03 2.644359000000000206e-03 2.702770923954459122e-03
1.289135860000000093e+03 2.626527999999999936e-03 2.663802257827408999e-03
1.289815669999999955e+03 2.563606999999999865e-03 2.624833591700372320e-03
1.290495359999999891e+03 2.512832999999999907e-03 2.585871804318767408e-03
1.291175169999999980e+03 2.476966000000000150e-03 2.546903138191717285e-03
1.291854859999999917e+03 2.451186000000000163e-03 2.507941350810112373e-03
1.292534550000000081e+03 2.437412999999999819e-03 2.468979563428494884e-03
1.293214230000000043e+03 2.412131000000000084e-03 2.430018349275675157e-03
1.293893919999999980e+03 2.401448999999999945e-03 2.383620856833850755e-03
1.294573489999999993e+03 2.355910000000000122e-03 2.326990855988718410e-03
1.295253169999999955e+03 2.300823999999999925e-03 2.270351688611676241e-03
1.295932739999999967e+03 2.231784000000000111e-03 2.213721687766543895e-03
1.296612300000000005e+03 2.151931000000000156e-03 2.157092520242492525e-03
1.297291870000000017e+03 2.075761000000000186e-03 2.100462519397360613e-03
1.297971309999999903e+03 2.019525999999999787e-03 2.043843351726319126e-03
1.298650879999999916e+03 1.951351999999999948e-03 1.987213350881186780e-03
1.299330320000000029e+03 1.907127999999999905e-03 1.930594183210126644e-03
1.300009769999999889e+03 1.871105000000000077e-03 1.873974182218004613e-03
1.300689210000000003e+03 1.810727000000000040e-03 1.817355014546944260e-03
1.301368649999999889e+03 1.753933000000000055e-03 1.760735846875902989e-03
1.302047970000000078e+03 1.710568999999999892e-03 1.711315307374559761e-03
1.302727290000000039e+03 1.688225999999999919e-03 1.680153108598664985e-03
1.303406739999999900e+03 1.646239000000000079e-03 1.648984946380154621e-03
1.304085939999999937e+03 1.610344000000000098e-03 1.617828252320521439e-03
1.304765259999999898e+03 1.563011999999999908e-03 1.586666053544626880e-03
1.305444580000000087e+03 1.559002999999999995e-03 1.555503854768721696e-03
1.306123779999999897e+03 1.530420999999999908e-03 1.524347160709098922e-03
1.306802979999999934e+03 1.490437999999999963e-03 1.493190466649465956e-03
1.307482299999999896e+03 1.457060999999999946e-03 1.462028267873571180e-03
1.308161380000000008e+03 1.436750000000000093e-03 1.430877078530199591e-03
1.308840580000000045e+03 1.407482999999999955e-03 1.399720384470566409e-03
1.309519780000000083e+03 1.378677000000000027e-03 1.368563690410933226e-03
1.310198849999999993e+03 1.334019000000000090e-03 1.337834102350244584e-03
1.310877930000000106e+03 1.274907999999999944e-03 1.309701235647254235e-03
1.311557009999999991e+03 1.245608000000000045e-03 1.281568368944273426e-03
1.312236079999999902e+03 1.231745000000000019e-03 1.253435916520414910e-03
1.312915040000000090e+03 1.206526000000000083e-03 1.225308021166900737e-03
1.313594119999999975e+03 1.191240000000000094e-03 1.197175154463919712e-03
1.314273069999999962e+03 1.176350999999999959e-03 1.169047673389537155e-03
1.314952029999999922e+03 1.155772999999999913e-03 1.140919778036032523e-03
1.315630979999999909e+03 1.117427999999999954e-03 1.112792296961649966e-03
1.316309809999999970e+03 1.107272999999999981e-03 1.084669787236743586e-03
1.316988769999999931e+03 1.064955999999999932e-03 1.056541891883238955e-03
1.317667599999999993e+03 1.040595000000000062e-03 1.028419382158332358e-03
1.318346440000000030e+03 1.000175000000000066e-03 1.000296458154303686e-03
1.319025270000000091e+03 1.012372000000000098e-03 9.861088077543886301e-04
1.319704099999999926e+03 9.973779999999999365e-04 9.720389870244816165e-04
1.320382810000000063e+03 9.699990000000000348e-04 9.579716534835372010e-04
1.321061519999999973e+03 9.502599999999999719e-04 9.439043199425973391e-04
1.321740360000000010e+03 9.535389999999999925e-04 9.298342919469389971e-04
1.322419069999999920e+03 9.471770000000000016e-04 9.157669584059991352e-04
1.323097659999999905e+03 9.342419999999999501e-04 9.017021120540265333e-04
1.323776370000000043e+03 8.970820000000000009e-04 8.876347785130820093e-04
1.324454960000000028e+03 8.537720000000000378e-04 8.735699321611092990e-04
1.325133669999999938e+03 8.711419999999999884e-04 8.595025986201695455e-04
1.325812259999999924e+03 8.529510000000000130e-04 8.454377522681968352e-04
1.326490720000000010e+03 8.342000000000000023e-04 8.313756003709380513e-04
1.327169309999999996e+03 8.049640000000000267e-04 8.193786827473270454e-04
1.327847899999999981e+03 8.190299999999999967e-04 8.077794216560115446e-04
1.328526370000000043e+03 8.244430000000000074e-04 7.961822117463080838e-04
1.329204829999999902e+03 8.300859999999999532e-04 7.845851727684091410e-04
1.329883299999999963e+03 7.916880000000000271e-04 7.729879628587056802e-04
1.330561770000000024e+03 7.742829999999999591e-04 7.613907529490021109e-04
1.331240109999999959e+03 7.749709999999999498e-04 7.497957651527152080e-04
1.331918580000000020e+03 7.694899999999999527e-04 7.381985552430116388e-04
1.332596919999999955e+03 7.606810000000000307e-04 7.266035674467247359e-04
1.333275270000000091e+03 7.129369999999999674e-04 7.150084087186332066e-04
1.333953610000000026e+03 6.950990000000000207e-04 7.034134209223463037e-04
1.334631840000000011e+03 6.855480000000000167e-04 6.918203133758706090e-04
1.335310179999999946e+03 6.943169999999999594e-04 6.820173238748788872e-04
1.335988399999999956e+03 6.801290000000000200e-04 6.730551583406505813e-04
1.336666629999999941e+03 6.685919999999999710e-04 6.640928606639682867e-04
1.337344849999999951e+03 6.480429999999999481e-04 6.551306951297399808e-04
1.338022950000000037e+03 6.587519999999999704e-04 6.461701153049620320e-04
1.338701170000000047e+03 6.586959999999999560e-04 6.372079497707337260e-04
1.339379269999999906e+03 6.317840000000000348e-04 6.282473699459588130e-04
1.340057369999999992e+03 6.022659999999999559e-04 6.192867901211808641e-04
1.340735470000000078e+03 6.040610000000000293e-04 6.103262102964029153e-04
1.341413569999999936e+03 6.119450000000000237e-04 6.013656304716278938e-04
1.342091550000000097e+03 6.146129999999999649e-04 5.924066363563003021e-04
1.342769649999999956e+03 5.942290000000000462e-04 5.834460565315253890e-04
1.343447629999999890e+03 5.660459999999999537e-04 5.761980213027258473e-04
1.344125610000000052e+03 5.558120000000000378e-04 5.705401057876032011e-04
1.344803589999999986e+03 5.423370000000000491e-04 5.648821902724822895e-04
1.345481449999999995e+03 5.634709999999999589e-04 5.592252761878776894e-04
1.346159419999999955e+03 5.634880000000000097e-04 5.535674441252997225e-04
1.346837279999999964e+03 5.576790000000000523e-04 5.479105300406951224e-04
1.347515139999999974e+03 5.394389999999999559e-04 5.422536159560905223e-04
1.348192990000000009e+03 5.405079999999999824e-04 5.365967853240287584e-04
1.348870850000000019e+03 5.459179999999999458e-04 5.309398712394241583e-04
1.349548579999999902e+03 5.135860000000000121e-04 5.252840420378805490e-04
1.350226319999999987e+03 4.849380000000000249e-04 5.196281293837921519e-04
1.350904170000000022e+03 4.909240000000000045e-04 5.139712987517303881e-04
1.351581789999999955e+03 5.199970000000000156e-04 5.095707696073993901e-04
1.352259520000000066e+03 5.265639999999999817e-04 5.074940527198849253e-04
1.352937259999999924e+03 5.068369999999999993e-04 5.054173051901260762e-04
1.353614870000000110e+03 4.810109999999999928e-04 5.033409560095544136e-04
1.354292480000000069e+03 4.768400000000000221e-04 5.012646068289835100e-04
1.354970090000000027e+03 4.910199999999999981e-04 4.991882576484124980e-04
1.355647709999999961e+03 5.227390000000000378e-04 4.971118778255963428e-04
1.356325319999999920e+03 5.108950000000000340e-04 4.950355286450254392e-04
1.357002809999999954e+03 4.446799999999999776e-04 4.929595471713973378e-04
1.357680299999999988e+03 4.232509999999999766e-04 4.908835656977691281e-04
1.358357790000000023e+03 4.592050000000000190e-04 4.888075842241410267e-04
1.359035280000000057e+03 4.566689999999999877e-04 4.867316027505128712e-04
1.359712770000000091e+03 4.884740000000000262e-04 4.833582636224852537e-04
1.360390139999999974e+03 4.677320000000000002e-04 4.739881438940611656e-04
1.361067630000000008e+03 4.648869999999999825e-04 4.646163641949137540e-04
1.361744999999999891e+03 4.778079999999999762e-04 4.552462444664896659e-04
1.362422360000000026e+03 4.992440000000000332e-04 4.458762630689555063e-04
1.363099609999999984e+03 4.929000000000000005e-04 4.365078033112515434e-04
1.363776980000000094e+03 4.860110000000000059e-04 4.271376835828243112e-04
1.364454220000000078e+03 4.620809999999999826e-04 4.177693621560134209e-04
1.365131470000000036e+03 4.241359999999999792e-04 4.084009023983095122e-04
1.365808719999999994e+03 3.800729999999999777e-04 3.990324426406055493e-04
1.366485959999999977e+03 3.694610000000000190e-04 3.896641212137946591e-04
1.367163209999999935e+03 3.683720000000000028e-04 3.802956614560907504e-04
1.367840329999999994e+03 3.709289999999999853e-04 3.709289999999999853e-04
