9.306945799999999736e+02 1.707009999999999908e-03 1.707009999999999908e-03
9.313851899999999659e+02 1.445127999999999951e-03 1.653736591949891066e-03
9.320757399999999961e+02 1.259733999999999984e-03 1.600467812278289718e-03
9.327663000000000011e+02 1.418676000000000008e-03 1.547198261210271791e-03
9.334568500000000313e+02 1.307409000000000045e-03 1.493929481538670227e-03
9.341473999999999478e+02 1.160339000000000032e-03 1.440660701867077552e-03
9.348378900000000158e+02 1.070659000000000064e-03 1.387396550573983482e-03
9.355283799999999701e+02 1.120922000000000108e-03 1.334132399280898301e-03
9.362188700000000381e+02 1.257265999999999939e-03 1.280868247987804230e-03
9.369093000000000302e+02 1.238245999999999921e-03 1.227608725073226327e-03
9.375997300000000223e+02 1.184315000000000020e-03 1.174349202158648424e-03
9.382901600000000144e+02 1.102696000000000015e-03 1.121089679244070521e-03
9.389805300000000443e+02 1.069793999999999997e-03 1.069088844083124733e-03
9.396708999999999605e+02 1.049568999999999979e-03 1.038667122045331369e-03
9.403612699999999904e+02 1.049611999999999898e-03 1.008245400007533018e-03
9.410515699999999697e+02 1.173058999999999951e-03 9.778267625773278890e-04
9.417418800000000374e+02 1.257386000000000094e-03 9.474076844888917187e-04
9.424321899999999914e+02 1.051447999999999966e-03 9.169886064004604273e-04
9.431224999999999454e+02 7.790250000000000299e-04 8.865695283120291360e-04
9.438127399999999625e+02 7.121989999999999484e-04 8.561535348311861884e-04
9.445029899999999543e+02 7.819380000000000341e-04 8.257371006921170780e-04
9.451931799999999839e+02 8.161929999999999966e-04 7.953233105024100401e-04
9.458833600000000388e+02 8.449440000000000336e-04 7.649099609709291651e-04
9.465735499999999547e+02 7.938119999999999682e-04 7.344961707812271146e-04
9.472637300000000096e+02 6.909600000000000117e-04 7.086887531976854976e-04
9.479538599999999633e+02 5.326629999999999516e-04 7.217713053934286024e-04
9.486439800000000560e+02 5.692069999999999595e-04 7.348536680226839830e-04
9.493341100000000097e+02 5.617320000000000082e-04 7.479362202184270877e-04
9.500241700000000264e+02 6.878210000000000270e-04 7.610174454487392097e-04
9.507142300000000432e+02 7.668560000000000047e-04 7.740986706790513316e-04
9.514043000000000347e+02 9.117679999999999752e-04 7.871800854758532378e-04
9.520943600000000515e+02 9.607459999999999525e-04 8.002613107061653597e-04
9.527843599999999924e+02 9.259239999999999528e-04 8.133413985375342230e-04
9.534743700000000217e+02 8.821659999999999831e-04 8.264216759353950389e-04
9.541643100000000004e+02 8.550129999999999536e-04 8.395006263678227035e-04
9.548542499999999791e+02 8.232670000000000309e-04 8.525795768002503681e-04
9.555441899999999578e+02 8.781789999999999822e-04 8.681346483214842863e-04
9.562341300000000501e+02 9.772299999999999390e-04 8.974050470437466018e-04
9.569240099999999529e+02 9.945679999999999278e-04 9.266729002925924502e-04
9.576138899999999694e+02 1.038124000000000078e-03 9.559407535414431775e-04
9.583037699999999859e+02 1.081626000000000028e-03 9.852086067902937963e-04
9.589935900000000402e+02 1.195345000000000001e-03 1.014473914565737923e-03
9.596834099999999808e+02 1.240369999999999971e-03 1.043739222341177062e-03
9.603731699999999591e+02 1.298639999999999994e-03 1.073001984643209492e-03
9.610629900000000134e+02 1.321406000000000013e-03 1.102267292418653401e-03
9.617527499999999918e+02 1.337517000000000090e-03 1.131530054720685831e-03
9.624424999999999955e+02 1.236998000000000004e-03 1.160792392777151415e-03
9.631322000000000116e+02 1.196124999999999923e-03 1.190052609605777136e-03
9.638219000000000278e+02 1.222697999999999927e-03 1.225174958379016219e-03
9.645116000000000440e+02 1.291300999999999907e-03 1.284342523932052640e-03
9.652012300000000096e+02 1.383742000000000088e-03 1.343504084367513332e-03
9.658908699999999499e+02 1.494255000000000106e-03 1.402666502676910842e-03
9.665805100000000039e+02 1.575880999999999896e-03 1.461828920986318111e-03
9.672701399999999694e+02 1.633164000000000100e-03 1.520990481421778803e-03
9.679597199999999475e+02 1.707769999999999948e-03 1.580147752487547162e-03
9.686492899999999509e+02 1.726551999999999904e-03 1.639304165679379135e-03
9.693388700000000426e+02 1.829008000000000023e-03 1.698461436745157252e-03
9.700283799999999701e+02 1.877989000000000047e-03 1.757612702693350315e-03
9.707178999999999860e+02 1.872987999999999910e-03 1.816764826515489522e-03
9.714073499999999513e+02 1.895329999999999975e-03 1.875910945220053650e-03
9.720968599999999924e+02 1.937020000000000018e-03 1.925598834863795654e-03
9.727863200000000461e+02 2.032785000000000061e-03 1.944498929761088882e-03
9.734757100000000491e+02 2.055992999999999883e-03 1.963397105755699309e-03
9.741651600000000144e+02 2.110734999999999868e-03 1.982296926524036024e-03
9.748545500000000175e+02 2.140794000000000117e-03 2.001195102518646234e-03
9.755438799999999446e+02 2.167736999999999876e-03 2.020091633739527770e-03
9.762332800000000361e+02 2.151296000000000024e-03 2.038990083863094927e-03
9.769226099999999633e+02 2.098855000000000165e-03 2.057886615083976464e-03
9.776119400000000041e+02 2.047482000000000208e-03 2.076783146304861036e-03
9.783012099999999691e+02 2.066510000000000135e-03 2.095678032752016501e-03
9.789904800000000478e+02 2.113243999999999800e-03 2.114572919199175002e-03
9.796797500000000127e+02 2.169873000000000114e-03 2.133467805646330033e-03
9.803690199999999777e+02 2.135862999999999998e-03 2.154137381694515383e-03
9.810582299999999805e+02 2.123523999999999898e-03 2.179598070900780511e-03
9.817474399999999832e+02 2.118411000000000165e-03 2.205058760107045639e-03
9.824365800000000490e+02 2.187707000000000106e-03 2.230516863384141620e-03
9.831257299999999759e+02 2.214754000000000202e-03 2.255975336079685256e-03
9.838148800000000165e+02 2.237882999999999973e-03 2.281433808775233229e-03
9.845040299999999434e+02 2.251027000000000063e-03 2.306892281470776865e-03
9.851931200000000217e+02 2.299893999999999810e-03 2.332348537655607248e-03
9.858822000000000116e+02 2.366014000000000051e-03 2.357804424421981737e-03
9.865712899999999763e+02 2.452821999999999902e-03 2.383260680606808218e-03
9.872603100000000040e+02 2.496318999999999882e-03 2.408714350862465551e-03
9.879493400000000065e+02 2.475380000000000115e-03 2.434168390536574876e-03
9.886383700000000090e+02 2.455895000000000040e-03 2.450743387462827032e-03
9.893273299999999608e+02 2.541302000000000057e-03 2.446722213260180915e-03
9.900163000000000011e+02 2.600349000000000063e-03 2.442700980691675343e-03
9.907052599999999529e+02 2.630827999999999986e-03 2.438679806489029225e-03
9.913941700000000310e+02 2.640159999999999903e-03 2.434658924115676044e-03
9.920830700000000206e+02 2.594317000000000064e-03 2.430638100108182317e-03
9.927719700000000103e+02 2.584765000000000153e-03 2.426617276100688156e-03
9.934608799999999746e+02 2.659682000000000018e-03 2.422596393727335842e-03
9.941497200000000021e+02 2.724106000000000010e-03 2.418575919914994071e-03
9.948385600000000295e+02 2.696949000000000134e-03 2.414555446102651867e-03
9.955273399999999810e+02 2.617199000000000175e-03 2.410535322485462921e-03
9.962161300000000210e+02 2.490295999999999916e-03 2.406515140502414520e-03
9.969049099999999726e+02 2.361516000000000136e-03 2.384787166778673528e-03
9.975936900000000378e+02 2.242725000000000100e-03 2.326814564061731316e-03
9.982824100000000271e+02 2.192562999999999804e-03 2.268847011369714249e-03
9.989711300000000165e+02 2.182162000000000077e-03 2.210879458677696315e-03
9.996597900000000436e+02 2.173089999999999918e-03 2.152916956010593984e-03
1.000348449999999957e+03 2.054378999999999841e-03 2.094954453343500760e-03
1.001037109999999984e+03 1.944734000000000046e-03 2.036991950676397996e-03
1.001725770000000011e+03 1.916727000000000014e-03 1.979029448009295665e-03
1.002414369999999963e+03 1.909682999999999910e-03 1.921071995367117178e-03
1.003102970000000028e+03 1.897526999999999981e-03 1.863114542724929150e-03
1.003791560000000004e+03 1.797367000000000018e-03 1.805157931753568557e-03
1.004480099999999993e+03 1.728069000000000046e-03 1.747205529136305023e-03
1.005168639999999982e+03 1.699551000000000100e-03 1.696072204499566877e-03
1.005857179999999971e+03 1.661689000000000048e-03 1.657540520729142847e-03
1.006545650000000023e+03 1.649992000000000082e-03 1.619012754258892291e-03
1.007234130000000050e+03 1.597422000000000035e-03 1.580484428174332200e-03
1.007922609999999963e+03 1.537596000000000015e-03 1.541956102089778397e-03
1.008611020000000053e+03 1.516407999999999905e-03 1.503431693305391781e-03
1.009299440000000004e+03 1.533866000000000049e-03 1.464906724906702134e-03
1.009987849999999980e+03 1.494646999999999989e-03 1.426382316122322023e-03
1.010676270000000045e+03 1.456604000000000015e-03 1.387857347723625871e-03
1.011364619999999945e+03 1.400222000000000012e-03 1.349336296625115988e-03
1.012052919999999972e+03 1.342923999999999897e-03 1.310818043598154219e-03
1.012741269999999986e+03 1.270815999999999916e-03 1.272296992499637831e-03
1.013429570000000012e+03 1.244405999999999984e-03 1.237740159555897768e-03
1.014117859999999951e+03 1.239440000000000073e-03 1.209929321751674561e-03
1.014806090000000040e+03 1.188915000000000024e-03 1.182120908289319020e-03
1.015494320000000016e+03 1.162327000000000108e-03 1.154312494826968249e-03
1.016182559999999967e+03 1.137198999999999979e-03 1.126503677307639281e-03
1.016870790000000056e+03 1.121664000000000081e-03 1.098695263845283956e-03
1.017558959999999956e+03 1.121147999999999980e-03 1.070889274724809740e-03
1.018247129999999970e+03 1.090641000000000050e-03 1.043083285604330971e-03
1.018935240000000022e+03 1.060259000000000028e-03 1.015279720825724421e-03
1.019623349999999959e+03 1.027246000000000105e-03 9.874761560471224248e-04
1.020311460000000011e+03 9.746740000000000265e-04 9.596725912685159831e-04
1.020999569999999949e+03 9.445229999999999555e-04 9.318690264899140950e-04
1.021687620000000038e+03 9.029869999999999520e-04 9.199456545702492695e-04
1.022375670000000014e+03 9.196780000000000536e-04 9.334201338315144649e-04
1.023063719999999989e+03 9.264489999999999791e-04 9.468946130927795518e-04
1.023751710000000003e+03 9.580129999999999636e-04 9.603679173395033523e-04
1.024439699999999903e+03 9.450800000000000520e-04 9.738412215862249843e-04
1.025127690000000030e+03 9.679289999999999682e-04 9.873145258329509531e-04
1.025815550000000030e+03 9.844249999999999268e-04 1.000785284214833438e-03
1.026503539999999930e+03 1.034862000000000108e-03 1.014258588461554962e-03
1.027191409999999905e+03 1.023707000000000002e-03 1.027729542679193912e-03
1.027879269999999906e+03 1.039886000000000065e-03 1.041200301061076181e-03
1.028567140000000109e+03 1.037813000000000060e-03 1.054671255278719685e-03
1.029255000000000109e+03 1.069777000000000054e-03 1.068142013660601953e-03
1.029942870000000084e+03 1.077845999999999926e-03 1.089136822887734829e-03
1.030630619999999908e+03 1.093498000000000039e-03 1.121636871653160315e-03
1.031318479999999909e+03 1.114633999999999981e-03 1.154142118536171692e-03
1.032006229999999960e+03 1.167045999999999925e-03 1.186642167301607802e-03
1.032693970000000036e+03 1.209491000000000038e-03 1.219141743510901692e-03
1.033381710000000112e+03 1.226691999999999930e-03 1.251641319720195582e-03
1.034069340000000011e+03 1.257324999999999892e-03 1.284135697811902930e-03
1.034757080000000087e+03 1.303235000000000027e-03 1.316635274021196820e-03
1.035444700000000012e+03 1.366335999999999896e-03 1.349129179556762164e-03
1.036132319999999936e+03 1.411899000000000097e-03 1.381623085092327508e-03
1.036820069999999987e+03 1.434841000000000068e-03 1.414123133857763401e-03
1.037507569999999987e+03 1.476927999999999965e-03 1.446611368719611041e-03
1.038195189999999911e+03 1.458993999999999916e-03 1.471649063882269921e-03
1.038882810000000063e+03 1.483757999999999952e-03 1.485578897558916932e-03
1.039570310000000063e+03 1.453719000000000018e-03 1.499506300270723926e-03
1.040257810000000063e+03 1.419916999999999924e-03 1.513433702982530703e-03
1.040945310000000063e+03 1.515382999999999921e-03 1.527361105694337697e-03
1.041632810000000063e+03 1.594273999999999908e-03 1.541288508406144474e-03
1.042320310000000063e+03 1.669167000000000047e-03 1.555215911117951468e-03
1.043007689999999911e+03 1.670580000000000068e-03 1.569140882864918226e-03
1.043695189999999911e+03 1.636693000000000045e-03 1.583068285576725003e-03
1.044382569999999987e+03 1.633705000000000053e-03 1.596993257323696533e-03
1.045069950000000063e+03 1.646539999999999939e-03 1.610918229070668062e-03
1.045757319999999936e+03 1.644019000000000036e-03 1.624842998237232281e-03
1.046444700000000012e+03 1.626010999999999906e-03 1.634165656219833387e-03
1.047131959999999935e+03 1.610155999999999957e-03 1.636696523911969781e-03
1.047819340000000011e+03 1.573430999999999918e-03 1.639227833509823489e-03
1.048506589999999960e+03 1.572391000000000023e-03 1.641758664376483622e-03
1.049193850000000111e+03 1.563745999999999973e-03 1.644289532068620666e-03
1.049881100000000060e+03 1.537214999999999979e-03 1.646820362935280582e-03
1.050568359999999984e+03 1.491722000000000013e-03 1.649351230627416759e-03
1.051255490000000009e+03 1.511001000000000098e-03 1.651881619588360011e-03
1.051942749999999933e+03 1.578135000000000041e-03 1.654412487280496405e-03
1.052629879999999957e+03 1.617830000000000006e-03 1.656942876241439657e-03
1.053317019999999957e+03 1.641578000000000091e-03 1.659473302027859171e-03
1.054004149999999981e+03 1.645116999999999977e-03 1.662003690988802422e-03
1.054691280000000006e+03 1.677330000000000097e-03 1.686844667622657522e-03
1.055378300000000081e+03 1.692813999999999951e-03 1.744869069233007369e-03
1.056065430000000106e+03 1.711761999999999919e-03 1.802902761233992398e-03
1.056752439999999979e+03 1.744317999999999910e-03 1.860926318263358102e-03
1.057439450000000079e+03 1.781735000000000003e-03 1.918949875292742888e-03
1.058126459999999952e+03 1.843510999999999934e-03 1.976973432322108159e-03
1.058813480000000027e+03 1.884637999999999895e-03 2.034997833932458006e-03
1.059500489999999900e+03 1.992147000000000102e-03 2.093021390961823710e-03
1.060187380000000076e+03 2.100784999999999979e-03 2.151034813019608253e-03
1.060874270000000024e+03 2.188077000000000077e-03 2.209048235077373280e-03
1.061561159999999973e+03 2.292970999999999985e-03 2.267061657135138741e-03
1.062248049999999921e+03 2.348910000000000060e-03 2.325075079192903769e-03
1.062934940000000097e+03 2.358572000000000186e-03 2.370234803731010708e-03
1.063621830000000045e+03 2.325897999999999854e-03 2.395768289303928846e-03
1.064308590000000095e+03 2.290007000000000154e-03 2.421296942439161298e-03
1.064995480000000043e+03 2.307909999999999823e-03 2.446830428012079436e-03
1.065682250000000067e+03 2.371345999999999871e-03 2.472359452873286977e-03
1.066369020000000091e+03 2.408888000000000088e-03 2.497888477734494517e-03
1.067055659999999989e+03 2.414597000000000097e-03 2.523412670158008131e-03
1.067742430000000013e+03 2.443985000000000081e-03 2.548941695019215671e-03
1.068429080000000113e+03 2.562019999999999922e-03 2.574466259168713047e-03
1.069115839999999935e+03 2.662677000000000013e-03 2.599994912303936825e-03
1.069802490000000034e+03 2.705135999999999912e-03 2.625519476453434201e-03
1.070489139999999907e+03 2.681822999999999846e-03 2.651044040602922904e-03
1.071175780000000032e+03 2.662132000000000213e-03 2.670357816465382655e-03
1.071862300000000005e+03 2.677885000000000074e-03 2.679766618400560019e-03
1.072548950000000104e+03 2.747477999999999813e-03 2.689177201994324105e-03
1.073235470000000078e+03 2.816648000000000155e-03 2.698586003929501469e-03
1.073922000000000025e+03 2.849345000000000089e-03 2.707994942915339150e-03
1.074608519999999999e+03 2.845298999999999918e-03 2.717403744850516514e-03
1.075295039999999972e+03 2.829856999999999859e-03 2.726812546785693878e-03
1.075981569999999920e+03 2.804613000000000071e-03 2.736221485771531559e-03
1.076667969999999968e+03 2.810981000000000157e-03 2.745628643098785553e-03
1.077354370000000017e+03 2.841675000000000104e-03 2.755035800426039981e-03
1.078040770000000066e+03 2.833875000000000022e-03 2.764442957753293975e-03
1.078727169999999887e+03 2.817206999999999958e-03 2.773850115080545367e-03
1.079413569999999936e+03 2.754734000000000002e-03 2.754687853447077353e-03
1.080099979999999960e+03 2.695409000000000173e-03 2.687009183230501270e-03
1.080786250000000109e+03 2.623426999999999790e-03 2.619344316737387632e-03
1.081472659999999905e+03 2.610412999999999796e-03 2.551665646520834101e-03
1.082158940000000030e+03 2.541658000000000025e-03 2.483999794047475097e-03
1.082845209999999952e+03 2.526747000000000194e-03 2.416334927554383578e-03
1.083531369999999924e+03 2.416544000000000070e-03 2.348680906844017539e-03
1.084217650000000049e+03 2.280505999999999853e-03 2.281015054370658102e-03
1.084903929999999946e+03 2.191335999999999892e-03 2.213349201897321650e-03
1.085590089999999918e+03 2.121720000000000116e-03 2.145695181186955611e-03
1.086276249999999891e+03 2.063221000000000065e-03 2.078041160476589572e-03
1.086962399999999889e+03 2.001744000000000179e-03 2.010388125746468899e-03
1.087648560000000089e+03 1.946400999999999947e-03 1.947057324114960433e-03
1.088334589999999935e+03 1.876251000000000004e-03 1.891704604779637306e-03
1.089020749999999907e+03 1.797222000000000012e-03 1.836341396320630625e-03
1.089706789999999955e+03 1.708726999999999946e-03 1.780987870129623887e-03
1.090392820000000029e+03 1.628015999999999925e-03 1.725635150794282329e-03
1.091078860000000077e+03 1.575495000000000107e-03 1.670281624603275590e-03
1.091764889999999923e+03 1.565228000000000105e-03 1.614928905267952464e-03
1.092450810000000047e+03 1.510913999999999920e-03 1.559585061344945667e-03
1.093136839999999893e+03 1.475647000000000070e-03 1.504232342009622541e-03
1.093822750000000042e+03 1.421996000000000024e-03 1.448889304942281141e-03
1.094508669999999938e+03 1.355613999999999994e-03 1.393545461019292560e-03
1.095194580000000087e+03 1.327980999999999996e-03 1.338202423951951161e-03
1.095880490000000009e+03 1.284402000000000026e-03 1.293935194440459357e-03
1.096566409999999905e+03 1.230292000000000018e-03 1.272318900555526131e-03
1.097252199999999903e+03 1.177440000000000084e-03 1.250706703530580881e-03
1.097937989999999900e+03 1.147880999999999901e-03 1.229094506505635630e-03
1.098623779999999897e+03 1.143619000000000016e-03 1.207482309480690380e-03
1.099309569999999894e+03 1.111571999999999907e-03 1.185870112455745130e-03
1.099995359999999891e+03 1.081364000000000023e-03 1.164257915430799879e-03
1.100681149999999889e+03 1.057634999999999912e-03 1.142645718405854629e-03
1.101366819999999962e+03 1.062915999999999904e-03 1.121037303097821873e-03
1.102052490000000034e+03 1.081843000000000084e-03 1.099428887789788900e-03
1.102738160000000107e+03 1.078977999999999968e-03 1.077820472481756144e-03
1.103423829999999953e+03 1.060752000000000092e-03 1.056212057173730543e-03
1.104109500000000025e+03 1.035530999999999908e-03 1.047400430943443888e-03
1.104795170000000098e+03 1.037488999999999946e-03 1.068339263208642996e-03
1.105480710000000045e+03 1.045410999999999997e-03 1.089274125563831352e-03
1.106166259999999966e+03 1.080828999999999948e-03 1.110209293296711809e-03
1.106851809999999887e+03 1.118328000000000030e-03 1.131144461029592267e-03
1.107537350000000060e+03 1.143467999999999915e-03 1.152079323384787562e-03
1.108222899999999981e+03 1.190791999999999979e-03 1.173014491117668236e-03
1.108908449999999903e+03 1.215024000000000095e-03 1.193949658850548693e-03
1.109593869999999924e+03 1.222931000000000018e-03 1.214880856673425120e-03
1.110279299999999921e+03 1.258636000000000043e-03 1.235812359873993864e-03
1.110964719999999943e+03 1.264544000000000041e-03 1.256743557696870291e-03
1.111650149999999940e+03 1.289467999999999994e-03 1.277675060897439036e-03
1.112335569999999962e+03 1.295001999999999959e-03 1.302583827674398155e-03
1.113020999999999958e+03 1.320056000000000007e-03 1.338311228228163596e-03
1.113706300000000056e+03 1.345314000000000015e-03 1.374031852652975736e-03
1.114391599999999926e+03 1.406156999999999893e-03 1.409752477077776166e-03
1.115076900000000023e+03 1.441947000000000064e-03 1.445473101502588523e-03
1.115762210000000096e+03 1.478197000000000105e-03 1.481194247168088644e-03
1.116447509999999966e+03 1.511879000000000044e-03 1.516914871592889074e-03
1.117132689999999911e+03 1.563240999999999936e-03 1.552629241129423968e-03
1.117817990000000009e+03 1.583186000000000098e-03 1.588349865554236325e-03
1.118503169999999955e+03 1.613910999999999991e-03 1.624064235090771219e-03
1.119188349999999900e+03 1.662400000000000076e-03 1.659778604627306330e-03
1.119873540000000048e+03 1.697015000000000069e-03 1.695493495404540914e-03
1.120558590000000095e+03 1.729894000000000050e-03 1.728693775839935162e-03
1.121243770000000040e+03 1.755477999999999986e-03 1.753620361414212148e-03
1.121928830000000062e+03 1.794390000000000091e-03 1.778542581434522417e-03
1.122613890000000083e+03 1.839651000000000090e-03 1.803464801454832470e-03
1.123298950000000104e+03 1.882058000000000038e-03 1.828387021475142522e-03
1.123984009999999898e+03 1.940841999999999914e-03 1.853309241495444334e-03
1.124669069999999920e+03 2.001096999999999859e-03 1.878231461515754604e-03
1.125354000000000042e+03 2.031807000000000057e-03 1.903148952185934606e-03
1.126039060000000063e+03 2.036843999999999894e-03 1.928071172206244658e-03
1.126723999999999933e+03 2.015335999999999950e-03 1.952989026672579754e-03
1.127408940000000030e+03 2.007903000000000118e-03 1.977906881138922872e-03
1.128093869999999924e+03 2.003015999999999824e-03 2.002824371809094634e-03
1.128778690000000097e+03 2.026677000000000166e-03 2.021975795015084655e-03
1.129463619999999992e+03 2.023716999999999964e-03 2.016839330602082474e-03
1.130148439999999937e+03 2.016824999999999868e-03 2.011703691107079219e-03
1.130833249999999907e+03 2.012528999999999881e-03 2.006568126604621558e-03
1.131518070000000080e+03 2.039382000000000174e-03 2.001432487109616569e-03
1.132202880000000050e+03 2.024185999999999867e-03 1.996296922607158474e-03
1.132887699999999995e+03 2.035182999999999871e-03 1.991161283112155653e-03
1.133572390000000041e+03 2.034024000000000162e-03 1.986026618520242079e-03
1.134257080000000087e+03 2.022075999999999821e-03 1.980891953928328505e-03
1.134941769999999906e+03 2.022866999999999808e-03 1.975757289336416665e-03
1.135626459999999952e+03 1.993300999999999840e-03 1.970622624744503525e-03
1.136311159999999973e+03 1.956475999999999962e-03 1.965487885160044790e-03
1.136995850000000019e+03 1.961687000000000153e-03 1.963417765575333884e-03
1.137680419999999913e+03 1.950705999999999968e-03 1.979170111974835368e-03
1.138364990000000034e+03 1.959811000000000105e-03 1.994922458374342056e-03
1.139049559999999929e+03 1.977566000000000046e-03 2.010674804773843541e-03
1.139734130000000050e+03 1.981160000000000039e-03 2.026427151173350229e-03
1.140418699999999944e+03 1.969550999999999941e-03 2.042179497572851714e-03
1.141103149999999914e+03 1.956157999999999942e-03 2.057929082703868068e-03
1.141787720000000036e+03 1.965466999999999822e-03 2.073681429103374756e-03
1.142472170000000006e+03 2.004700999999999792e-03 2.089431014234391544e-03
1.143156619999999975e+03 2.053567000000000066e-03 2.105180599365407898e-03
1.143841059999999970e+03 2.095262999999999987e-03 2.120929954390717628e-03
1.144525509999999940e+03 2.124956999999999801e-03 2.136679539521734415e-03
1.145209839999999986e+03 2.155432000000000094e-03 2.153683297678829055e-03
1.145894289999999955e+03 2.216473000000000054e-03 2.182389044277371556e-03
1.146578610000000026e+03 2.250623000000000207e-03 2.211089338692328807e-03
1.147262940000000071e+03 2.272759000000000064e-03 2.239790052506023151e-03
1.147947269999999889e+03 2.272178000000000132e-03 2.268490766319707520e-03
1.148631470000000036e+03 2.305376999999999947e-03 2.297186027949816179e-03
1.149315800000000081e+03 2.342599999999999804e-03 2.325886741763510523e-03
1.150000000000000000e+03 2.360740000000000061e-03 2.354582003393609641e-03
1.150684199999999919e+03 2.399009000000000124e-03 2.383277265023708760e-03
1.151368410000000040e+03 2.431996000000000071e-03 2.411972946052554079e-03
1.152052609999999959e+03 2.483416999999999916e-03 2.440668207682653631e-03
1.152736820000000080e+03 2.497623000000000031e-03 2.469363888711498950e-03
1.153420900000000074e+03 2.496681000000000161e-03 2.496117424293392041e-03
1.154104980000000069e+03 2.490913999999999889e-03 2.479788248401422826e-03
1.154789060000000063e+03 2.484918000000000023e-03 2.463459072509454045e-03
1.155473140000000058e+03 2.487507999999999820e-03 2.447129896617484830e-03
1.156157230000000027e+03 2.473089999999999837e-03 2.430800482022793096e-03
1.156841310000000021e+03 2.459727000000000094e-03 2.414471306130824314e-03
1.157525270000000091e+03 2.447127999999999803e-03 2.398144994671532262e-03
1.158209229999999934e+03 2.436392999999999805e-03 2.381818683212246282e-03
1.158893190000000004e+03 2.412292999999999816e-03 2.365492371752954230e-03
1.159577150000000074e+03 2.372753999999999922e-03 2.349166060293662612e-03
1.160261109999999917e+03 2.351877000000000047e-03 2.332839748834376198e-03
1.160945069999999987e+03 2.329761000000000071e-03 2.316513437375084146e-03
1.161628909999999905e+03 2.300616000000000119e-03 2.300189990348474895e-03
1.162312740000000076e+03 2.243047000000000183e-03 2.250077733361682646e-03
1.162996579999999994e+03 2.182696999999999936e-03 2.199433006472400077e-03
1.163680419999999913e+03 2.127046000000000058e-03 2.148788279583117508e-03
1.164364260000000058e+03 2.078762000000000058e-03 2.098143552693817592e-03
1.165047970000000078e+03 2.052316000000000210e-03 2.047508453516412759e-03
1.165731809999999996e+03 1.966480999999999958e-03 1.996863726627130190e-03
1.166415529999999990e+03 1.898623000000000107e-03 1.946227886856505144e-03
1.167099240000000009e+03 1.850005999999999960e-03 1.895592787679100310e-03
1.167782840000000078e+03 1.830414000000000043e-03 1.844965835027133003e-03
1.168466550000000097e+03 1.795179999999999953e-03 1.794330735849728169e-03
1.169150270000000091e+03 1.736647999999999924e-03 1.743694896079103123e-03
1.169833859999999959e+03 1.692631999999999904e-03 1.693068684020372725e-03
1.170517460000000028e+03 1.646960999999999955e-03 1.662914210141621480e-03
1.171201049999999896e+03 1.620907999999999898e-03 1.634504672058714834e-03
1.171884639999999990e+03 1.606914999999999993e-03 1.606095133975798646e-03
1.172568119999999908e+03 1.576256000000000055e-03 1.577690167418495815e-03
1.173251710000000003e+03 1.524053999999999947e-03 1.549280629335579628e-03
1.173935179999999946e+03 1.481518999999999935e-03 1.520876078371512837e-03
1.174618649999999889e+03 1.483135000000000009e-03 1.492471527407446047e-03
1.175302120000000059e+03 1.473789000000000089e-03 1.464066976443369715e-03
1.175985599999999977e+03 1.464025999999999999e-03 1.435662009886067101e-03
1.176668949999999995e+03 1.431437000000000031e-03 1.407262446040840383e-03
1.177352419999999938e+03 1.412194999999999987e-03 1.378857895076773376e-03
1.178035769999999957e+03 1.351987999999999931e-03 1.350458331231546658e-03
1.178719119999999975e+03 1.333875999999999899e-03 1.339856118929023260e-03
1.179402469999999994e+03 1.314527999999999920e-03 1.332297668910487629e-03
1.180085690000000113e+03 1.297661000000000084e-03 1.324740656805907654e-03
1.180769039999999904e+03 1.305296000000000060e-03 1.317182206787374625e-03
1.181452269999999999e+03 1.310032999999999944e-03 1.309625084074029231e-03
1.182135500000000093e+03 1.304872000000000106e-03 1.302067961360683620e-03
1.182818729999999960e+03 1.293300000000000049e-03 1.294510838647340827e-03
1.183501950000000079e+03 1.291265999999999898e-03 1.286953826542760852e-03
1.184185179999999946e+03 1.285136000000000091e-03 1.279396703829417843e-03
1.184868289999999888e+03 1.283230999999999912e-03 1.271840908421265071e-03
1.185551390000000083e+03 1.281367999999999960e-03 1.264285223621875332e-03
1.186234500000000025e+03 1.258963000000000096e-03 1.256729428213722343e-03
1.186917599999999993e+03 1.236190000000000075e-03 1.243892854670459753e-03
1.187600709999999935e+03 1.187125000000000029e-03 1.229581530933169164e-03
1.188283809999999903e+03 1.179078000000000070e-03 1.215270416698355140e-03
1.188966799999999921e+03 1.147896000000000029e-03 1.200961606990792220e-03
1.189649779999999964e+03 1.144377999999999932e-03 1.186653006785706298e-03
1.190332760000000007e+03 1.105258999999999929e-03 1.172344406580620160e-03
1.191015750000000025e+03 1.078884000000000006e-03 1.158035596873057240e-03
1.191698730000000069e+03 1.061167000000000013e-03 1.143726996667971318e-03
1.192381589999999960e+03 1.080594000000000042e-03 1.129420910492617836e-03
1.193064579999999978e+03 1.081897000000000067e-03 1.115112100785054915e-03
1.193747440000000097e+03 1.096322000000000052e-03 1.100806014609696879e-03
1.194430299999999988e+03 1.088194000000000010e-03 1.086499928434343397e-03
1.195113160000000107e+03 1.064381000000000094e-03 1.070737665770753839e-03
1.195795900000000074e+03 1.032736999999999935e-03 1.054369417342799955e-03
1.196478759999999966e+03 1.011469000000000083e-03 1.037998291992723449e-03
1.197161499999999933e+03 1.011900000000000039e-03 1.021630043564769564e-03
1.197844239999999900e+03 1.002904999999999899e-03 1.005261795136815680e-03
1.198526980000000094e+03 9.980469999999999533e-04 9.888935467088563747e-04
1.199209720000000061e+03 9.670349999999999866e-04 9.725252982809024904e-04
1.199892329999999902e+03 9.420109999999999768e-04 9.561601665185866326e-04
1.200575070000000096e+03 9.230209999999999977e-04 9.397919180906273273e-04
1.201257689999999911e+03 9.105909999999999829e-04 9.234265465848017027e-04
1.201940309999999954e+03 9.050990000000000294e-04 9.070611750789706572e-04
1.202622920000000022e+03 8.906260000000000478e-04 8.906960433166493784e-04
1.203305540000000065e+03 8.743909999999999703e-04 8.772248371487739293e-04
1.203988039999999955e+03 8.567429999999999794e-04 8.655005328411974385e-04
1.204670650000000023e+03 8.420390000000000470e-04 8.537743389021544560e-04
1.205353149999999914e+03 8.311889999999999730e-04 8.420500345945779652e-04
1.206035640000000058e+03 8.121870000000000218e-04 8.303259020716756336e-04
1.206718139999999948e+03 8.041920000000000145e-04 8.186015977640992512e-04
1.207400509999999940e+03 7.865100000000000303e-04 8.068795266573414735e-04
1.208083010000000058e+03 7.710710000000000177e-04 7.951552223497610795e-04
1.208765380000000050e+03 7.630109999999999627e-04 7.834331512430034103e-04
1.209447750000000042e+03 7.576780000000000190e-04 7.717110801362457410e-04
1.210130130000000008e+03 7.662629999999999919e-04 7.599888372448099011e-04
1.210812500000000000e+03 7.515389999999999614e-04 7.482667661380522318e-04
1.211494750000000067e+03 7.353359999999999541e-04 7.369238293443713950e-04
1.212177120000000059e+03 7.309079999999999484e-04 7.259027665046133108e-04
1.212859380000000101e+03 7.314119999999999693e-04 7.148834802917757849e-04
1.213541629999999941e+03 7.200029999999999842e-04 7.038643555904798132e-04
1.214223880000000008e+03 7.038349999999999858e-04 6.928452308891802636e-04
1.214906009999999924e+03 6.900059999999999527e-04 6.818280443263428263e-04
1.215588259999999991e+03 6.877190000000000473e-04 6.708089196250431683e-04
1.216270389999999907e+03 6.688829999999999993e-04 6.597917330622057311e-04
1.216952510000000075e+03 6.670890000000000500e-04 6.487747080109025838e-04
1.217634639999999990e+03 6.480439999999999638e-04 6.377575214480651466e-04
1.218316769999999906e+03 6.297159999999999997e-04 6.267403348852277093e-04
1.218998900000000049e+03 6.146110000000000418e-04 6.157231483223866942e-04
1.219680910000000040e+03 6.046019999999999823e-04 6.093850925903615328e-04
1.220363039999999955e+03 5.845769999999999699e-04 6.088224332829268639e-04
1.221045039999999972e+03 5.769819999999999723e-04 6.082598812068263586e-04
1.221727049999999963e+03 5.970020000000000144e-04 6.076973208821616953e-04
1.222408940000000030e+03 5.969680000000000212e-04 6.071348595402669291e-04
1.223090940000000046e+03 6.083189999999999605e-04 6.065723074641663154e-04
1.223772830000000113e+03 5.931400000000000301e-04 6.060098461222715492e-04
1.224454709999999977e+03 5.878870000000000449e-04 6.054473930289411580e-04
1.225136600000000044e+03 6.153130000000000361e-04 6.048849316870463918e-04
1.225818479999999909e+03 6.355710000000000309e-04 6.043224785937160006e-04
1.226500369999999975e+03 6.317420000000000240e-04 6.037600172518212344e-04
1.227182129999999916e+03 6.119160000000000007e-04 6.031976631412607403e-04
1.227864010000000007e+03 6.004650000000000048e-04 6.020163814174181883e-04
1.228545779999999922e+03 6.030480000000000172e-04 5.996978732208549465e-04
1.229227540000000090e+03 6.133449999999999493e-04 5.973793990314809135e-04
1.229909180000000106e+03 6.226619999999999551e-04 5.950613329283881191e-04
1.230590940000000046e+03 6.373260000000000166e-04 5.927428587390148450e-04
1.231272580000000062e+03 6.391839999999999978e-04 5.904247926359220506e-04
1.231954349999999977e+03 6.373089999999999658e-04 5.881062844393588089e-04
1.232635989999999993e+03 6.200350000000000089e-04 5.857882183362660145e-04
1.233317630000000008e+03 6.022140000000000045e-04 5.834701522331731116e-04
1.233999150000000100e+03 5.877939999999999901e-04 5.811524942163607968e-04
1.234680789999999888e+03 5.848070000000000134e-04 5.788344281132686529e-04
1.235362300000000005e+03 5.871700000000000313e-04 5.765168041036463058e-04
1.236043820000000096e+03 5.699620000000000294e-04 5.758169906924495620e-04
1.236725339999999960e+03 5.632420000000000395e-04 5.799090777058120341e-04
1.237406860000000052e+03 5.761639999999999947e-04 5.840011647191758071e-04
1.238088379999999916e+03 5.883690000000000447e-04 5.880932517325382792e-04
1.238769780000000083e+03 6.028160000000000506e-04 5.921846182234797272e-04
1.239451170000000047e+03 5.926189999999999583e-04 5.962759246708847346e-04
1.240132569999999987e+03 5.800959999999999971e-04 6.003672911618247732e-04
1.240813959999999952e+03 5.825259999999999857e-04 6.044585976092297806e-04
1.241495359999999891e+03 6.062370000000000302e-04 6.085499641001699276e-04
1.242176760000000058e+03 6.345279999999999801e-04 6.126413305911113756e-04
1.242858030000000099e+03 6.588790000000000185e-04 6.167319165160939495e-04
1.243539309999999887e+03 6.485980000000000131e-04 6.208225624846102535e-04
1.244220579999999927e+03 6.212540000000000119e-04 6.258347760287049722e-04
1.244901859999999942e+03 6.210319999999999859e-04 6.361578375062596977e-04
1.245583129999999983e+03 6.428070000000000138e-04 6.464807474593098910e-04
1.246264280000000099e+03 6.605429999999999809e-04 6.568018391183009282e-04
1.246945429999999988e+03 6.742820000000000064e-04 6.671229307772886044e-04
1.247626590000000078e+03 6.838330000000000103e-04 6.774441739607843906e-04
1.248307739999999967e+03 6.852540000000000497e-04 6.877652656197719584e-04
1.248988890000000083e+03 7.033779999999999460e-04 6.980863572787631040e-04
1.249670039999999972e+03 7.236340000000000177e-04 7.084074489377507802e-04
1.250351069999999936e+03 7.489810000000000174e-04 7.187267223026794086e-04
1.251032099999999900e+03 7.567840000000000374e-04 7.290459956676080371e-04
1.251713130000000092e+03 7.612670000000000417e-04 7.393652690325401350e-04
1.252394170000000031e+03 7.488700000000000044e-04 7.496963658608800027e-04
1.253075199999999995e+03 7.446520000000000526e-04 7.603178542939858587e-04
1.253756100000000060e+03 7.451349999999999597e-04 7.709373152194998842e-04
1.254437130000000025e+03 7.702870000000000333e-04 7.815588036526056317e-04
1.255118040000000065e+03 7.940770000000000207e-04 7.921784205402417805e-04
1.255798950000000104e+03 8.229420000000000094e-04 8.027980374278779292e-04
1.256479739999999993e+03 8.321090000000000387e-04 8.134157827700410097e-04
1.257160640000000058e+03 8.290349999999999933e-04 8.240352436955549267e-04
1.257841429999999946e+03 8.306319999999999849e-04 8.346529890377180072e-04
1.258522220000000061e+03 8.264810000000000038e-04 8.452707343798845571e-04
1.259202999999999975e+03 8.374580000000000175e-04 8.558883237599254059e-04
1.259883790000000090e+03 8.487479999999999721e-04 8.665060691020919558e-04
1.260564579999999978e+03 8.757539999999999639e-04 8.771238144442549279e-04
1.261245239999999967e+03 8.989280000000000100e-04 8.843206732790665761e-04
1.261926030000000083e+03 9.077030000000000471e-04 8.912400555588744075e-04
1.262606690000000071e+03 9.122629999999999628e-04 8.981581165506238905e-04
1.263287350000000060e+03 9.185180000000000037e-04 9.050761775423732652e-04
1.263968020000000024e+03 9.275849999999999764e-04 9.119943401716653145e-04
1.264648560000000089e+03 9.456780000000000351e-04 9.189111815129014007e-04
1.265329220000000078e+03 9.593400000000000408e-04 9.258292425046508838e-04
1.266009769999999889e+03 9.571560000000000224e-04 9.327461854834271510e-04
1.266690309999999954e+03 9.362560000000000023e-04 9.396630268246631288e-04
1.267370850000000019e+03 9.466350000000000329e-04 9.465798681658991066e-04
1.268051269999999931e+03 9.544230000000000335e-04 9.534954898566194107e-04
1.268731809999999996e+03 9.630049999999999591e-04 9.604123311978553885e-04
1.269412229999999909e+03 9.485879999999999920e-04 9.676136807779836622e-04
1.270092650000000049e+03 9.455180000000000095e-04 9.748838826411473013e-04
1.270773069999999962e+03 9.747550000000000008e-04 9.821540845043085551e-04
1.271453490000000102e+03 9.929730000000000761e-04 9.894242863674720858e-04
1.272133910000000014e+03 1.003250000000000018e-03 9.966944882306334481e-04
1.272814210000000003e+03 1.015335999999999930e-03 1.003963407908933705e-03
1.273494509999999991e+03 1.028882999999999968e-03 1.011232327587234178e-03
1.274174800000000005e+03 1.029797999999999955e-03 1.018501140416796244e-03
1.274855099999999993e+03 1.027478000000000072e-03 1.025770060095096718e-03
1.275535399999999981e+03 1.037635999999999984e-03 1.033038979773396975e-03
1.276215580000000045e+03 1.057276000000000006e-03 1.040306617266836559e-03
1.276895870000000059e+03 1.054269000000000039e-03 1.047575430096398625e-03
1.277576049999999896e+03 1.043040999999999977e-03 1.046798395273996519e-03
1.278256229999999960e+03 1.046604000000000024e-03 1.042275420379820423e-03
1.278936279999999897e+03 1.043085000000000019e-03 1.037753309943194790e-03
1.279616459999999961e+03 1.047900999999999954e-03 1.033230335049018693e-03
1.280296509999999898e+03 1.032942999999999925e-03 1.028708224612393278e-03
1.280976560000000063e+03 1.024759000000000086e-03 1.024186114175766127e-03
1.281656739999999900e+03 1.025008999999999903e-03 1.019663139281591548e-03
1.282336669999999913e+03 1.023264000000000075e-03 1.015141826805780745e-03
1.283016720000000078e+03 1.024905999999999907e-03 1.010619716369153811e-03
1.283696779999999990e+03 1.024586000000000073e-03 1.006097539435793844e-03
1.284376710000000003e+03 1.010087999999999915e-03 1.001576226959983041e-03
1.285056640000000016e+03 9.982009999999999928e-04 9.970549144841722375e-04
1.285736570000000029e+03 9.930139999999999627e-04 9.902042916792839784e-04
1.286416500000000042e+03 9.933959999999999058e-04 9.814772082219599871e-04
1.287096309999999903e+03 9.886890000000000608e-04 9.727516649967424571e-04
1.287776249999999891e+03 9.710829999999999722e-04 9.640244531867434062e-04
1.288456050000000005e+03 9.592830000000000107e-04 9.552990383141981168e-04
1.289135860000000093e+03 9.354979999999999936e-04 9.465734950889776594e-04
1.289815669999999955e+03 9.016340000000000075e-04 9.378479518637602378e-04
1.290495359999999891e+03 8.750519999999999696e-04 9.291239488706463500e-04
1.291175169999999980e+03 8.725850000000000490e-04 9.203984056454258926e-04
1.291854859999999917e+03 8.775519999999999762e-04 9.116744026523121132e-04
1.292534550000000081e+03 8.898530000000000198e-04 9.029503996591952981e-04
1.293214230000000043e+03 8.803220000000000055e-04 8.942265250187564699e-04
1.293893919999999980e+03 8.962739999999999639e-04 8.847437045615728305e-04
1.294573489999999993e+03 8.900860000000000022e-04 8.742174896965481182e-04
1.295253169999999955e+03 8.772209999999999687e-04 8.636895709840394049e-04
1.295932739999999967e+03 8.519470000000000341e-04 8.531633561190145841e-04
1.296612300000000005e+03 8.552629999999999868e-04 8.426372961492153155e-04
1.297291870000000017e+03 8.481769999999999804e-04 8.321110812841904947e-04
1.297971309999999903e+03 8.260319999999999815e-04 8.215868800571040319e-04
1.298650879999999916e+03 8.025940000000000071e-04 8.110606651920792111e-04
1.299330320000000029e+03 7.915749999999999826e-04 8.005364639649892788e-04
1.300009769999999889e+03 7.947950000000000501e-04 7.900121078426773722e-04
1.300689210000000003e+03 7.842450000000000376e-04 7.794879066155874399e-04
1.301368649999999889e+03 7.734769999999999536e-04 7.689637053885009770e-04
1.302047970000000078e+03 7.563220000000000273e-04 7.581851012194998829e-04
1.302727290000000039e+03 7.405909999999999707e-04 7.467556200060196034e-04
1.303406739999999900e+03 7.237590000000000343e-04 7.353239515574267870e-04
1.304085939999999937e+03 7.043079999999999523e-04 7.238964893302044174e-04
1.304765259999999898e+03 6.950139999999999834e-04 7.124670081167241379e-04
1.305444580000000087e+03 7.057699999999999868e-04 7.010375269032399553e-04
1.306123779999999897e+03 7.021889999999999816e-04 6.896100646760213804e-04
1.306802979999999934e+03 6.797469999999999684e-04 6.781826024487990108e-04
1.307482299999999896e+03 6.566779999999999493e-04 6.667531212353187313e-04
1.308161380000000008e+03 6.539259999999999864e-04 6.553276779943542716e-04
1.308840580000000045e+03 6.579770000000000193e-04 6.439002157671320104e-04
1.309519780000000083e+03 6.420729999999999493e-04 6.324727535399096408e-04
1.310198849999999993e+03 6.199480000000000485e-04 6.211085450271403800e-04
1.310877930000000106e+03 6.049420000000000231e-04 6.101207643647624766e-04
1.311557009999999991e+03 5.895609999999999479e-04 5.991329837023882596e-04
1.312236079999999902e+03 5.790650000000000268e-04 5.881453648439345649e-04
1.312915040000000090e+03 5.694380000000000188e-04 5.771595258286065086e-04
1.313594119999999975e+03 5.658800000000000505e-04 5.661717451662322915e-04
1.314273069999999962e+03 5.454700000000000477e-04 5.551860679548285523e-04
1.314952029999999922e+03 5.401069999999999569e-04 5.442002289395041822e-04
1.315630979999999909e+03 5.290450000000000144e-04 5.332145517281004429e-04
1.316309809999999970e+03 5.357120000000000371e-04 5.222308161637465506e-04
1.316988769999999931e+03 5.227120000000000464e-04 5.112449771484221805e-04
1.317667599999999993e+03 5.067210000000000160e-04 5.002612415840683967e-04
1.318346440000000030e+03 4.893119999999999935e-04 4.892773442157939820e-04
1.319025270000000091e+03 4.814069999999999938e-04 4.870820064531660278e-04
1.319704099999999926e+03 4.877689999999999847e-04 4.849609811746972000e-04
1.320382810000000063e+03 4.897120000000000032e-04 4.828403308399297302e-04
1.321061519999999973e+03 5.016180000000000075e-04 4.807196805051629652e-04
1.321740360000000010e+03 5.082100000000000419e-04 4.785986239813850088e-04
1.322419069999999920e+03 5.117989999999999562e-04 4.764779736466182437e-04
1.323097659999999905e+03 5.148950000000000228e-04 4.743576982555535414e-04
1.323776370000000043e+03 5.101380000000000411e-04 4.722370479207860716e-04
1.324454960000000028e+03 4.992160000000000260e-04 4.701167725297213150e-04
1.325133669999999938e+03 4.874599999999999983e-04 4.679961221949545500e-04
1.325812259999999924e+03 4.758769999999999840e-04 4.658758468038898476e-04
1.326490720000000010e+03 4.669550000000000176e-04 4.637559776018356319e-04
1.327169309999999996e+03 4.439949999999999800e-04 4.578930353356864863e-04
1.327847899999999981e+03 4.462639999999999814e-04 4.513103893821368453e-04
1.328526370000000043e+03 4.371719999999999946e-04 4.447289074856967516e-04
1.329204829999999902e+03 4.212309999999999926e-04 4.381475225940177610e-04
1.329883299999999963e+03 4.186169999999999800e-04 4.315660406975776130e-04
1.330561770000000024e+03 4.122880000000000208e-04 4.249845588011375193e-04
1.331240109999999959e+03 4.210549999999999861e-04 4.184043379665680217e-04
1.331918580000000020e+03 4.117440000000000206e-04 4.118228560701278737e-04
1.332596919999999955e+03 4.166589999999999964e-04 4.052426352355583761e-04
1.333275270000000091e+03 4.064760000000000161e-04 3.986623173962277212e-04
1.333953610000000026e+03 4.084460000000000261e-04 3.920820965616582778e-04
1.334631840000000011e+03 3.861429999999999789e-04 3.855029427794392843e-04
1.335310179999999946e+03 3.833880000000000230e-04 3.820969094921971665e-04
1.335988399999999956e+03 3.772119999999999792e-04 3.801777683102746568e-04
1.336666629999999941e+03 3.858439999999999873e-04 3.782585988316169122e-04
1.337344849999999951e+03 3.876659999999999980e-04 3.763394576496944025e-04
1.338022950000000037e+03 3.797159999999999945e-04 3.744206560285953081e-04
1.338701170000000047e+03 3.835959999999999912e-04 3.725015148466727984e-04
1.339379269999999906e+03 3.768830000000000032e-04 3.705827132255743546e-04
1.340057369999999992e+03 3.728320000000000245e-04 3.686639116044753144e-04
1.340735470000000078e+03 3.696549999999999836e-04 3.667451099833762200e-04
1.341413569999999936e+03 3.734839999999999905e-04 3.648263083622778303e-04
1.342091550000000097e+03 3.764969999999999970e-04 3.629078463020022054e-04
1.342769649999999956e+03 3.660590000000000133e-04 3.609890446809037616e-04
1.343447629999999890e+03 3.524409999999999956e-04 3.570022220744474084e-04
1.344125610000000052e+03 3.297190000000000190e-04 3.510931201511797712e-04
1.344803589999999986e+03 3.071540000000000208e-04 3.451840182279140856e-04
1.345481449999999995e+03 3.107739999999999895e-04 3.392759621942474484e-04
1.346159419999999955e+03 3.235849999999999859e-04 3.333669474284482281e-04
1.346837279999999964e+03 3.140810000000000173e-04 3.274588913947815367e-04
1.347515139999999974e+03 2.958440000000000223e-04 3.215508353611148994e-04
1.348192990000000009e+03 3.053509999999999840e-04 3.156428664849146733e-04
1.348870850000000019e+03 3.164980000000000180e-04 3.097348104512480361e-04
1.349548579999999902e+03 3.122889999999999911e-04 3.038278874646488099e-04
1.350226319999999987e+03 3.038720000000000071e-04 2.979208773205812210e-04
1.350904170000000022e+03 2.900800000000000145e-04 2.920129084443809407e-04
1.351581789999999955e+03 2.870889999999999749e-04 2.897677443224085233e-04
1.352259520000000066e+03 2.740630000000000084e-04 2.943061354472481820e-04
1.352937259999999924e+03 2.608490000000000092e-04 2.988445935366756327e-04
1.353614870000000110e+03 2.623890000000000250e-04 3.033821810864416758e-04
1.354292480000000069e+03 2.717780000000000261e-04 3.079197686362061467e-04
1.354970090000000027e+03 2.822759999999999788e-04 3.124573561859706719e-04
1.355647709999999961e+03 2.916060000000000266e-04 3.169950107003245070e-04
1.356325319999999920e+03 2.815140000000000155e-04 3.215325982500890321e-04
1.357002809999999954e+03 2.907960000000000124e-04 3.260693822247799417e-04
1.357680299999999988e+03 3.066710000000000052e-04 3.306061661994708512e-04
1.358357790000000023e+03 3.343159999999999752e-04 3.351429501741617608e-04
1.359035280000000057e+03 3.383090000000000164e-04 3.396797341488526161e-04
1.359712770000000091e+03 3.443729999999999773e-04 3.407854405626144093e-04
1.360390139999999974e+03 3.402680000000000158e-04 3.260298897190797474e-04
1.361067630000000008e+03 3.235539999999999857e-04 3.112717248446557686e-04
1.361744999999999891e+03 3.181479999999999768e-04 2.965161740011210524e-04
1.362422360000000026e+03 3.127469999999999925e-04 2.817608409934880512e-04
1.363099609999999984e+03 2.949970000000000218e-04 2.670079041808377188e-04
1.363776980000000094e+03 2.812089999999999837e-04 2.522523533372980154e-04
1.364454220000000078e+03 2.756309999999999772e-04 2.374996343605542768e-04
1.365131470000000036e+03 2.600950000000000093e-04 2.227466975479039173e-04
1.365808719999999994e+03 2.601440000000000219e-04 2.079937607352535579e-04
1.366485959999999977e+03 2.391890000000000032e-04 1.932410417585097922e-04
1.367163209999999935e+03 2.035560000000000006e-04 1.784881049458594327e-04
1.367840329999999994e+03 1.637379999999999966e-04 1.637379999999999966e-04
