9.306945799999999736e+02 1.902594000000000073e-03 1.902594000000000073e-03
9.313851899999999659e+02 1.834256000000000037e-03 1.806721968679614451e-03
9.320757399999999961e+02 1.663058999999999935e-03 1.710858266693984385e-03
9.327663000000000011e+02 1.605354000000000026e-03 1.614993176485897842e-03
9.334568500000000313e+02 1.538983999999999968e-03 1.519129474500267776e-03
9.341473999999999478e+02 1.501801999999999998e-03 1.423265772514653539e-03
9.348378900000000158e+02 1.113957000000000055e-03 1.327410399863779246e-03
9.355283799999999701e+02 1.012064999999999926e-03 1.231555027212920782e-03
9.362188700000000381e+02 8.715679999999999738e-04 1.135699654562046272e-03
9.369093000000000302e+02 9.691539999999999573e-04 1.039852611245943364e-03
9.375997300000000223e+02 9.905739999999999251e-04 9.440055679298404567e-04
9.382901600000000144e+02 8.323370000000000508e-04 8.481585246137375491e-04
9.389805300000000443e+02 7.632129999999999991e-04 7.577117761589343206e-04
9.396708999999999605e+02 9.932100000000000130e-04 7.600467861769569840e-04
9.403612699999999904e+02 1.040588000000000060e-03 7.623817961949799727e-04
9.410515699999999697e+02 9.729969999999999678e-04 7.647165694548857268e-04
9.417418800000000374e+02 1.018606999999999933e-03 7.670513765373798741e-04
9.424321899999999914e+02 1.096640999999999979e-03 7.693861836198736962e-04
9.431224999999999454e+02 1.144314000000000008e-03 7.717209907023675182e-04
9.438127399999999625e+02 1.100599000000000065e-03 7.740555610267445394e-04
9.445029899999999543e+02 9.709610000000000029e-04 7.763901651737096284e-04
9.451931799999999839e+02 9.244750000000000146e-04 7.787245663851458761e-04
9.458833600000000388e+02 1.047074000000000052e-03 7.810589337739941643e-04
9.465735499999999547e+02 9.143429999999999700e-04 7.833933349854300867e-04
9.472637300000000096e+02 7.784130000000000433e-04 7.862002509279019660e-04
9.479538599999999633e+02 7.817909999999999963e-04 7.929967131972913939e-04
9.486439800000000560e+02 7.843350000000000452e-04 7.997930769857832314e-04
9.493341100000000097e+02 7.963140000000000062e-04 8.065895392551726594e-04
9.500241700000000264e+02 8.484270000000000136e-04 8.133853121582709312e-04
9.507142300000000432e+02 9.016609999999999989e-04 8.201810850613693114e-04
9.514043000000000347e+02 9.167179999999999600e-04 8.269769564453661494e-04
9.520943600000000515e+02 9.304260000000000395e-04 8.337727293484644212e-04
9.527843599999999924e+02 8.133539999999999650e-04 8.405679113661692356e-04
9.534743700000000217e+02 9.210569999999999738e-04 8.473631918647735921e-04
9.541643100000000004e+02 8.993469999999999936e-04 8.541577829970858167e-04
9.548542499999999791e+02 9.128429999999999878e-04 8.609523741293981496e-04
9.555441899999999578e+02 8.677370000000000439e-04 8.773914094318978254e-04
9.562341300000000501e+02 9.771199999999999417e-04 9.472513812403440640e-04
9.569240099999999529e+02 1.026713999999999969e-03 1.017105277740326099e-03
9.576138899999999694e+02 1.118115999999999945e-03 1.086959174240319627e-03
9.583037699999999859e+02 1.207039000000000029e-03 1.156813070740313372e-03
9.589935900000000402e+02 1.201159999999999945e-03 1.226660891931865682e-03
9.596834099999999808e+02 1.228233000000000016e-03 1.296508713123406716e-03
9.603731699999999591e+02 1.286599000000000033e-03 1.366350459006506531e-03
9.610629900000000134e+02 1.336425000000000026e-03 1.436198280198059058e-03
9.617527499999999918e+02 1.415833000000000022e-03 1.506040026081159090e-03
9.624424999999999955e+02 1.528030000000000100e-03 1.575880759412853771e-03
9.631322000000000116e+02 1.616332999999999962e-03 1.645716429987512585e-03
9.638219000000000278e+02 1.726054999999999994e-03 1.716631651761397169e-03
9.645116000000000440e+02 1.855375999999999944e-03 1.791974962642714671e-03
9.652012300000000096e+02 1.958253999999999984e-03 1.867310626675017064e-03
9.658908699999999499e+02 2.035140999999999860e-03 1.942647383114318302e-03
9.665805100000000039e+02 2.097510999999999820e-03 2.017984139553631682e-03
9.672701399999999694e+02 2.221025000000000169e-03 2.093319803585934509e-03
9.679597199999999475e+02 2.234302000000000076e-03 2.168650005583231625e-03
9.686492899999999509e+02 2.331190999999999819e-03 2.243979115173530547e-03
9.693388700000000426e+02 2.439175000000000024e-03 2.319309317170840240e-03
9.700283799999999701e+02 2.534615999999999952e-03 2.394631872319122681e-03
9.707178999999999860e+02 2.547593999999999814e-03 2.469955519874415893e-03
9.714073499999999513e+02 2.558078999999999995e-03 2.545271520580694863e-03
9.720968599999999924e+02 2.620705000000000083e-03 2.608674815170604257e-03
9.727863200000000461e+02 2.711995999999999938e-03 2.633300373467213629e-03
9.734757100000000491e+02 2.803261999999999941e-03 2.657923431562096792e-03
9.741651600000000144e+02 2.753302999999999914e-03 2.682548632687028079e-03
9.748545500000000175e+02 2.803285999999999886e-03 2.707171690781911243e-03
9.755438799999999446e+02 2.841988000000000153e-03 2.731792605846742380e-03
9.762332800000000361e+02 2.835190000000000019e-03 2.756416021113303628e-03
9.769226099999999633e+02 2.794221999999999852e-03 2.781036936178134765e-03
9.776119400000000041e+02 2.856696000000000148e-03 2.805657851242969805e-03
9.783012099999999691e+02 2.915000000000000056e-03 2.830276623277753253e-03
9.789904800000000478e+02 2.874770999999999924e-03 2.854895395312540603e-03
9.796797500000000127e+02 2.881158999999999890e-03 2.879514167347323617e-03
9.803690199999999777e+02 2.895686000000000180e-03 2.909068735683293262e-03
9.810582299999999805e+02 2.864055999999999807e-03 2.951950859240989183e-03
9.817474399999999832e+02 2.905471000000000182e-03 2.994832982798685105e-03
9.824365800000000490e+02 2.947457000000000115e-03 3.037710751009467611e-03
9.831257299999999759e+02 3.029796999999999872e-03 3.080589141412657956e-03
9.838148800000000165e+02 3.160927000000000008e-03 3.123467531815855239e-03
9.845040299999999434e+02 3.191713000000000102e-03 3.166345922219046018e-03
9.851931200000000217e+02 3.264288000000000172e-03 3.209220579467745096e-03
9.858822000000000116e+02 3.301600999999999928e-03 3.252094614524021592e-03
9.865712899999999763e+02 3.330954000000000120e-03 3.294969271772713731e-03
9.872603100000000040e+02 3.391972000000000043e-03 3.337839573674492022e-03
9.879493400000000065e+02 3.415659000000000143e-03 3.380710497768685957e-03
9.886383700000000090e+02 3.421052999999999854e-03 3.406448998104002080e-03
9.893273299999999608e+02 3.511737000000000018e-03 3.392447099649945237e-03
9.900163000000000011e+02 3.530287999999999916e-03 3.378444997963501312e-03
9.907052599999999529e+02 3.599861000000000207e-03 3.364443099509444902e-03
9.913941700000000310e+02 3.557587999999999983e-03 3.350442217217314798e-03
9.920830700000000206e+02 3.549099000000000004e-03 3.336441538157572644e-03
9.927719700000000103e+02 3.539406000000000149e-03 3.322440859097830056e-03
9.934608799999999746e+02 3.558972999999999998e-03 3.308439976805702554e-03
9.941497200000000021e+02 3.522814999999999887e-03 3.294440517140274655e-03
9.948385600000000295e+02 3.445909999999999945e-03 3.280441057474846323e-03
9.955273399999999810e+02 3.404887000000000104e-03 3.266442817203734847e-03
9.962161300000000210e+02 3.327898000000000141e-03 3.252444373700235855e-03
9.969049099999999726e+02 3.197516000000000073e-03 3.215695760754094887e-03
9.975936900000000378e+02 3.076098000000000200e-03 3.132381426271921895e-03
9.982824100000000271e+02 3.010048999999999884e-03 3.049074349346697545e-03
9.989711300000000165e+02 2.950832000000000021e-03 2.965767272421473196e-03
9.996597900000000436e+02 2.895945000000000030e-03 2.882467453053184046e-03
1.000348449999999957e+03 2.844611999999999835e-03 2.799167633684908774e-03
1.001037109999999984e+03 2.726618000000000097e-03 2.715867814316619624e-03
1.001725770000000011e+03 2.595305000000000008e-03 2.632567994948330475e-03
1.002414369999999963e+03 2.552085999999999851e-03 2.549275433136990402e-03
1.003102970000000028e+03 2.540605000000000033e-03 2.465982871325636452e-03
1.003791560000000004e+03 2.470687000000000057e-03 2.382691519107116383e-03
1.004480099999999993e+03 2.343053999999999797e-03 2.299406214852711509e-03
1.005168639999999982e+03 2.210937000000000058e-03 2.224949446084045507e-03
1.005857179999999971e+03 2.206863999999999788e-03 2.166807791159881293e-03
1.006545650000000023e+03 2.161271000000000199e-03 2.108672047171669586e-03
1.007234130000000050e+03 2.055776999999999952e-03 2.050535458764037641e-03
1.007922609999999963e+03 1.870680999999999906e-03 1.992398870356415237e-03
1.008611020000000053e+03 1.754027999999999924e-03 1.934268192884736016e-03
1.009299440000000004e+03 1.723188999999999971e-03 1.876136670993646099e-03
1.009987849999999980e+03 1.729782999999999928e-03 1.818005993521976636e-03
1.010676270000000045e+03 1.677633999999999896e-03 1.759874471630876961e-03
1.011364619999999945e+03 1.581783000000000017e-03 1.701748860675749309e-03
1.012052919999999972e+03 1.531947999999999990e-03 1.643627471817724365e-03
1.012741269999999986e+03 1.537228000000000075e-03 1.585501860862587389e-03
1.013429570000000012e+03 1.553558999999999930e-03 1.541149894669707147e-03
1.014117859999999951e+03 1.549562999999999895e-03 1.520245100439344271e-03
1.014806090000000040e+03 1.541321000000000010e-03 1.499342128533366104e-03
1.015494320000000016e+03 1.558848000000000048e-03 1.478439156627391407e-03
1.016182559999999967e+03 1.512020999999999895e-03 1.457535881000686069e-03
1.016870790000000056e+03 1.445585000000000099e-03 1.436632909094707903e-03
1.017558959999999956e+03 1.365749999999999994e-03 1.415731759513124636e-03
1.018247129999999970e+03 1.329969000000000073e-03 1.394830609931538117e-03
1.018935240000000022e+03 1.280317000000000000e-03 1.373931282674339342e-03
1.019623349999999959e+03 1.279771999999999984e-03 1.353031955417144036e-03
1.020311460000000011e+03 1.274444000000000011e-03 1.332132628159945478e-03
1.020999569999999949e+03 1.309124000000000052e-03 1.311233300902750389e-03
1.021687620000000038e+03 1.288571999999999981e-03 1.305781986124589971e-03
1.022375670000000014e+03 1.291622999999999990e-03 1.325038175958201305e-03
1.023063719999999989e+03 1.291244999999999893e-03 1.344294365791812423e-03
1.023751710000000003e+03 1.344378000000000023e-03 1.363548876428578383e-03
1.024439699999999903e+03 1.351449999999999917e-03 1.382803387065341307e-03
1.025127690000000030e+03 1.345223999999999899e-03 1.402057897702110520e-03
1.025815550000000030e+03 1.309061999999999943e-03 1.421308770079042884e-03
1.026503539999999930e+03 1.302224000000000046e-03 1.440563280715805809e-03
1.027191409999999905e+03 1.361287000000000087e-03 1.459814432958878201e-03
1.027879269999999906e+03 1.428720000000000077e-03 1.479065305335810565e-03
1.028567140000000109e+03 1.485680999999999981e-03 1.498316457578889680e-03
1.029255000000000109e+03 1.519179999999999966e-03 1.517567329955821828e-03
1.029942870000000084e+03 1.538202000000000015e-03 1.545060199708768412e-03
1.030630619999999908e+03 1.591483000000000090e-03 1.585155257335754686e-03
1.031318479999999909e+03 1.674417000000000093e-03 1.625256727840015958e-03
1.032006229999999960e+03 1.713841999999999926e-03 1.665351785467015459e-03
1.032693970000000036e+03 1.701711000000000066e-03 1.705446260105173946e-03
1.033381710000000112e+03 1.708349999999999973e-03 1.745540734743332651e-03
1.034069340000000011e+03 1.735021999999999910e-03 1.785628796504215923e-03
1.034757080000000087e+03 1.770087000000000049e-03 1.825723271142374628e-03
1.035444700000000012e+03 1.798979999999999937e-03 1.865810749914417104e-03
1.036132319999999936e+03 1.852282999999999924e-03 1.905898228686459580e-03
1.036820069999999987e+03 1.891279000000000050e-03 1.945993286313459081e-03
1.037507569999999987e+03 1.982899000000000207e-03 1.986073769219398773e-03
1.038195189999999911e+03 2.022384999999999808e-03 2.017241266641577220e-03
1.038882810000000063e+03 2.069575000000000147e-03 2.035120255245371785e-03
1.039570310000000063e+03 2.103885000000000217e-03 2.052996123697577429e-03
1.040257810000000063e+03 2.147346000000000064e-03 2.070871992149783073e-03
1.040945310000000063e+03 2.152031999999999903e-03 2.088747860601989151e-03
1.041632810000000063e+03 2.116985000000000047e-03 2.106623729054194795e-03
1.042320310000000063e+03 2.123889999999999806e-03 2.124499597506400873e-03
1.043007689999999911e+03 2.143111000000000061e-03 2.142372345807018463e-03
1.043695189999999911e+03 2.158904000000000118e-03 2.160248214259224107e-03
1.044382569999999987e+03 2.211745000000000204e-03 2.178120962559847336e-03
1.045069950000000063e+03 2.204845999999999889e-03 2.195993710860470998e-03
1.045757319999999936e+03 2.221106000000000035e-03 2.213866199148456938e-03
1.046444700000000012e+03 2.220419999999999859e-03 2.224540075028820941e-03
1.047131959999999935e+03 2.198138999999999996e-03 2.224591013399889426e-03
1.047819340000000011e+03 2.178504999999999851e-03 2.224641960665123697e-03
1.048506589999999960e+03 2.160390999999999787e-03 2.224692898295011628e-03
1.049193850000000111e+03 2.162803999999999942e-03 2.224743836666079680e-03
1.049881100000000060e+03 2.169233999999999919e-03 2.224794774295967611e-03
1.050568359999999984e+03 2.145036999999999812e-03 2.224845712667036096e-03
1.051255490000000009e+03 2.115026999999999793e-03 2.224896641402757808e-03
1.051942749999999933e+03 2.108632999999999948e-03 2.224947579773826293e-03
1.052629879999999957e+03 2.127313000000000034e-03 2.224998508509548004e-03
1.053317019999999957e+03 2.176594999999999919e-03 2.225049437986450270e-03
1.054004149999999981e+03 2.203598000000000189e-03 2.225100366722171982e-03
1.054691280000000006e+03 2.237743999999999844e-03 2.250947764922944967e-03
1.055378300000000081e+03 2.249300000000000084e-03 2.315163739041304573e-03
1.056065430000000106e+03 2.276979000000000156e-03 2.379389994894038664e-03
1.056752439999999979e+03 2.334136000000000110e-03 2.443605034309254392e-03
1.057439450000000079e+03 2.399323999999999988e-03 2.507820073724490936e-03
1.058126459999999952e+03 2.446951000000000161e-03 2.572035113139706664e-03
1.058813480000000027e+03 2.493008000000000116e-03 2.636251087258066270e-03
1.059500489999999900e+03 2.582707999999999966e-03 2.700466126673281998e-03
1.060187380000000076e+03 2.675778000000000184e-03 2.764669949651021429e-03
1.060874270000000024e+03 2.742144000000000179e-03 2.828873772628739611e-03
1.061561159999999973e+03 2.847426000000000124e-03 2.893077595606458226e-03
1.062248049999999921e+03 2.940138000000000126e-03 2.957281418584176407e-03
1.062934940000000097e+03 3.028495999999999879e-03 3.016073153299208155e-03
1.063621830000000045e+03 3.077822000000000023e-03 3.066601200668076302e-03
1.064308590000000095e+03 3.103021999999999985e-03 3.117119685157658266e-03
1.064995480000000043e+03 3.126863000000000125e-03 3.167647732526526413e-03
1.065682250000000067e+03 3.119375000000000186e-03 3.218166952622206114e-03
1.066369020000000091e+03 3.168882999999999943e-03 3.268686172717885814e-03
1.067055659999999989e+03 3.232340000000000213e-03 3.319195829934262418e-03
1.067742430000000013e+03 3.292390999999999981e-03 3.369715050029942118e-03
1.068429080000000113e+03 3.375556000000000043e-03 3.420225442852433372e-03
1.069115839999999935e+03 3.437828999999999885e-03 3.470743927341998856e-03
1.069802490000000034e+03 3.545745999999999794e-03 3.521254320164490109e-03
1.070489139999999907e+03 3.583311000000000048e-03 3.571764712986964449e-03
1.071175780000000032e+03 3.613312000000000034e-03 3.610713122428021917e-03
1.071862300000000005e+03 3.630163000000000053e-03 3.631222010734568104e-03
1.072548950000000104e+03 3.689758999999999921e-03 3.651734782621319543e-03
1.073235470000000078e+03 3.743268000000000116e-03 3.672243670927865297e-03
1.073922000000000025e+03 3.753841999999999856e-03 3.692752857971349448e-03
1.074608519999999999e+03 3.805990999999999888e-03 3.713261746277895636e-03
1.075295039999999972e+03 3.865847999999999854e-03 3.733770634584441823e-03
1.075981569999999920e+03 3.923732000000000088e-03 3.754279821627925541e-03
1.076667969999999968e+03 3.962801000000000171e-03 3.774785125091211380e-03
1.077354370000000017e+03 3.939976999999999889e-03 3.795290428554496786e-03
1.078040770000000066e+03 3.930198000000000198e-03 3.815795732017782625e-03
1.078727169999999887e+03 3.881056999999999823e-03 3.836301035481061526e-03
1.079413569999999936e+03 3.833599999999999942e-03 3.814205818858492931e-03
1.080099979999999960e+03 3.795695999999999879e-03 3.719766759861377597e-03
1.080786250000000109e+03 3.747827999999999923e-03 3.625346962629457260e-03
1.081472659999999905e+03 3.689759999999999828e-03 3.530907903632372717e-03
1.082158940000000030e+03 3.569931000000000146e-03 3.436486730560083663e-03
1.082845209999999952e+03 3.461510000000000108e-03 3.342066933328194552e-03
1.083531369999999924e+03 3.333998999999999817e-03 3.247662270340394286e-03
1.084217650000000049e+03 3.206048999999999878e-03 3.153241097268105232e-03
1.084903929999999946e+03 3.090354000000000018e-03 3.058819924195847403e-03
1.085590089999999918e+03 2.981404999999999906e-03 2.964415261208047138e-03
1.086276249999999891e+03 2.867204999999999841e-03 2.870010598220246872e-03
1.086962399999999889e+03 2.777003000000000110e-03 2.775607311072815324e-03
1.087648560000000089e+03 2.677060000000000203e-03 2.687231723318467182e-03
1.088334589999999935e+03 2.569559999999999813e-03 2.609982220811773654e-03
1.089020749999999907e+03 2.492433999999999969e-03 2.532718079826681498e-03
1.089706789999999955e+03 2.428754999999999890e-03 2.455467451283166458e-03
1.090392820000000029e+03 2.335834000000000174e-03 2.378217948776446908e-03
1.091078860000000077e+03 2.247809999999999826e-03 2.300967320232931868e-03
1.091764889999999923e+03 2.161079000000000212e-03 2.223717817726237906e-03
1.092450810000000047e+03 2.110571999999999795e-03 2.146480701624299547e-03
1.093136839999999893e+03 2.088158000000000115e-03 2.069231199117605585e-03
1.093822750000000042e+03 2.010788999999999806e-03 1.991995209052463585e-03
1.094508669999999938e+03 1.906148000000000087e-03 1.914758092950550380e-03
1.095194580000000087e+03 1.838610000000000071e-03 1.837522102885407946e-03
1.095880490000000009e+03 1.761938000000000002e-03 1.776261003793128688e-03
1.096566409999999905e+03 1.707680000000000049e-03 1.747669905773678806e-03
1.097252199999999903e+03 1.622476999999999990e-03 1.719084226524260134e-03
1.097937989999999900e+03 1.545376999999999905e-03 1.690498547274841244e-03
1.098623779999999897e+03 1.504066000000000083e-03 1.661912868025422355e-03
1.099309569999999894e+03 1.504420000000000019e-03 1.633327188776003682e-03
1.099995359999999891e+03 1.504244999999999974e-03 1.604741509526584793e-03
1.100681149999999889e+03 1.490641000000000015e-03 1.576155830277165904e-03
1.101366819999999962e+03 1.478666000000000008e-03 1.547575152969314985e-03
1.102052490000000034e+03 1.469561000000000088e-03 1.518994475661463849e-03
1.102738160000000107e+03 1.461461999999999961e-03 1.490413798353612930e-03
1.103423829999999953e+03 1.433760999999999976e-03 1.461833121045771336e-03
1.104109500000000025e+03 1.445448999999999909e-03 1.449678065398933915e-03
1.104795170000000098e+03 1.435297000000000092e-03 1.475709915273446622e-03
1.105480710000000045e+03 1.450965000000000024e-03 1.501736829624329998e-03
1.106166259999999966e+03 1.494230999999999945e-03 1.527764123630875751e-03
1.106851809999999887e+03 1.549316000000000018e-03 1.553791417637421504e-03
1.107537350000000060e+03 1.610854000000000105e-03 1.579818331988313337e-03
1.108222899999999981e+03 1.640767999999999914e-03 1.605845625994859090e-03
1.108908449999999903e+03 1.658500000000000035e-03 1.631872920001404843e-03
1.109593869999999924e+03 1.656635999999999959e-03 1.657895278484329722e-03
1.110279299999999921e+03 1.671781000000000005e-03 1.683918016622917195e-03
1.110964719999999943e+03 1.683929999999999932e-03 1.709940375105842292e-03
1.111650149999999940e+03 1.728083999999999957e-03 1.735963113244429765e-03
1.112335569999999962e+03 1.767916999999999926e-03 1.771201599196538115e-03
1.113020999999999958e+03 1.836041000000000062e-03 1.831506804239454436e-03
1.113706300000000056e+03 1.874739000000000049e-03 1.891800571678750251e-03
1.114391599999999926e+03 1.920279999999999904e-03 1.952094339118026116e-03
1.115076900000000023e+03 2.002814999999999804e-03 2.012388106557321931e-03
1.115762210000000096e+03 2.076751999999999852e-03 2.072682753812279260e-03
1.116447509999999966e+03 2.120938000000000163e-03 2.132976521251555343e-03
1.117132689999999911e+03 2.142260999999999905e-03 2.193259730902872434e-03
1.117817990000000009e+03 2.201199999999999945e-03 2.253553498342168466e-03
1.118503169999999955e+03 2.303396000000000089e-03 2.313836707993485557e-03
1.119188349999999900e+03 2.393065000000000209e-03 2.374119917644802649e-03
1.119873540000000048e+03 2.452981999999999819e-03 2.434404007111800987e-03
1.120558590000000095e+03 2.489325000000000131e-03 2.490584341963836702e-03
1.121243770000000040e+03 2.548073000000000091e-03 2.533264029018837595e-03
1.121928830000000062e+03 2.641928999999999892e-03 2.575936241304518058e-03
1.122613890000000083e+03 2.719383000000000130e-03 2.618608453590198087e-03
1.123298950000000104e+03 2.795265999999999810e-03 2.661280665875878117e-03
1.123984009999999898e+03 2.868521000000000178e-03 2.703952878161543835e-03
1.124669069999999920e+03 2.898428000000000202e-03 2.746625090447223864e-03
1.125354000000000042e+03 2.946469000000000171e-03 2.789289205066141069e-03
1.126039060000000063e+03 2.958025999999999885e-03 2.831961417351821098e-03
1.126723999999999933e+03 3.000328000000000023e-03 2.874626154868165952e-03
1.127408940000000030e+03 3.013163000000000126e-03 2.917290892384525117e-03
1.128093869999999924e+03 3.012692999999999881e-03 2.959955007003427577e-03
1.128778690000000097e+03 2.989560000000000047e-03 2.993842948171333580e-03
1.129463619999999992e+03 2.985479000000000084e-03 2.990767772355376782e-03
1.130148439999999937e+03 3.033219000000000193e-03 2.987693090413742932e-03
1.130833249999999907e+03 3.057513999999999892e-03 2.984618453369774094e-03
1.131518070000000080e+03 3.055859000000000179e-03 2.981543771428138943e-03
1.132202880000000050e+03 3.040114999999999918e-03 2.978469134384170540e-03
1.132887699999999995e+03 3.029579000000000126e-03 2.975394452442536256e-03
1.133572390000000041e+03 3.038611000000000090e-03 2.972320354170555814e-03
1.134257080000000087e+03 3.037699000000000042e-03 2.969246255898575371e-03
1.134941769999999906e+03 3.033543999999999997e-03 2.966172157626595363e-03
1.135626459999999952e+03 2.997716000000000096e-03 2.963098059354614920e-03
1.136311159999999973e+03 2.981320999999999884e-03 2.960023916184968597e-03
1.136995850000000019e+03 2.955094000000000123e-03 2.964920978221778115e-03
1.137680419999999913e+03 2.962064999999999837e-03 3.016174093403178359e-03
1.138364990000000034e+03 2.971734000000000181e-03 3.067427208584595950e-03
1.139049559999999929e+03 3.009546000000000096e-03 3.118680323765996194e-03
1.139734130000000050e+03 3.038513999999999972e-03 3.169933438947413785e-03
1.140418699999999944e+03 3.099482000000000192e-03 3.221186554128814029e-03
1.141103149999999914e+03 3.137313000000000081e-03 3.272430685022533273e-03
1.141787720000000036e+03 3.168138000000000030e-03 3.323683800203950864e-03
1.142472170000000006e+03 3.219711000000000101e-03 3.374927931097670107e-03
1.143156619999999975e+03 3.295702000000000180e-03 3.426172061991389350e-03
1.143841059999999970e+03 3.384773000000000209e-03 3.477415444194470028e-03
1.144525509999999940e+03 3.506565000000000116e-03 3.528659575088189705e-03
1.145209839999999986e+03 3.581753000000000020e-03 3.580473404214349308e-03
1.145894289999999955e+03 3.659592000000000140e-03 3.637682448470335676e-03
1.146578610000000026e+03 3.724149999999999856e-03 3.694880626810992646e-03
1.147262940000000071e+03 3.808407000000000198e-03 3.752079640991288437e-03
1.147947269999999889e+03 3.848059999999999935e-03 3.809278655171565581e-03
1.148631470000000036e+03 3.904789999999999997e-03 3.866466803436531541e-03
1.149315800000000081e+03 3.966909000000000234e-03 3.923665817616827332e-03
1.150000000000000000e+03 4.017406999999999749e-03 3.980853965881775078e-03
1.150684199999999919e+03 4.087811000000000222e-03 4.038042114146721956e-03
1.151368410000000040e+03 4.149004000000000407e-03 4.095231098251327605e-03
1.152052609999999959e+03 4.196753000000000115e-03 4.152419246516274483e-03
1.152736820000000080e+03 4.223262999999999670e-03 4.209608230620880132e-03
1.153420900000000074e+03 4.266703999999999636e-03 4.262999481526659647e-03
1.154104980000000069e+03 4.324368999999999783e-03 4.232149973376455113e-03
1.154789060000000063e+03 4.360417000000000112e-03 4.201300465226250579e-03
1.155473140000000058e+03 4.371322000000000402e-03 4.170450957076046045e-03
1.156157230000000027e+03 4.359093999999999990e-03 4.139600997962386564e-03
1.156841310000000021e+03 4.357741000000000045e-03 4.108751489812182030e-03
1.157525270000000091e+03 4.340258999999999957e-03 4.077907393223455072e-03
1.158209229999999934e+03 4.289277000000000194e-03 4.047063296634738523e-03
1.158893190000000004e+03 4.213551000000000275e-03 4.016219200046012433e-03
1.159577150000000074e+03 4.139974999999999732e-03 3.985375103457285476e-03
1.160261109999999917e+03 4.091819000000000012e-03 3.954531006868568926e-03
1.160945069999999987e+03 4.020018000000000202e-03 3.923686910279842836e-03
1.161628909999999905e+03 3.894377000000000082e-03 3.892848225252603864e-03
1.162312740000000076e+03 3.779939999999999863e-03 3.811275640844909510e-03
1.162996579999999994e+03 3.697797000000000063e-03 3.728903458850180066e-03
1.163680419999999913e+03 3.635993000000000124e-03 3.646531276855451056e-03
1.164364260000000058e+03 3.566754000000000105e-03 3.564159094860694724e-03
1.165047970000000078e+03 3.487505000000000119e-03 3.481802572060588557e-03
1.165731809999999996e+03 3.418167000000000167e-03 3.399430390065859547e-03
1.166415529999999990e+03 3.346776000000000091e-03 3.317072662712322855e-03
1.167099240000000009e+03 3.251178999999999875e-03 3.234716139912216688e-03
1.167782840000000078e+03 3.144271000000000132e-03 3.152372867199873183e-03
1.168466550000000097e+03 3.061599999999999825e-03 3.070016344399767016e-03
1.169150270000000091e+03 2.990893000000000111e-03 2.987658617046230324e-03
1.169833859999999959e+03 2.906193000000000057e-03 2.905316548887344232e-03
1.170517460000000028e+03 2.810475000000000213e-03 2.850349260232359818e-03
1.171201049999999896e+03 2.726929999999999805e-03 2.797715529754859001e-03
1.171884639999999990e+03 2.668583999999999887e-03 2.745081799277341271e-03
1.172568119999999908e+03 2.610601000000000154e-03 2.692456538365442693e-03
1.173251710000000003e+03 2.555322000000000062e-03 2.639822807887924529e-03
1.173935179999999946e+03 2.477006999999999820e-03 2.587198316936533630e-03
1.174618649999999889e+03 2.438487999999999940e-03 2.534573825985142730e-03
1.175302120000000059e+03 2.404532000000000024e-03 2.481949335033734483e-03
1.175985599999999977e+03 2.364802000000000050e-03 2.429324074121835906e-03
1.176668949999999995e+03 2.327249999999999892e-03 2.376708822696554924e-03
1.177352419999999938e+03 2.288231999999999853e-03 2.324084331745164024e-03
1.178035769999999957e+03 2.267233000000000009e-03 2.271469080319882608e-03
1.178719119999999975e+03 2.238293000000000140e-03 2.243303884627029926e-03
1.179402469999999994e+03 2.210251999999999790e-03 2.219320218826487633e-03
1.180085690000000113e+03 2.189879000000000044e-03 2.195341115660834602e-03
1.180769039999999904e+03 2.153758999999999882e-03 2.171357449860300114e-03
1.181452269999999999e+03 2.121548000000000010e-03 2.147377995722732792e-03
1.182135500000000093e+03 2.069345000000000212e-03 2.123398541585165902e-03
1.182818729999999960e+03 2.044282000000000130e-03 2.099419087447606819e-03
1.183501950000000079e+03 2.048069999999999925e-03 2.075439984281953788e-03
1.184185179999999946e+03 2.037945000000000208e-03 2.051460530144394705e-03
1.184868289999999888e+03 2.009430999999999891e-03 2.027485287669811027e-03
1.185551390000000083e+03 1.971379000000000100e-03 2.003510396167133400e-03
1.186234500000000025e+03 1.971482000000000095e-03 1.979535153692549721e-03
1.186917599999999993e+03 1.978899000000000109e-03 1.955654737881377340e-03
1.187600709999999935e+03 1.960314999999999801e-03 1.931800352565745489e-03
1.188283809999999903e+03 1.937967999999999982e-03 1.907946316452808176e-03
1.188966799999999921e+03 1.895528999999999964e-03 1.884096121569516858e-03
1.189649779999999964e+03 1.852768999999999987e-03 1.860246275888919861e-03
1.190332760000000007e+03 1.826132999999999966e-03 1.836396430208323081e-03
1.191015750000000025e+03 1.802296000000000106e-03 1.812546235325031762e-03
1.191698730000000069e+03 1.775759999999999925e-03 1.788696389644434765e-03
1.192381589999999960e+03 1.759057000000000068e-03 1.764850734396186107e-03
1.193064579999999978e+03 1.727914000000000099e-03 1.741000539512894789e-03
1.193747440000000097e+03 1.713778000000000003e-03 1.717154884264638325e-03
1.194430299999999988e+03 1.690784999999999988e-03 1.693309229016389883e-03
1.195113160000000107e+03 1.676694999999999965e-03 1.669616897718297988e-03
1.195795900000000074e+03 1.648958000000000064e-03 1.645992827102870553e-03
1.196478759999999966e+03 1.620202999999999964e-03 1.622364604264822478e-03
1.197161499999999933e+03 1.590671000000000099e-03 1.598740533649395043e-03
1.197844239999999900e+03 1.575241000000000011e-03 1.575116463033967608e-03
1.198526980000000094e+03 1.547612000000000076e-03 1.551492392418532366e-03
1.199209720000000061e+03 1.524678000000000014e-03 1.527868321803104931e-03
1.199892329999999902e+03 1.476300000000000051e-03 1.504248749428857210e-03
1.200575070000000096e+03 1.459418000000000087e-03 1.480624678813421968e-03
1.201257689999999911e+03 1.454936999999999897e-03 1.457004760420623195e-03
1.201940309999999954e+03 1.439184000000000036e-03 1.433384842027816400e-03
1.202622920000000022e+03 1.411308999999999914e-03 1.409765269653560655e-03
1.203305540000000065e+03 1.382126999999999922e-03 1.386858072168163951e-03
1.203988039999999955e+03 1.342555999999999958e-03 1.364384512747195133e-03
1.204670650000000023e+03 1.304540999999999991e-03 1.341907331214079640e-03
1.205353149999999914e+03 1.278667000000000041e-03 1.319433771793110822e-03
1.206035640000000058e+03 1.258503999999999916e-03 1.296960541655055657e-03
1.206718139999999948e+03 1.239506999999999935e-03 1.274486982234086839e-03
1.207400509999999940e+03 1.231029000000000021e-03 1.252017703491099809e-03
1.208083010000000058e+03 1.225088000000000045e-03 1.229544144070123619e-03
1.208765380000000050e+03 1.217130999999999985e-03 1.207074865327136372e-03
1.209447750000000042e+03 1.186734999999999960e-03 1.184605586584149342e-03
1.210130130000000008e+03 1.156544999999999926e-03 1.162135978558241070e-03
1.210812500000000000e+03 1.134023999999999970e-03 1.139666699815254040e-03
1.211494750000000067e+03 1.119619000000000083e-03 1.123320873383271655e-03
1.212177120000000059e+03 1.078280999999999944e-03 1.112228229680470000e-03
1.212859380000000101e+03 1.058827999999999939e-03 1.101137374143629135e-03
1.213541629999999941e+03 1.046047999999999943e-03 1.090046681167333806e-03
1.214223880000000008e+03 1.042270000000000089e-03 1.078955988191034575e-03
1.214906009999999924e+03 1.025953000000000021e-03 1.067867245941241452e-03
1.215588259999999991e+03 1.022448000000000020e-03 1.056776552964942221e-03
1.216270389999999907e+03 1.024450000000000100e-03 1.045687810715149099e-03
1.216952510000000075e+03 1.019312000000000083e-03 1.034599231025893924e-03
1.217634639999999990e+03 1.007082000000000073e-03 1.023510488776101018e-03
1.218316769999999906e+03 9.996250000000000795e-04 1.012421746526307896e-03
1.218998900000000049e+03 9.911360000000001003e-04 1.001333004276511087e-03
1.219680910000000040e+03 9.916250000000001018e-04 9.903850178025897909e-04
1.220363039999999955e+03 9.440699999999999786e-04 9.796065345622640818e-04
1.221045039999999972e+03 9.181050000000000062e-04 9.688301054799730149e-04
1.221727049999999963e+03 8.904549999999999575e-04 9.580535183855257457e-04
1.222408940000000030e+03 8.807300000000000328e-04 9.472788274369568079e-04
1.223090940000000046e+03 8.670420000000000514e-04 9.365023983546657410e-04
1.223772830000000113e+03 8.575160000000000074e-04 9.257277074060968032e-04
1.224454709999999977e+03 8.481079999999999782e-04 9.149531744696876457e-04
1.225136600000000044e+03 8.557999999999999852e-04 9.041784835211188164e-04
1.225818479999999909e+03 8.539599999999999622e-04 8.934039505847096588e-04
1.226500369999999975e+03 8.571769999999999824e-04 8.826292596361407210e-04
1.227182129999999916e+03 8.647620000000000393e-04 8.718566228456100034e-04
1.227864010000000007e+03 8.640950000000000540e-04 8.637795584585493272e-04
1.228545779999999922e+03 8.600489999999999914e-04 8.606617878919703944e-04
1.229227540000000090e+03 8.435530000000000328e-04 8.575440630559235614e-04
1.229909180000000106e+03 8.267730000000000478e-04 8.544268869862766715e-04
1.230590940000000046e+03 8.103970000000000271e-04 8.513091621502309227e-04
1.231272580000000062e+03 7.715429999999999684e-04 8.481919860805840327e-04
1.231954349999999977e+03 7.785599999999999726e-04 8.450742155140050999e-04
1.232635989999999993e+03 7.963070000000000044e-04 8.419570394443581015e-04
1.233317630000000008e+03 8.124020000000000460e-04 8.388398633747112115e-04
1.233999150000000100e+03 8.028420000000000088e-04 8.357232360714631804e-04
1.234680789999999888e+03 8.053300000000000432e-04 8.326060600018173746e-04
1.235362300000000005e+03 8.172729999999999795e-04 8.294894784291024191e-04
1.236043820000000096e+03 8.272229999999999774e-04 8.277521555510886780e-04
1.236725339999999960e+03 8.104730000000000311e-04 8.301001999808714461e-04
1.237406860000000052e+03 8.077219999999999756e-04 8.324482444106549731e-04
1.238088379999999916e+03 8.122329999999999871e-04 8.347962888404377411e-04
1.238769780000000083e+03 8.223609999999999687e-04 8.371439198335922606e-04
1.239451170000000047e+03 8.314830000000000484e-04 8.394915163736936308e-04
1.240132569999999987e+03 8.463509999999999610e-04 8.418391473668473913e-04
1.240813959999999952e+03 8.324520000000000183e-04 8.441867439069487616e-04
1.241495359999999891e+03 8.403770000000000077e-04 8.465343749001025221e-04
1.242176760000000058e+03 8.247830000000000482e-04 8.488820058932570415e-04
1.242858030000000099e+03 8.394229999999999487e-04 8.512291889967295126e-04
1.243539309999999887e+03 8.441069999999999737e-04 8.535764065532533982e-04
1.244220579999999927e+03 8.573009999999999832e-04 8.581133739247643905e-04
1.244901859999999942e+03 8.641019999999999474e-04 8.752687907480582964e-04
1.245583129999999983e+03 8.816940000000000324e-04 8.924239557598094476e-04
1.246264280000000099e+03 8.918039999999999475e-04 9.095760990330427733e-04
1.246945429999999988e+03 9.068589999999999854e-04 9.267282423062702442e-04
1.247626590000000078e+03 9.218909999999999865e-04 9.438806373910462160e-04
1.248307739999999967e+03 9.457489999999999604e-04 9.610327806642736869e-04
1.248988890000000083e+03 9.839370000000000494e-04 9.781849239375070126e-04
1.249670039999999972e+03 9.883330000000000934e-04 9.953370672107343751e-04
1.250351069999999936e+03 9.992910000000000247e-04 1.012486188745444129e-03
1.251032099999999900e+03 1.021137999999999994e-03 1.029635310280153666e-03
1.251713130000000092e+03 1.038356000000000045e-03 1.046784431814868840e-03
1.252394170000000031e+03 1.064236000000000088e-03 1.063745376310534004e-03
1.253075199999999995e+03 1.085528000000000100e-03 1.076015613678499988e-03
1.253756100000000060e+03 1.111673000000000088e-03 1.088283508813588487e-03
1.254437130000000025e+03 1.142187999999999927e-03 1.100553746181554254e-03
1.255118040000000065e+03 1.146583999999999971e-03 1.112821821488402209e-03
1.255798950000000104e+03 1.146321999999999966e-03 1.125089896795249947e-03
1.256479739999999993e+03 1.150472000000000040e-03 1.137355810040975752e-03
1.257160640000000058e+03 1.166050000000000073e-03 1.149623705176064034e-03
1.257841429999999946e+03 1.181090000000000091e-03 1.161889618421789840e-03
1.258522220000000061e+03 1.184142999999999914e-03 1.174155531667519766e-03
1.259202999999999975e+03 1.189523000000000056e-03 1.186421264741485898e-03
1.259883790000000090e+03 1.193943999999999952e-03 1.198687177987215607e-03
1.260564579999999978e+03 1.209844999999999974e-03 1.210953091232941413e-03
1.261245239999999967e+03 1.243270000000000096e-03 1.226254701546707852e-03
1.261926030000000083e+03 1.272513000000000073e-03 1.241807024771118036e-03
1.262606690000000071e+03 1.287383999999999924e-03 1.257356378207456511e-03
1.263287350000000060e+03 1.322140999999999985e-03 1.272905731643794985e-03
1.263968020000000024e+03 1.334087999999999984e-03 1.288455313525369060e-03
1.264648560000000089e+03 1.340009999999999986e-03 1.304001925618876847e-03
1.265329220000000078e+03 1.333124999999999892e-03 1.319551279055215538e-03
1.266009769999999889e+03 1.347778999999999904e-03 1.335098119593953504e-03
1.266690309999999954e+03 1.346327999999999935e-03 1.350644731687461290e-03
1.267370850000000019e+03 1.358547000000000097e-03 1.366191343780969293e-03
1.268051269999999931e+03 1.370047000000000105e-03 1.381735214531640971e-03
1.268731809999999996e+03 1.396111000000000010e-03 1.397281826625148757e-03
1.269412229999999909e+03 1.410912999999999968e-03 1.405294539919937176e-03
1.270092650000000049e+03 1.417096999999999975e-03 1.411492458775890409e-03
1.270773069999999962e+03 1.420950000000000034e-03 1.417690377631841475e-03
1.271453490000000102e+03 1.420767999999999988e-03 1.423888296487794492e-03
1.272133910000000014e+03 1.425180999999999974e-03 1.430086215343745557e-03
1.272814210000000003e+03 1.430777999999999954e-03 1.436283041124445650e-03
1.273494509999999991e+03 1.440485999999999937e-03 1.442479866905145743e-03
1.274174800000000005e+03 1.456341000000000102e-03 1.448676601596241877e-03
1.274855099999999993e+03 1.478757999999999939e-03 1.454873427376941969e-03
1.275535399999999981e+03 1.468459999999999991e-03 1.461070253157642062e-03
1.276215580000000045e+03 1.461588999999999900e-03 1.467265985863091182e-03
1.276895870000000059e+03 1.468682999999999924e-03 1.473462720554187099e-03
1.277576049999999896e+03 1.489312999999999922e-03 1.472431250004381086e-03
1.278256229999999960e+03 1.492926000000000105e-03 1.468034487592107537e-03
1.278936279999999897e+03 1.501610000000000011e-03 1.463638565514913071e-03
1.279616459999999961e+03 1.495428999999999942e-03 1.459241803102639522e-03
1.280296509999999898e+03 1.510473000000000024e-03 1.454845881025445273e-03
1.280976560000000063e+03 1.500996000000000101e-03 1.450449958948249289e-03
1.281656739999999900e+03 1.484808999999999912e-03 1.446053196535977258e-03
1.282336669999999913e+03 1.464246999999999901e-03 1.441658050152700961e-03
1.283016720000000078e+03 1.468509000000000004e-03 1.437262128075505194e-03
1.283696779999999990e+03 1.471471000000000020e-03 1.432866141357151115e-03
1.284376710000000003e+03 1.460630999999999995e-03 1.428470994973874602e-03
1.285056640000000016e+03 1.431750999999999987e-03 1.424075848590598305e-03
1.285736570000000029e+03 1.413421999999999899e-03 1.414349506087857894e-03
1.286416500000000042e+03 1.393237000000000078e-03 1.400328424655867708e-03
1.287096309999999903e+03 1.358377000000000022e-03 1.386309817787103075e-03
1.287776249999999891e+03 1.341965999999999992e-03 1.372288530141511356e-03
1.288456050000000005e+03 1.331120999999999997e-03 1.358270129486343269e-03
1.289135860000000093e+03 1.330814999999999949e-03 1.344251522617574083e-03
1.289815669999999955e+03 1.315664999999999933e-03 1.330232915748809234e-03
1.290495359999999891e+03 1.301557000000000061e-03 1.316216783443265601e-03
1.291175169999999980e+03 1.294171999999999901e-03 1.302198176574496198e-03
1.291854859999999917e+03 1.265789999999999927e-03 1.288182044268952348e-03
1.292534550000000081e+03 1.255699000000000095e-03 1.274165911963403945e-03
1.293214230000000043e+03 1.256514999999999932e-03 1.260149985871461412e-03
1.293893919999999980e+03 1.247145000000000068e-03 1.241737647461934897e-03
1.294573489999999993e+03 1.228927000000000101e-03 1.217273958736915648e-03
1.295253169999999955e+03 1.191755000000000071e-03 1.192806310146454340e-03
1.295932739999999967e+03 1.181601000000000005e-03 1.168342621421434874e-03
1.296612300000000005e+03 1.161570000000000007e-03 1.143879292684182435e-03
1.297291870000000017e+03 1.122079999999999909e-03 1.119415603959162970e-03
1.297971309999999903e+03 1.075166000000000012e-03 1.094956595075127640e-03
1.298650879999999916e+03 1.054157000000000011e-03 1.070492906350108174e-03
1.299330320000000029e+03 1.059695000000000038e-03 1.046033897466064604e-03
1.300009769999999889e+03 1.048111000000000008e-03 1.021574528594262248e-03
1.300689210000000003e+03 1.008343999999999994e-03 9.971155197102186778e-04
1.301368649999999889e+03 9.766180000000000607e-04 9.726565108261831308e-04
1.302047970000000078e+03 9.515669999999999511e-04 9.510942462331634008e-04
1.302727290000000039e+03 9.646529999999999948e-04 9.368784278022543799e-04
1.303406739999999900e+03 9.644099999999999635e-04 9.226598889209028593e-04
1.304085939999999937e+03 9.619770000000000361e-04 9.084465816750179759e-04
1.304765259999999898e+03 9.283409999999999536e-04 8.942307632441088465e-04
1.305444580000000087e+03 9.047979999999999521e-04 8.800149448131950550e-04
1.306123779999999897e+03 8.842809999999999993e-04 8.658016375673149422e-04
1.306802979999999934e+03 8.861299999999999472e-04 8.515883303214300589e-04
1.307482299999999896e+03 8.743310000000000014e-04 8.373725118905209295e-04
1.308161380000000008e+03 8.652570000000000270e-04 8.231617158296602923e-04
1.308840580000000045e+03 8.277010000000000227e-04 8.089484085837754090e-04
1.309519780000000083e+03 8.063270000000000203e-04 7.947351013378905257e-04
1.310198849999999993e+03 7.808080000000000229e-04 7.812627146898006286e-04
1.310877930000000106e+03 7.893480000000000461e-04 7.723425884613859286e-04
1.311557009999999991e+03 7.802420000000000015e-04 7.634224622329742645e-04
1.312236079999999902e+03 7.705470000000000071e-04 7.545024673606061556e-04
1.312915040000000090e+03 7.499429999999999855e-04 7.455839174047172637e-04
1.313594119999999975e+03 7.302530000000000436e-04 7.366637911763055995e-04
1.314273069999999962e+03 7.263000000000000358e-04 7.277453725764631903e-04
1.314952029999999922e+03 7.203599999999999674e-04 7.188268226205772257e-04
1.315630979999999909e+03 7.158099999999999923e-04 7.099084040207347080e-04
1.316309809999999970e+03 7.141590000000000178e-04 7.009915616934179984e-04
1.316988769999999931e+03 6.936579999999999916e-04 6.920730117375320338e-04
1.317667599999999993e+03 6.856030000000000154e-04 6.831561694102153241e-04
1.318346440000000030e+03 6.741810000000000424e-04 6.742391957268549507e-04
1.319025270000000091e+03 6.795899999999999901e-04 6.655604121148862070e-04
1.319704099999999926e+03 6.740529999999999786e-04 6.568836414676166875e-04
1.320382810000000063e+03 6.793549999999999763e-04 6.482084046542601306e-04
1.321061519999999973e+03 6.769789999999999705e-04 6.395331678409063927e-04
1.321740360000000010e+03 6.764920000000000004e-04 6.308562693741412170e-04
1.322419069999999920e+03 6.593389999999999971e-04 6.221810325607874791e-04
1.323097659999999905e+03 6.537319999999999676e-04 6.135073295813495229e-04
1.323776370000000043e+03 6.306289999999999552e-04 6.048320927679928577e-04
1.324454960000000028e+03 6.109839999999999629e-04 5.961583897885549014e-04
1.325133669999999938e+03 5.808369999999999549e-04 5.874831529752011635e-04
1.325812259999999924e+03 5.818079999999999563e-04 5.788094499957632073e-04
1.326490720000000010e+03 5.698139999999999759e-04 5.701374086697336531e-04
1.327169309999999996e+03 5.688899999999999556e-04 5.649509254805235329e-04
1.327847899999999981e+03 5.706700000000000097e-04 5.604350242654962660e-04
1.328526370000000043e+03 5.874639999999999983e-04 5.559199216300907001e-04
1.329204829999999902e+03 5.783210000000000217e-04 5.514048855429883522e-04
1.329883299999999963e+03 5.767139999999999810e-04 5.468897829075827863e-04
1.330561770000000024e+03 5.617519999999999979e-04 5.423746802721772205e-04
1.331240109999999959e+03 5.630989999999999563e-04 5.378604427646964652e-04
1.331918580000000020e+03 5.478240000000000323e-04 5.333453401292908994e-04
1.332596919999999955e+03 5.349589999999999988e-04 5.288311026218102525e-04
1.333275270000000091e+03 5.246479999999999547e-04 5.243167985660262794e-04
1.333953610000000026e+03 5.244810000000000357e-04 5.198025610585456325e-04
1.334631840000000011e+03 5.168250000000000535e-04 5.152890555823848783e-04
1.335310179999999946e+03 5.072520000000000284e-04 5.112840828795804562e-04
1.335988399999999956e+03 4.989169999999999803e-04 5.075182781006763733e-04
1.336666629999999941e+03 5.036290000000000124e-04 5.037524177969459086e-04
1.337344849999999951e+03 4.980530000000000374e-04 4.999866130180418257e-04
1.338022950000000037e+03 4.753219999999999733e-04 4.962214745370546482e-04
1.338701170000000047e+03 4.561850000000000106e-04 4.924556697581504569e-04
1.339379269999999906e+03 4.509539999999999924e-04 4.886905312771644720e-04
1.340057369999999992e+03 4.524390000000000096e-04 4.849253927961772945e-04
1.340735470000000078e+03 4.565559999999999974e-04 4.811602543151900628e-04
1.341413569999999936e+03 4.522069999999999887e-04 4.773951158342040779e-04
1.342091550000000097e+03 4.548679999999999824e-04 4.736306436511337516e-04
1.342769649999999956e+03 4.608060000000000194e-04 4.698655051701477667e-04
1.343447629999999890e+03 4.772649999999999918e-04 4.625114131100209946e-04
1.344125610000000052e+03 4.858969999999999999e-04 4.518212237444113816e-04
1.344803589999999986e+03 4.728919999999999847e-04 4.411310343788052923e-04
1.345481449999999995e+03 4.594479999999999962e-04 4.304427371379272054e-04
1.346159419999999955e+03 4.476339999999999768e-04 4.197527054493814893e-04
1.346837279999999964e+03 4.546880000000000214e-04 4.090644082085034025e-04
1.347515139999999974e+03 4.370059999999999830e-04 3.983761109676252615e-04
1.348192990000000009e+03 4.202149999999999874e-04 3.876879714038075479e-04
1.348870850000000019e+03 3.940649999999999752e-04 3.769996741629294068e-04
1.349548579999999902e+03 3.934890000000000132e-04 3.663134267238432194e-04
1.350226319999999987e+03 3.785780000000000200e-04 3.556270216076930809e-04
1.350904170000000022e+03 3.543700000000000105e-04 3.449388820438753674e-04
1.351581789999999955e+03 3.350949999999999892e-04 3.386821318059233610e-04
1.352259520000000066e+03 3.515969999999999881e-04 3.406295630974410247e-04
1.352937259999999924e+03 3.484879999999999879e-04 3.425770231235764009e-04
1.353614870000000110e+03 3.465780000000000011e-04 3.445241095996737072e-04
1.354292480000000069e+03 3.329550000000000131e-04 3.464711960757704172e-04
1.354970090000000027e+03 3.368620000000000013e-04 3.484182825518670730e-04
1.355647709999999961e+03 3.578200000000000131e-04 3.503653977625820919e-04
1.356325319999999920e+03 3.725520000000000068e-04 3.523124842386787478e-04
1.357002809999999954e+03 3.708709999999999936e-04 3.542592258993551005e-04
1.357680299999999988e+03 3.759149999999999948e-04 3.562059675600313989e-04
1.358357790000000023e+03 3.749639999999999831e-04 3.581527092207077516e-04
1.359035280000000057e+03 3.620939999999999792e-04 3.600994508813841043e-04
1.359712770000000091e+03 3.619119999999999867e-04 3.607383114561142504e-04
1.360390139999999974e+03 3.614140000000000061e-04 3.553310334328181087e-04
1.361067630000000008e+03 3.706599999999999782e-04 3.499227974790502594e-04
1.361744999999999891e+03 3.748479999999999998e-04 3.445155194557540635e-04
1.362422360000000026e+03 3.677169999999999896e-04 3.391083212599950805e-04
1.363099609999999984e+03 3.453600000000000138e-04 3.337020011671688034e-04
1.363776980000000094e+03 3.201920000000000135e-04 3.282947231438708186e-04
1.364454220000000078e+03 3.245979999999999981e-04 3.228884828785835433e-04
1.365131470000000036e+03 3.364560000000000055e-04 3.174821627857572662e-04
1.365808719999999994e+03 3.416390000000000269e-04 3.120758426929309891e-04
1.366485959999999977e+03 3.291179999999999887e-04 3.066696024276437138e-04
1.367163209999999935e+03 2.967240000000000003e-04 3.012632823348174367e-04
1.367840329999999994e+03 2.958580000000000259e-04 2.958580000000000259e-04
