9.306945799999999736e+02 0.000000000000000000e+00 2.518710000000000004e+00
9.313851899999999659e+02 0.000000000000000000e+00 2.861950000000000216e+00
9.320757399999999961e+02 0.000000000000000000e+00 3.095720000000000027e+00
9.327663000000000011e+02 0.000000000000000000e+00 2.994380000000000042e+00
9.334568500000000313e+02 0.000000000000000000e+00 2.703840000000000021e+00
9.341473999999999478e+02 0.000000000000000000e+00 2.484929999999999861e+00
9.348378900000000158e+02 0.000000000000000000e+00 2.495730000000000004e+00
9.355283799999999701e+02 0.000000000000000000e+00 2.514639999999999986e+00
9.362188700000000381e+02 0.000000000000000000e+00 2.470060000000000144e+00
9.369093000000000302e+02 0.000000000000000000e+00 2.464659999999999851e+00
9.375997300000000223e+02 0.000000000000000000e+00 2.217360000000000220e+00
9.382901600000000144e+02 0.000000000000000000e+00 1.866009999999999946e+00
9.389805300000000443e+02 0.000000000000000000e+00 1.393040000000000056e+00
9.396708999999999605e+02 0.000000000000000000e+00 1.236280000000000046e+00
9.403612699999999904e+02 0.000000000000000000e+00 1.452499999999999902e+00
9.410515699999999697e+02 0.000000000000000000e+00 1.983589999999999964e+00
9.417418800000000374e+02 0.000000000000000000e+00 2.580880000000000063e+00
9.424321899999999914e+02 0.000000000000000000e+00 3.155190000000000161e+00
9.431224999999999454e+02 0.000000000000000000e+00 3.182220000000000049e+00
9.438127399999999625e+02 0.000000000000000000e+00 3.053840000000000110e+00
9.445029899999999543e+02 0.000000000000000000e+00 2.987620000000000164e+00
9.451931799999999839e+02 0.000000000000000000e+00 2.759240000000000137e+00
9.458833600000000388e+02 0.000000000000000000e+00 2.372749999999999915e+00
9.465735499999999547e+02 0.000000000000000000e+00 2.107899999999999885e+00
9.472637300000000096e+02 0.000000000000000000e+00 2.394400000000000084e+00
9.479538599999999633e+02 0.000000000000000000e+00 2.748450000000000060e+00
9.486439800000000560e+02 0.000000000000000000e+00 3.188979999999999926e+00
9.493341100000000097e+02 0.000000000000000000e+00 3.422759999999999803e+00
9.500241700000000264e+02 0.000000000000000000e+00 3.638980000000000103e+00
9.507142300000000432e+02 0.000000000000000000e+00 3.755180000000000184e+00
9.514043000000000347e+02 0.000000000000000000e+00 3.967350000000000154e+00
9.520943600000000515e+02 0.000000000000000000e+00 4.345729999999999649e+00
9.527843599999999924e+02 0.000000000000000000e+00 4.697070000000000078e+00
9.534743700000000217e+02 0.000000000000000000e+00 4.918709999999999916e+00
9.541643100000000004e+02 0.000000000000000000e+00 5.388969999999999594e+00
9.548542499999999791e+02 0.000000000000000000e+00 5.622770000000000046e+00
9.555441899999999578e+02 0.000000000000000000e+00 6.148450000000000415e+00
9.562341300000000501e+02 0.000000000000000000e+00 6.828170000000000073e+00
9.569240099999999529e+02 0.000000000000000000e+00 7.466000000000000192e+00
9.576138899999999694e+02 0.000000000000000000e+00 8.164640000000000342e+00
9.583037699999999859e+02 0.000000000000000000e+00 8.957890000000000796e+00
9.589935900000000402e+02 0.000000000000000000e+00 9.426819999999999311e+00
9.596834099999999808e+02 0.000000000000000000e+00 1.005113000000000056e+01
9.603731699999999591e+02 0.000000000000000000e+00 1.065520000000000067e+01
9.610629900000000134e+02 0.000000000000000000e+00 1.139978999999999942e+01
9.617527499999999918e+02 0.000000000000000000e+00 1.255790999999999968e+01
9.624424999999999955e+02 0.000000000000000000e+00 1.373357999999999990e+01
9.631322000000000116e+02 0.000000000000000000e+00 1.465654999999999930e+01
9.638219000000000278e+02 0.000000000000000000e+00 1.557816000000000045e+01
9.645116000000000440e+02 0.000000000000000000e+00 1.633086000000000126e+01
9.652012300000000096e+02 0.000000000000000000e+00 1.741329999999999956e+01
9.658908699999999499e+02 0.000000000000000000e+00 1.888085999999999842e+01
9.665805100000000039e+02 0.000000000000000000e+00 2.020517999999999859e+01
9.672701399999999694e+02 0.000000000000000000e+00 2.123357000000000028e+01
9.679597199999999475e+02 0.000000000000000000e+00 2.209978999999999871e+01
9.686492899999999509e+02 0.000000000000000000e+00 2.308899999999999864e+01
9.693388700000000426e+02 0.000000000000000000e+00 2.395250000000000057e+01
9.700283799999999701e+02 0.000000000000000000e+00 2.484301999999999921e+01
9.707178999999999860e+02 0.000000000000000000e+00 2.580384000000000100e+01
9.714073499999999513e+02 0.000000000000000000e+00 2.661467000000000027e+01
9.720968599999999924e+02 0.000000000000000000e+00 2.745655000000000001e+01
9.727863200000000461e+02 0.000000000000000000e+00 2.817276999999999987e+01
9.734757100000000491e+02 0.000000000000000000e+00 2.899033000000000015e+01
9.741651600000000144e+02 0.000000000000000000e+00 2.958627999999999858e+01
9.748545500000000175e+02 0.000000000000000000e+00 3.041872000000000043e+01
9.755438799999999446e+02 0.000000000000000000e+00 3.123627000000000109e+01
9.762332800000000361e+02 0.000000000000000000e+00 3.218762999999999863e+01
9.769226099999999633e+02 0.000000000000000000e+00 3.355248000000000275e+01
9.776119400000000041e+02 0.000000000000000000e+00 3.599842999999999904e+01
9.783012099999999691e+02 0.000000000000000000e+00 3.810788999999999760e+01
9.789904800000000478e+02 0.000000000000000000e+00 4.054979000000000156e+01
9.796797500000000127e+02 0.000000000000000000e+00 4.267546999999999713e+01
9.803690199999999777e+02 0.000000000000000000e+00 4.561737000000000108e+01
9.810582299999999805e+02 0.000000000000000000e+00 4.865250000000000341e+01
9.817474399999999832e+02 0.000000000000000000e+00 5.184441000000000344e+01
9.824365800000000490e+02 0.000000000000000000e+00 5.479574000000000211e+01
9.831257299999999759e+02 0.000000000000000000e+00 5.733357999999999777e+01
9.838148800000000165e+02 0.000000000000000000e+00 6.025386000000000308e+01
9.845040299999999434e+02 0.000000000000000000e+00 6.305116000000000298e+01
9.851931200000000217e+02 0.000000000000000000e+00 6.591872999999999649e+01
9.858822000000000116e+02 0.000000000000000000e+00 6.819710000000000605e+01
9.865712899999999763e+02 0.000000000000000000e+00 7.096197999999999695e+01
9.872603100000000040e+02 0.000000000000000000e+00 7.237547000000000708e+01
9.879493400000000065e+02 0.000000000000000000e+00 7.321059999999999945e+01
9.886383700000000090e+02 0.000000000000000000e+00 7.387005999999999517e+01
9.893273299999999608e+02 0.000000000000000000e+00 7.431735999999999365e+01
9.900163000000000011e+02 0.000000000000000000e+00 7.425925999999999760e+01
9.907052599999999529e+02 0.000000000000000000e+00 7.316737000000000535e+01
9.913941700000000310e+02 0.000000000000000000e+00 7.194168999999999414e+01
9.920830700000000206e+02 0.000000000000000000e+00 7.044978000000000407e+01
9.927719700000000103e+02 0.000000000000000000e+00 6.870113000000000625e+01
9.934608799999999746e+02 0.000000000000000000e+00 6.668626000000000431e+01
9.941497200000000021e+02 0.000000000000000000e+00 6.418220999999999776e+01
9.948385600000000295e+02 0.000000000000000000e+00 6.147411000000000314e+01
9.955273399999999810e+02 0.000000000000000000e+00 5.846600000000000108e+01
9.962161300000000210e+02 0.000000000000000000e+00 5.564301999999999992e+01
9.969049099999999726e+02 0.000000000000000000e+00 5.172005000000000052e+01
9.975936900000000378e+02 0.000000000000000000e+00 4.837546999999999997e+01
9.982824100000000271e+02 0.000000000000000000e+00 4.564979999999999905e+01
9.989711300000000165e+02 0.000000000000000000e+00 4.302680999999999756e+01
9.996597900000000436e+02 0.000000000000000000e+00 4.068627999999999645e+01
1.000348449999999957e+03 0.000000000000000000e+00 3.837008000000000152e+01
1.001037109999999984e+03 0.000000000000000000e+00 3.582007999999999726e+01
1.001725770000000011e+03 0.000000000000000000e+00 3.346871000000000151e+01
1.002414369999999963e+03 0.000000000000000000e+00 3.169979000000000013e+01
1.003102970000000028e+03 0.000000000000000000e+00 3.042952000000000012e+01
1.003791560000000004e+03 0.000000000000000000e+00 2.899574000000000140e+01
1.004480099999999993e+03 0.000000000000000000e+00 2.751871999999999829e+01
1.005168639999999982e+03 0.000000000000000000e+00 2.623900000000000077e+01
1.005857179999999971e+03 0.000000000000000000e+00 2.509843000000000046e+01
1.006545650000000023e+03 0.000000000000000000e+00 2.402411999999999992e+01
1.007234130000000050e+03 0.000000000000000000e+00 2.281194999999999951e+01
1.007922609999999963e+03 0.000000000000000000e+00 2.146600000000000108e+01
1.008611020000000053e+03 0.000000000000000000e+00 2.011599999999999966e+01
1.009299440000000004e+03 0.000000000000000000e+00 1.932817000000000007e+01
1.009987849999999980e+03 0.000000000000000000e+00 1.892409999999999926e+01
1.010676270000000045e+03 0.000000000000000000e+00 1.848628000000000071e+01
1.011364619999999945e+03 0.000000000000000000e+00 1.767952000000000012e+01
1.012052919999999972e+03 0.000000000000000000e+00 1.702140999999999948e+01
1.012741269999999986e+03 0.000000000000000000e+00 1.639572000000000074e+01
1.013429570000000012e+03 0.000000000000000000e+00 1.611465000000000103e+01
1.014117859999999951e+03 0.000000000000000000e+00 1.604303000000000168e+01
1.014806090000000040e+03 0.000000000000000000e+00 1.576464999999999961e+01
1.015494320000000016e+03 0.000000000000000000e+00 1.542276999999999987e+01
1.016182559999999967e+03 0.000000000000000000e+00 1.500520000000000032e+01
1.016870790000000056e+03 0.000000000000000000e+00 1.494844999999999935e+01
1.017558959999999956e+03 0.000000000000000000e+00 1.476872999999999969e+01
1.018247129999999970e+03 0.000000000000000000e+00 1.427008000000000010e+01
1.018935240000000022e+03 0.000000000000000000e+00 1.367819000000000074e+01
1.019623349999999959e+03 0.000000000000000000e+00 1.371466999999999992e+01
1.020311460000000011e+03 0.000000000000000000e+00 1.395250000000000057e+01
1.020999569999999949e+03 0.000000000000000000e+00 1.398357999999999990e+01
1.021687620000000038e+03 0.000000000000000000e+00 1.402412999999999954e+01
1.022375670000000014e+03 0.000000000000000000e+00 1.373493000000000031e+01
1.023063719999999989e+03 0.000000000000000000e+00 1.372410999999999959e+01
1.023751710000000003e+03 0.000000000000000000e+00 1.384304000000000023e+01
1.024439699999999903e+03 0.000000000000000000e+00 1.415654999999999930e+01
1.025127690000000030e+03 0.000000000000000000e+00 1.429167999999999950e+01
1.025815550000000030e+03 0.000000000000000000e+00 1.433896000000000015e+01
1.026503539999999930e+03 0.000000000000000000e+00 1.458896000000000015e+01
1.027191409999999905e+03 0.000000000000000000e+00 1.485654000000000075e+01
1.027879269999999906e+03 0.000000000000000000e+00 1.534032000000000018e+01
1.028567140000000109e+03 0.000000000000000000e+00 1.571599999999999930e+01
1.029255000000000109e+03 0.000000000000000000e+00 1.616195000000000093e+01
1.029942870000000084e+03 0.000000000000000000e+00 1.683897999999999939e+01
1.030630619999999908e+03 0.000000000000000000e+00 1.715925000000000011e+01
1.031318479999999909e+03 0.000000000000000000e+00 1.761737000000000108e+01
1.032006229999999960e+03 0.000000000000000000e+00 1.827141999999999911e+01
1.032693970000000036e+03 0.000000000000000000e+00 1.895250000000000057e+01
1.033381710000000112e+03 0.000000000000000000e+00 1.976871999999999829e+01
1.034069340000000011e+03 0.000000000000000000e+00 2.079710999999999999e+01
1.034757080000000087e+03 0.000000000000000000e+00 2.142682999999999893e+01
1.035444700000000012e+03 0.000000000000000000e+00 2.195655999999999963e+01
1.036132319999999936e+03 0.000000000000000000e+00 2.274709999999999965e+01
1.036820069999999987e+03 0.000000000000000000e+00 2.376871999999999829e+01
1.037507569999999987e+03 0.000000000000000000e+00 2.448357999999999990e+01
1.038195189999999911e+03 0.000000000000000000e+00 2.476869999999999905e+01
1.038882810000000063e+03 0.000000000000000000e+00 2.545788999999999902e+01
1.039570310000000063e+03 0.000000000000000000e+00 2.571736999999999895e+01
1.040257810000000063e+03 0.000000000000000000e+00 2.612950999999999979e+01
1.040945310000000063e+03 0.000000000000000000e+00 2.635654999999999859e+01
1.041632810000000063e+03 0.000000000000000000e+00 2.648087999999999909e+01
1.042320310000000063e+03 0.000000000000000000e+00 2.632141999999999982e+01
1.043007689999999911e+03 0.000000000000000000e+00 2.623762999999999934e+01
1.043695189999999911e+03 0.000000000000000000e+00 2.620248000000000133e+01
1.044382569999999987e+03 0.000000000000000000e+00 2.609302999999999884e+01
1.045069950000000063e+03 0.000000000000000000e+00 2.581871999999999900e+01
1.045757319999999936e+03 0.000000000000000000e+00 2.514169000000000054e+01
1.046444700000000012e+03 0.000000000000000000e+00 2.416736999999999824e+01
1.047131959999999935e+03 0.000000000000000000e+00 2.309981000000000151e+01
1.047819340000000011e+03 0.000000000000000000e+00 2.193358999999999881e+01
1.048506589999999960e+03 0.000000000000000000e+00 2.106466999999999956e+01
1.049193850000000111e+03 0.000000000000000000e+00 2.034031999999999840e+01
1.049881100000000060e+03 0.000000000000000000e+00 1.969978000000000051e+01
1.050568359999999984e+03 0.000000000000000000e+00 1.853492999999999924e+01
1.051255490000000009e+03 0.000000000000000000e+00 1.731059000000000125e+01
1.051942749999999933e+03 0.000000000000000000e+00 1.639707999999999899e+01
1.052629879999999957e+03 0.000000000000000000e+00 1.562683000000000000e+01
1.053317019999999957e+03 0.000000000000000000e+00 1.520520999999999923e+01
1.054004149999999981e+03 0.000000000000000000e+00 1.462547999999999959e+01
1.054691280000000006e+03 0.000000000000000000e+00 1.403223000000000020e+01
1.055378300000000081e+03 0.000000000000000000e+00 1.343492999999999959e+01
1.056065430000000106e+03 0.000000000000000000e+00 1.308222999999999914e+01
1.056752439999999979e+03 0.000000000000000000e+00 1.270387000000000022e+01
1.057439450000000079e+03 0.000000000000000000e+00 1.205250000000000021e+01
1.058126459999999952e+03 0.000000000000000000e+00 1.153223999999999982e+01
1.058813480000000027e+03 0.000000000000000000e+00 1.129034000000000049e+01
1.059500489999999900e+03 0.000000000000000000e+00 1.127951000000000015e+01
1.060187380000000076e+03 0.000000000000000000e+00 1.102815999999999974e+01
1.060874270000000024e+03 0.000000000000000000e+00 1.074032000000000053e+01
1.061561159999999973e+03 0.000000000000000000e+00 1.020114000000000054e+01
1.062248049999999921e+03 0.000000000000000000e+00 9.937630000000000408e+00
1.062934940000000097e+03 0.000000000000000000e+00 1.002007000000000048e+01
1.063621830000000045e+03 0.000000000000000000e+00 1.000250999999999912e+01
1.064308590000000095e+03 0.000000000000000000e+00 1.006736000000000075e+01
1.064995480000000043e+03 0.000000000000000000e+00 1.004437000000000069e+01
1.065682250000000067e+03 0.000000000000000000e+00 9.507880000000000109e+00
1.066369020000000091e+03 0.000000000000000000e+00 9.268689999999999429e+00
1.067055659999999989e+03 0.000000000000000000e+00 9.383570000000000633e+00
1.067742430000000013e+03 0.000000000000000000e+00 9.524119999999999919e+00
1.068429080000000113e+03 0.000000000000000000e+00 9.449790000000000134e+00
1.069115839999999935e+03 0.000000000000000000e+00 8.971399999999999153e+00
1.069802490000000034e+03 0.000000000000000000e+00 8.721399999999999153e+00
1.070489139999999907e+03 0.000000000000000000e+00 8.652490000000000236e+00
1.071175780000000032e+03 0.000000000000000000e+00 8.653840000000000643e+00
1.071862300000000005e+03 0.000000000000000000e+00 8.725459999999999994e+00
1.072548950000000104e+03 0.000000000000000000e+00 8.875450000000000728e+00
1.073235470000000078e+03 0.000000000000000000e+00 8.997080000000000410e+00
1.073922000000000025e+03 0.000000000000000000e+00 9.283549999999999969e+00
1.074608519999999999e+03 0.000000000000000000e+00 9.130869999999999820e+00
1.075295039999999972e+03 0.000000000000000000e+00 8.865999999999999659e+00
1.075981569999999920e+03 0.000000000000000000e+00 8.683569999999999567e+00
1.076667969999999968e+03 0.000000000000000000e+00 8.902490000000000236e+00
1.077354370000000017e+03 0.000000000000000000e+00 9.191700000000000870e+00
1.078040770000000066e+03 0.000000000000000000e+00 9.130869999999999820e+00
1.078727169999999887e+03 0.000000000000000000e+00 8.866009999999999280e+00
1.079413569999999936e+03 0.000000000000000000e+00 8.838969999999999771e+00
1.080099979999999960e+03 0.000000000000000000e+00 8.817339999999999733e+00
1.080786250000000109e+03 0.000000000000000000e+00 8.722749999999999559e+00
1.081472659999999905e+03 0.000000000000000000e+00 8.498450000000000060e+00
1.082158940000000030e+03 0.000000000000000000e+00 8.345739999999999270e+00
1.082845209999999952e+03 0.000000000000000000e+00 8.405200000000000671e+00
1.083531369999999924e+03 0.000000000000000000e+00 8.510609999999999786e+00
1.084217650000000049e+03 0.000000000000000000e+00 8.506550000000000722e+00
1.084903929999999946e+03 0.000000000000000000e+00 8.317349999999999355e+00
1.085590089999999918e+03 0.000000000000000000e+00 8.545730000000000715e+00
1.086276249999999891e+03 0.000000000000000000e+00 8.645739999999999981e+00
1.086962399999999889e+03 0.000000000000000000e+00 8.482229999999999492e+00
1.087648560000000089e+03 0.000000000000000000e+00 8.130869999999999820e+00
1.088334589999999935e+03 0.000000000000000000e+00 7.563310000000000421e+00
1.089020749999999907e+03 0.000000000000000000e+00 7.414649999999999963e+00
1.089706789999999955e+03 0.000000000000000000e+00 7.447090000000000209e+00
1.090392820000000029e+03 0.000000000000000000e+00 7.526819999999999844e+00
1.091078860000000077e+03 0.000000000000000000e+00 7.684919999999999973e+00
1.091764889999999923e+03 0.000000000000000000e+00 7.694370000000000154e+00
1.092450810000000047e+03 0.000000000000000000e+00 7.682220000000000049e+00
1.093136839999999893e+03 0.000000000000000000e+00 7.757889999999999731e+00
1.093822750000000042e+03 0.000000000000000000e+00 7.629509999999999792e+00
1.094508669999999938e+03 0.000000000000000000e+00 7.695739999999999803e+00
1.095194580000000087e+03 0.000000000000000000e+00 7.668730000000000047e+00
1.095880490000000009e+03 0.000000000000000000e+00 7.901150000000000340e+00
1.096566409999999905e+03 0.000000000000000000e+00 7.829500000000000348e+00
1.097252199999999903e+03 0.000000000000000000e+00 7.590320000000000178e+00
1.097937989999999900e+03 0.000000000000000000e+00 7.561950000000000394e+00
1.098623779999999897e+03 0.000000000000000000e+00 7.574119999999999742e+00
1.099309569999999894e+03 0.000000000000000000e+00 7.563299999999999912e+00
1.099995359999999891e+03 0.000000000000000000e+00 7.720060000000000144e+00
1.100681149999999889e+03 0.000000000000000000e+00 8.178179999999999339e+00
1.101366819999999962e+03 0.000000000000000000e+00 8.528159999999999741e+00
1.102052490000000034e+03 0.000000000000000000e+00 8.922760000000000247e+00
1.102738160000000107e+03 0.000000000000000000e+00 9.130869999999999820e+00
1.103423829999999953e+03 0.000000000000000000e+00 9.332240000000000535e+00
1.104109500000000025e+03 0.000000000000000000e+00 9.440319999999999823e+00
1.104795170000000098e+03 0.000000000000000000e+00 9.837630000000000763e+00
1.105480710000000045e+03 0.000000000000000000e+00 1.031601999999999997e+01
1.106166259999999966e+03 0.000000000000000000e+00 1.080249000000000059e+01
1.106851809999999887e+03 0.000000000000000000e+00 1.160654000000000075e+01
1.107537350000000060e+03 0.000000000000000000e+00 1.241600000000000037e+01
1.108222899999999981e+03 0.000000000000000000e+00 1.298493000000000031e+01
1.108908449999999903e+03 0.000000000000000000e+00 1.325249999999999950e+01
1.109593869999999924e+03 0.000000000000000000e+00 1.318088000000000015e+01
1.110279299999999921e+03 0.000000000000000000e+00 1.364845000000000041e+01
1.110964719999999943e+03 0.000000000000000000e+00 1.444708999999999932e+01
1.111650149999999940e+03 0.000000000000000000e+00 1.499709000000000003e+01
1.112335569999999962e+03 0.000000000000000000e+00 1.566060000000000052e+01
1.113020999999999958e+03 0.000000000000000000e+00 1.636195999999999984e+01
1.113706300000000056e+03 0.000000000000000000e+00 1.705790999999999968e+01
1.114391599999999926e+03 0.000000000000000000e+00 1.768086999999999875e+01
1.115076900000000023e+03 0.000000000000000000e+00 1.832006000000000157e+01
1.115762210000000096e+03 0.000000000000000000e+00 1.876330000000000098e+01
1.116447509999999966e+03 0.000000000000000000e+00 1.923898000000000152e+01
1.117132689999999911e+03 0.000000000000000000e+00 1.992276000000000025e+01
1.117817990000000009e+03 0.000000000000000000e+00 2.084572000000000003e+01
1.118503169999999955e+03 0.000000000000000000e+00 2.200653000000000148e+01
1.119188349999999900e+03 0.000000000000000000e+00 2.308086000000000126e+01
1.119873540000000048e+03 0.000000000000000000e+00 2.386871000000000009e+01
1.120558590000000095e+03 0.000000000000000000e+00 2.439436999999999856e+01
1.121243770000000040e+03 0.000000000000000000e+00 2.490788999999999831e+01
1.121928830000000062e+03 0.000000000000000000e+00 2.545114999999999839e+01
1.122613890000000083e+03 0.000000000000000000e+00 2.570924000000000120e+01
1.123298950000000104e+03 0.000000000000000000e+00 2.607816000000000045e+01
1.123984009999999898e+03 0.000000000000000000e+00 2.633625999999999934e+01
1.124669069999999920e+03 0.000000000000000000e+00 2.647005000000000052e+01
1.125354000000000042e+03 0.000000000000000000e+00 2.660384000000000171e+01
1.126039060000000063e+03 0.000000000000000000e+00 2.694707999999999970e+01
1.126723999999999933e+03 0.000000000000000000e+00 2.720251000000000019e+01
1.127408940000000030e+03 0.000000000000000000e+00 2.724168999999999841e+01
1.128093869999999924e+03 0.000000000000000000e+00 2.726601000000000141e+01
1.128778690000000097e+03 0.000000000000000000e+00 2.735790000000000077e+01
1.129463619999999992e+03 0.000000000000000000e+00 2.770925000000000082e+01
1.130148439999999937e+03 0.000000000000000000e+00 2.775384999999999991e+01
1.130833249999999907e+03 0.000000000000000000e+00 2.749033000000000015e+01
1.131518070000000080e+03 0.000000000000000000e+00 2.689438000000000173e+01
1.132202880000000050e+03 0.000000000000000000e+00 2.644033999999999907e+01
1.132887699999999995e+03 0.000000000000000000e+00 2.644979000000000013e+01
1.133572390000000041e+03 0.000000000000000000e+00 2.681194999999999951e+01
1.134257080000000087e+03 0.000000000000000000e+00 2.742276999999999987e+01
1.134941769999999906e+03 0.000000000000000000e+00 2.806060000000000088e+01
1.135626459999999952e+03 0.000000000000000000e+00 2.847005000000000052e+01
1.136311159999999973e+03 0.000000000000000000e+00 2.869168000000000163e+01
1.136995850000000019e+03 0.000000000000000000e+00 2.871195000000000164e+01
1.137680419999999913e+03 0.000000000000000000e+00 2.892951000000000050e+01
1.138364990000000034e+03 0.000000000000000000e+00 2.909034000000000120e+01
1.139049559999999929e+03 0.000000000000000000e+00 2.888088000000000122e+01
1.139734130000000050e+03 0.000000000000000000e+00 2.881737000000000037e+01
1.140418699999999944e+03 0.000000000000000000e+00 2.947816999999999865e+01
1.141103149999999914e+03 0.000000000000000000e+00 3.002950999999999837e+01
1.141787720000000036e+03 0.000000000000000000e+00 3.029977999999999838e+01
1.142472170000000006e+03 0.000000000000000000e+00 3.043356999999999957e+01
1.143156619999999975e+03 0.000000000000000000e+00 3.094979000000000013e+01
1.143841059999999970e+03 0.000000000000000000e+00 3.147143000000000157e+01
1.144525509999999940e+03 0.000000000000000000e+00 3.187275999999999954e+01
1.145209839999999986e+03 0.000000000000000000e+00 3.199033000000000015e+01
1.145894289999999955e+03 0.000000000000000000e+00 3.241870000000000118e+01
1.146578610000000026e+03 0.000000000000000000e+00 3.286059999999999803e+01
1.147262940000000071e+03 0.000000000000000000e+00 3.314303999999999917e+01
1.147947269999999889e+03 0.000000000000000000e+00 3.335385000000000133e+01
1.148631470000000036e+03 0.000000000000000000e+00 3.327546999999999855e+01
1.149315800000000081e+03 0.000000000000000000e+00 3.334573000000000320e+01
1.150000000000000000e+03 0.000000000000000000e+00 3.301194999999999879e+01
1.150684199999999919e+03 0.000000000000000000e+00 3.286059999999999803e+01
1.151368410000000040e+03 0.000000000000000000e+00 3.256329000000000207e+01
1.152052609999999959e+03 0.000000000000000000e+00 3.222950999999999766e+01
1.152736820000000080e+03 0.000000000000000000e+00 3.189169000000000054e+01
1.153420900000000074e+03 0.000000000000000000e+00 3.144844000000000150e+01
1.154104980000000069e+03 0.000000000000000000e+00 3.095789999999999864e+01
1.154789060000000063e+03 0.000000000000000000e+00 3.016196000000000055e+01
1.155473140000000058e+03 0.000000000000000000e+00 2.960924999999999940e+01
1.156157230000000027e+03 0.000000000000000000e+00 2.894032999999999944e+01
1.156841310000000021e+03 0.000000000000000000e+00 2.790115000000000123e+01
1.157525270000000091e+03 0.000000000000000000e+00 2.687008000000000152e+01
1.158209229999999934e+03 0.000000000000000000e+00 2.628492999999999924e+01
1.158893190000000004e+03 0.000000000000000000e+00 2.549439999999999884e+01
1.159577150000000074e+03 0.000000000000000000e+00 2.444168000000000163e+01
1.160261109999999917e+03 0.000000000000000000e+00 2.348627000000000109e+01
1.160945069999999987e+03 0.000000000000000000e+00 2.254032000000000124e+01
1.161628909999999905e+03 0.000000000000000000e+00 2.194032999999999944e+01
1.162312740000000076e+03 0.000000000000000000e+00 2.110656000000000176e+01
1.162996579999999994e+03 0.000000000000000000e+00 2.050655000000000072e+01
1.163680419999999913e+03 0.000000000000000000e+00 1.950382000000000104e+01
1.164364260000000058e+03 0.000000000000000000e+00 1.909167000000000058e+01
1.165047970000000078e+03 0.000000000000000000e+00 1.868355000000000032e+01
1.165731809999999996e+03 0.000000000000000000e+00 1.797542999999999935e+01
1.166415529999999990e+03 0.000000000000000000e+00 1.738759999999999906e+01
1.167099240000000009e+03 0.000000000000000000e+00 1.717275000000000063e+01
1.167782840000000078e+03 0.000000000000000000e+00 1.689843000000000117e+01
1.168466550000000097e+03 0.000000000000000000e+00 1.634707999999999828e+01
1.169150270000000091e+03 0.000000000000000000e+00 1.582952000000000048e+01
1.169833859999999959e+03 0.000000000000000000e+00 1.545114000000000054e+01
1.170517460000000028e+03 0.000000000000000000e+00 1.511735999999999969e+01
1.171201049999999896e+03 0.000000000000000000e+00 1.451196000000000019e+01
1.171884639999999990e+03 0.000000000000000000e+00 1.410923000000000016e+01
1.172568119999999908e+03 0.000000000000000000e+00 1.378763000000000005e+01
1.173251710000000003e+03 0.000000000000000000e+00 1.360519000000000034e+01
1.173935179999999946e+03 0.000000000000000000e+00 1.340113999999999983e+01
1.174618649999999889e+03 0.000000000000000000e+00 1.294842000000000048e+01
1.175302120000000059e+03 0.000000000000000000e+00 1.261058000000000057e+01
1.175985599999999977e+03 0.000000000000000000e+00 1.234032000000000018e+01
1.176668949999999995e+03 0.000000000000000000e+00 1.227007000000000048e+01
1.177352419999999938e+03 0.000000000000000000e+00 1.197682000000000002e+01
1.178035769999999957e+03 0.000000000000000000e+00 1.138222000000000023e+01
1.178719119999999975e+03 0.000000000000000000e+00 1.094844999999999935e+01
1.179402469999999994e+03 0.000000000000000000e+00 1.111600999999999928e+01
1.180085690000000113e+03 0.000000000000000000e+00 1.104168999999999912e+01
1.180769039999999904e+03 0.000000000000000000e+00 1.110248999999999953e+01
1.181452269999999999e+03 0.000000000000000000e+00 1.083763000000000076e+01
1.182135500000000093e+03 0.000000000000000000e+00 1.069571999999999967e+01
1.182818729999999960e+03 0.000000000000000000e+00 1.046462999999999965e+01
1.183501950000000079e+03 0.000000000000000000e+00 1.048221000000000025e+01
1.184185179999999946e+03 0.000000000000000000e+00 1.008899000000000079e+01
1.184868289999999888e+03 0.000000000000000000e+00 9.693059999999999121e+00
1.185551390000000083e+03 0.000000000000000000e+00 9.288990000000000080e+00
1.186234500000000025e+03 0.000000000000000000e+00 9.048429999999999751e+00
1.186917599999999993e+03 0.000000000000000000e+00 9.020070000000000476e+00
1.187600709999999935e+03 0.000000000000000000e+00 8.867380000000000706e+00
1.188283809999999903e+03 0.000000000000000000e+00 8.479520000000000834e+00
1.188966799999999921e+03 0.000000000000000000e+00 8.360599999999999810e+00
1.189649779999999964e+03 0.000000000000000000e+00 8.355209999999999582e+00
1.190332760000000007e+03 0.000000000000000000e+00 8.171430000000000859e+00
1.191015750000000025e+03 0.000000000000000000e+00 8.006550000000000722e+00
1.191698730000000069e+03 0.000000000000000000e+00 8.038970000000000837e+00
1.192381589999999960e+03 0.000000000000000000e+00 7.868699999999999584e+00
1.193064579999999978e+03 0.000000000000000000e+00 7.822750000000000092e+00
1.193747440000000097e+03 0.000000000000000000e+00 7.580849999999999866e+00
1.194430299999999988e+03 0.000000000000000000e+00 7.566010000000000346e+00
1.195113160000000107e+03 0.000000000000000000e+00 7.629509999999999792e+00
1.195795900000000074e+03 0.000000000000000000e+00 7.690319999999999823e+00
1.196478759999999966e+03 0.000000000000000000e+00 7.233559999999999768e+00
1.197161499999999933e+03 0.000000000000000000e+00 7.038990000000000080e+00
1.197844239999999900e+03 0.000000000000000000e+00 7.047109999999999985e+00
1.198526980000000094e+03 0.000000000000000000e+00 6.691709999999999603e+00
1.199209720000000061e+03 0.000000000000000000e+00 6.616050000000000431e+00
1.199892329999999902e+03 0.000000000000000000e+00 6.428180000000000227e+00
1.200575070000000096e+03 0.000000000000000000e+00 6.086269999999999847e+00
1.201257689999999911e+03 0.000000000000000000e+00 5.855170000000000208e+00
1.201940309999999954e+03 0.000000000000000000e+00 6.020050000000000345e+00
1.202622920000000022e+03 0.000000000000000000e+00 5.843020000000000103e+00
1.203305540000000065e+03 0.000000000000000000e+00 5.634909999999999641e+00
1.203988039999999955e+03 0.000000000000000000e+00 5.416000000000000369e+00
1.204670650000000023e+03 0.000000000000000000e+00 5.264660000000000117e+00
1.205353149999999914e+03 0.000000000000000000e+00 5.129529999999999923e+00
1.206035640000000058e+03 0.000000000000000000e+00 5.053880000000000372e+00
1.206718139999999948e+03 0.000000000000000000e+00 4.755219999999999558e+00
1.207400509999999940e+03 0.000000000000000000e+00 4.655190000000000161e+00
1.208083010000000058e+03 0.000000000000000000e+00 4.671400000000000219e+00
1.208765380000000050e+03 0.000000000000000000e+00 4.714629999999999654e+00
1.209447750000000042e+03 0.000000000000000000e+00 4.822770000000000223e+00
1.210130130000000008e+03 0.000000000000000000e+00 4.894379999999999953e+00
1.210812500000000000e+03 0.000000000000000000e+00 5.060570000000000235e+00
1.211494750000000067e+03 0.000000000000000000e+00 5.034900000000000375e+00
1.212177120000000059e+03 0.000000000000000000e+00 4.952480000000000437e+00
1.212859380000000101e+03 0.000000000000000000e+00 4.786279999999999646e+00
1.213541629999999941e+03 0.000000000000000000e+00 4.618710000000000093e+00
1.214223880000000008e+03 0.000000000000000000e+00 4.274099999999999788e+00
1.214906009999999924e+03 0.000000000000000000e+00 4.090309999999999668e+00
1.215588259999999991e+03 0.000000000000000000e+00 3.975459999999999994e+00
1.216270389999999907e+03 0.000000000000000000e+00 4.068719999999999892e+00
1.216952510000000075e+03 0.000000000000000000e+00 4.374109999999999943e+00
1.217634639999999990e+03 0.000000000000000000e+00 4.474099999999999966e+00
1.218316769999999906e+03 0.000000000000000000e+00 4.443010000000000126e+00
1.218998900000000049e+03 0.000000000000000000e+00 4.347070000000000434e+00
1.219680910000000040e+03 0.000000000000000000e+00 4.625460000000000349e+00
1.220363039999999955e+03 0.000000000000000000e+00 4.716009999999999813e+00
1.221045039999999972e+03 0.000000000000000000e+00 4.890329999999999622e+00
1.221727049999999963e+03 0.000000000000000000e+00 4.424109999999999765e+00
1.222408940000000030e+03 0.000000000000000000e+00 4.156530000000000058e+00
1.223090940000000046e+03 0.000000000000000000e+00 3.834929999999999950e+00
1.223772830000000113e+03 0.000000000000000000e+00 3.611950000000000216e+00
1.224454709999999977e+03 0.000000000000000000e+00 3.632219999999999782e+00
1.225136600000000044e+03 0.000000000000000000e+00 3.760600000000000165e+00
1.225818479999999909e+03 0.000000000000000000e+00 3.860609999999999875e+00
1.226500369999999975e+03 0.000000000000000000e+00 3.807900000000000063e+00
1.227182129999999916e+03 0.000000000000000000e+00 3.501170000000000115e+00
1.227864010000000007e+03 0.000000000000000000e+00 3.632239999999999913e+00
1.228545779999999922e+03 0.000000000000000000e+00 3.588989999999999903e+00
1.229227540000000090e+03 0.000000000000000000e+00 3.597090000000000121e+00
1.229909180000000106e+03 0.000000000000000000e+00 3.444399999999999906e+00
1.230590940000000046e+03 0.000000000000000000e+00 3.468710000000000182e+00
1.231272580000000062e+03 0.000000000000000000e+00 3.366000000000000103e+00
1.231954349999999977e+03 0.000000000000000000e+00 3.426800000000000068e+00
1.232635989999999993e+03 0.000000000000000000e+00 3.757849999999999913e+00
1.233317630000000008e+03 0.000000000000000000e+00 4.049789999999999779e+00
1.233999150000000100e+03 0.000000000000000000e+00 4.148430000000000284e+00
1.234680789999999888e+03 0.000000000000000000e+00 3.887620000000000076e+00
1.235362300000000005e+03 0.000000000000000000e+00 3.461939999999999795e+00
1.236043820000000096e+03 0.000000000000000000e+00 3.175469999999999793e+00
1.236725339999999960e+03 0.000000000000000000e+00 3.524129999999999985e+00
1.237406860000000052e+03 0.000000000000000000e+00 3.680860000000000021e+00
1.238088379999999916e+03 0.000000000000000000e+00 3.667320000000000135e+00
1.238769780000000083e+03 0.000000000000000000e+00 3.641669999999999963e+00
1.239451170000000047e+03 0.000000000000000000e+00 3.483560000000000212e+00
1.240132569999999987e+03 0.000000000000000000e+00 3.506530000000000147e+00
1.240813959999999952e+03 0.000000000000000000e+00 3.682209999999999983e+00
1.241495359999999891e+03 0.000000000000000000e+00 3.728159999999999918e+00
1.242176760000000058e+03 0.000000000000000000e+00 3.684940000000000104e+00
1.242858030000000099e+03 0.000000000000000000e+00 3.320050000000000168e+00
1.243539309999999887e+03 0.000000000000000000e+00 3.264660000000000117e+00
1.244220579999999927e+03 0.000000000000000000e+00 3.217330000000000023e+00
1.244901859999999942e+03 0.000000000000000000e+00 3.079480000000000217e+00
1.245583129999999983e+03 0.000000000000000000e+00 3.307869999999999866e+00
1.246264280000000099e+03 0.000000000000000000e+00 3.302490000000000148e+00
1.246945429999999988e+03 0.000000000000000000e+00 2.964649999999999785e+00
1.247626590000000078e+03 0.000000000000000000e+00 2.941679999999999851e+00
1.248307739999999967e+03 0.000000000000000000e+00 2.845749999999999780e+00
1.248988890000000083e+03 0.000000000000000000e+00 3.089010000000000034e+00
1.249670039999999972e+03 0.000000000000000000e+00 3.622790000000000177e+00
1.250351069999999936e+03 0.000000000000000000e+00 4.206559999999999633e+00
1.251032099999999900e+03 0.000000000000000000e+00 4.086289999999999978e+00
1.251713130000000092e+03 0.000000000000000000e+00 4.041669999999999874e+00
1.252394170000000031e+03 0.000000000000000000e+00 3.751149999999999984e+00
1.253075199999999995e+03 0.000000000000000000e+00 3.745750000000000135e+00
1.253756100000000060e+03 0.000000000000000000e+00 3.841699999999999893e+00
1.254437130000000025e+03 0.000000000000000000e+00 4.134929999999999772e+00
1.255118040000000065e+03 0.000000000000000000e+00 4.387660000000000338e+00
1.255798950000000104e+03 0.000000000000000000e+00 4.410599999999999632e+00
1.256479739999999993e+03 0.000000000000000000e+00 4.179509999999999614e+00
1.257160640000000058e+03 0.000000000000000000e+00 3.965990000000000126e+00
1.257841429999999946e+03 0.000000000000000000e+00 4.283570000000000100e+00
1.258522220000000061e+03 0.000000000000000000e+00 4.422760000000000247e+00
1.259202999999999975e+03 0.000000000000000000e+00 4.447110000000000340e+00
1.259883790000000090e+03 0.000000000000000000e+00 4.476810000000000400e+00
1.260564579999999978e+03 0.000000000000000000e+00 4.593029999999999724e+00
1.261245239999999967e+03 0.000000000000000000e+00 4.670069999999999943e+00
1.261926030000000083e+03 0.000000000000000000e+00 4.888969999999999594e+00
1.262606690000000071e+03 0.000000000000000000e+00 4.914649999999999963e+00
1.263287350000000060e+03 0.000000000000000000e+00 5.094389999999999752e+00
1.263968020000000024e+03 0.000000000000000000e+00 5.026839999999999975e+00
1.264648560000000089e+03 0.000000000000000000e+00 5.288999999999999702e+00
1.265329220000000078e+03 0.000000000000000000e+00 5.280859999999999665e+00
1.266009769999999889e+03 0.000000000000000000e+00 5.429499999999999993e+00
1.266690309999999954e+03 0.000000000000000000e+00 5.599759999999999849e+00
1.267370850000000019e+03 0.000000000000000000e+00 5.799769999999999648e+00
1.268051269999999931e+03 0.000000000000000000e+00 6.143019999999999925e+00
1.268731809999999996e+03 0.000000000000000000e+00 6.441709999999999603e+00
1.269412229999999909e+03 0.000000000000000000e+00 6.518720000000000070e+00
1.270092650000000049e+03 0.000000000000000000e+00 6.526839999999999975e+00
1.270773069999999962e+03 0.000000000000000000e+00 6.691699999999999982e+00
1.271453490000000102e+03 0.000000000000000000e+00 6.751170000000000115e+00
1.272133910000000014e+03 0.000000000000000000e+00 6.714660000000000295e+00
1.272814210000000003e+03 0.000000000000000000e+00 6.755180000000000184e+00
1.273494509999999991e+03 0.000000000000000000e+00 6.675449999999999662e+00
1.274174800000000005e+03 0.000000000000000000e+00 6.663319999999999688e+00
1.274855099999999993e+03 0.000000000000000000e+00 6.778200000000000003e+00
1.275535399999999981e+03 0.000000000000000000e+00 7.207919999999999661e+00
1.276215580000000045e+03 0.000000000000000000e+00 7.521419999999999995e+00
1.276895870000000059e+03 0.000000000000000000e+00 7.679509999999999614e+00
1.277576049999999896e+03 0.000000000000000000e+00 7.632200000000000095e+00
1.278256229999999960e+03 0.000000000000000000e+00 7.536290000000000155e+00
1.278936279999999897e+03 0.000000000000000000e+00 7.294410000000000061e+00
1.279616459999999961e+03 0.000000000000000000e+00 7.144379999999999953e+00
1.280296509999999898e+03 0.000000000000000000e+00 7.213269999999999627e+00
1.280976560000000063e+03 0.000000000000000000e+00 7.229540000000000077e+00
1.281656739999999900e+03 0.000000000000000000e+00 7.230879999999999974e+00
1.282336669999999913e+03 0.000000000000000000e+00 6.913330000000000197e+00
1.283016720000000078e+03 0.000000000000000000e+00 6.614670000000000272e+00
1.283696779999999990e+03 0.000000000000000000e+00 6.383560000000000123e+00
1.284376710000000003e+03 0.000000000000000000e+00 6.205199999999999605e+00
1.285056640000000016e+03 0.000000000000000000e+00 6.099800000000000111e+00
1.285736570000000029e+03 0.000000000000000000e+00 6.274130000000000429e+00
1.286416500000000042e+03 0.000000000000000000e+00 6.471440000000000303e+00
1.287096309999999903e+03 0.000000000000000000e+00 6.367359999999999687e+00
1.287776249999999891e+03 0.000000000000000000e+00 6.155210000000000292e+00
1.288456050000000005e+03 0.000000000000000000e+00 6.240339999999999776e+00
1.289135860000000093e+03 0.000000000000000000e+00 6.097100000000000186e+00
1.289815669999999955e+03 0.000000000000000000e+00 6.375490000000000101e+00
1.290495359999999891e+03 0.000000000000000000e+00 6.424129999999999896e+00
1.291175169999999980e+03 0.000000000000000000e+00 6.287650000000000183e+00
1.291854859999999917e+03 0.000000000000000000e+00 6.117370000000000196e+00
1.292534550000000081e+03 0.000000000000000000e+00 6.067370000000000374e+00
1.293214230000000043e+03 0.000000000000000000e+00 6.160590000000000011e+00
1.293893919999999980e+03 0.000000000000000000e+00 5.994379999999999598e+00
1.294573489999999993e+03 0.000000000000000000e+00 5.710630000000000095e+00
1.295253169999999955e+03 0.000000000000000000e+00 5.394400000000000084e+00
1.295932739999999967e+03 0.000000000000000000e+00 5.217360000000000220e+00
1.296612300000000005e+03 0.000000000000000000e+00 4.871439999999999770e+00
1.297291870000000017e+03 0.000000000000000000e+00 4.845740000000000158e+00
1.297971309999999903e+03 0.000000000000000000e+00 4.822759999999999714e+00
1.298650879999999916e+03 0.000000000000000000e+00 5.313279999999999781e+00
1.299330320000000029e+03 0.000000000000000000e+00 5.375460000000000349e+00
1.300009769999999889e+03 0.000000000000000000e+00 4.729510000000000325e+00
1.300689210000000003e+03 0.000000000000000000e+00 4.428180000000000227e+00
1.301368649999999889e+03 0.000000000000000000e+00 4.525470000000000326e+00
1.302047970000000078e+03 0.000000000000000000e+00 4.830899999999999750e+00
1.302727290000000039e+03 0.000000000000000000e+00 4.961969999999999992e+00
1.303406739999999900e+03 0.000000000000000000e+00 5.126859999999999751e+00
1.304085939999999937e+03 0.000000000000000000e+00 4.974129999999999718e+00
1.304765259999999898e+03 0.000000000000000000e+00 4.824130000000000251e+00
1.305444580000000087e+03 0.000000000000000000e+00 4.705180000000000362e+00
1.306123779999999897e+03 0.000000000000000000e+00 4.420069999999999943e+00
1.306802979999999934e+03 0.000000000000000000e+00 4.056569999999999787e+00
1.307482299999999896e+03 0.000000000000000000e+00 3.863329999999999931e+00
1.308161380000000008e+03 0.000000000000000000e+00 4.090370000000000061e+00
1.308840580000000045e+03 0.000000000000000000e+00 4.416039999999999743e+00
1.309519780000000083e+03 0.000000000000000000e+00 4.432249999999999801e+00
1.310198849999999993e+03 0.000000000000000000e+00 4.279539999999999900e+00
1.310877930000000106e+03 0.000000000000000000e+00 4.098460000000000214e+00
1.311557009999999991e+03 0.000000000000000000e+00 4.245759999999999756e+00
1.312236079999999902e+03 0.000000000000000000e+00 4.441699999999999982e+00
1.312915040000000090e+03 0.000000000000000000e+00 4.607910000000000394e+00
1.313594119999999975e+03 0.000000000000000000e+00 4.595740000000000158e+00
1.314273069999999962e+03 0.000000000000000000e+00 4.537620000000000431e+00
1.314952029999999922e+03 0.000000000000000000e+00 4.614679999999999893e+00
1.315630979999999909e+03 0.000000000000000000e+00 4.371439999999999770e+00
1.316309809999999970e+03 0.000000000000000000e+00 3.891680000000000028e+00
1.316988769999999931e+03 0.000000000000000000e+00 3.703819999999999890e+00
1.317667599999999993e+03 0.000000000000000000e+00 3.860599999999999810e+00
1.318346440000000030e+03 0.000000000000000000e+00 3.814690000000000136e+00
1.319025270000000091e+03 0.000000000000000000e+00 3.733560000000000212e+00
1.319704099999999926e+03 0.000000000000000000e+00 3.737639999999999851e+00
1.320382810000000063e+03 0.000000000000000000e+00 3.449809999999999821e+00
1.321061519999999973e+03 0.000000000000000000e+00 3.179539999999999811e+00
1.321740360000000010e+03 0.000000000000000000e+00 3.163320000000000132e+00
1.322419069999999920e+03 0.000000000000000000e+00 3.255170000000000119e+00
1.323097659999999905e+03 0.000000000000000000e+00 3.372729999999999784e+00
1.323776370000000043e+03 0.000000000000000000e+00 3.391680000000000028e+00
1.324454960000000028e+03 0.000000000000000000e+00 3.049789999999999779e+00
1.325133669999999938e+03 0.000000000000000000e+00 3.090339999999999865e+00
1.325812259999999924e+03 0.000000000000000000e+00 3.252499999999999947e+00
1.326490720000000010e+03 0.000000000000000000e+00 3.720060000000000144e+00
1.327169309999999996e+03 0.000000000000000000e+00 3.564649999999999874e+00
1.327847899999999981e+03 0.000000000000000000e+00 3.390320000000000000e+00
1.328526370000000043e+03 0.000000000000000000e+00 3.063289999999999846e+00
1.329204829999999902e+03 0.000000000000000000e+00 2.859239999999999782e+00
1.329883299999999963e+03 0.000000000000000000e+00 2.618739999999999846e+00
1.330561770000000024e+03 0.000000000000000000e+00 2.470099999999999962e+00
1.331240109999999959e+03 0.000000000000000000e+00 2.502499999999999947e+00
1.331918580000000020e+03 0.000000000000000000e+00 2.937629999999999963e+00
1.332596919999999955e+03 0.000000000000000000e+00 2.991699999999999804e+00
1.333275270000000091e+03 0.000000000000000000e+00 2.940339999999999954e+00
1.333953610000000026e+03 0.000000000000000000e+00 2.610599999999999810e+00
1.334631840000000011e+03 0.000000000000000000e+00 2.517370000000000108e+00
1.335310179999999946e+03 0.000000000000000000e+00 2.402489999999999792e+00
1.335988399999999956e+03 0.000000000000000000e+00 2.317349999999999799e+00
1.336666629999999941e+03 0.000000000000000000e+00 2.252499999999999947e+00
1.337344849999999951e+03 0.000000000000000000e+00 2.307910000000000128e+00
1.338022950000000037e+03 0.000000000000000000e+00 2.359259999999999913e+00
1.338701170000000047e+03 0.000000000000000000e+00 2.795739999999999892e+00
1.339379269999999906e+03 0.000000000000000000e+00 2.556569999999999787e+00
1.340057369999999992e+03 0.000000000000000000e+00 2.433570000000000011e+00
1.340735470000000078e+03 0.000000000000000000e+00 2.402519999999999989e+00
1.341413569999999936e+03 0.000000000000000000e+00 2.298449999999999882e+00
1.342091550000000097e+03 0.000000000000000000e+00 2.340359999999999996e+00
1.342769649999999956e+03 0.000000000000000000e+00 2.275479999999999947e+00
1.343447629999999890e+03 0.000000000000000000e+00 2.021430000000000060e+00
1.344125610000000052e+03 0.000000000000000000e+00 1.730860000000000065e+00
1.344803589999999986e+03 0.000000000000000000e+00 1.818699999999999983e+00
1.345481449999999995e+03 0.000000000000000000e+00 2.193039999999999878e+00
1.346159419999999955e+03 0.000000000000000000e+00 2.468719999999999803e+00
1.346837279999999964e+03 0.000000000000000000e+00 2.611979999999999968e+00
1.347515139999999974e+03 0.000000000000000000e+00 2.379560000000000120e+00
1.348192990000000009e+03 0.000000000000000000e+00 1.774159999999999959e+00
1.348870850000000019e+03 0.000000000000000000e+00 1.398460000000000036e+00
1.349548579999999902e+03 0.000000000000000000e+00 1.014639999999999986e+00
1.350226319999999987e+03 0.000000000000000000e+00 1.097080000000000055e+00
1.350904170000000022e+03 0.000000000000000000e+00 1.159229999999999983e+00
1.351581789999999955e+03 0.000000000000000000e+00 8.322399999999999798e-01
1.352259520000000066e+03 0.000000000000000000e+00 1.080869999999999997e+00
1.352937259999999924e+03 0.000000000000000000e+00 1.521409999999999929e+00
1.353614870000000110e+03 0.000000000000000000e+00 1.722769999999999913e+00
1.354292480000000069e+03 0.000000000000000000e+00 1.257889999999999953e+00
1.354970090000000027e+03 0.000000000000000000e+00 7.430499999999999883e-01
1.355647709999999961e+03 0.000000000000000000e+00 8.849500000000000144e-01
1.356325319999999920e+03 0.000000000000000000e+00 1.205179999999999918e+00
1.357002809999999954e+03 0.000000000000000000e+00 1.501120000000000010e+00
1.357680299999999988e+03 0.000000000000000000e+00 1.647049999999999903e+00
1.358357790000000023e+03 0.000000000000000000e+00 1.913280000000000092e+00
1.359035280000000057e+03 0.000000000000000000e+00 1.790329999999999977e+00
1.359712770000000091e+03 0.000000000000000000e+00 1.664649999999999963e+00
1.360390139999999974e+03 0.000000000000000000e+00 1.444390000000000063e+00
1.361067630000000008e+03 0.000000000000000000e+00 1.430849999999999955e+00
1.361744999999999891e+03 0.000000000000000000e+00 1.670029999999999903e+00
1.362422360000000026e+03 0.000000000000000000e+00 1.641650000000000054e+00
1.363099609999999984e+03 0.000000000000000000e+00 1.597099999999999964e+00
1.363776980000000094e+03 0.000000000000000000e+00 1.366030000000000078e+00
1.364454220000000078e+03 0.000000000000000000e+00 1.275479999999999947e+00
1.365131470000000036e+03 0.000000000000000000e+00 1.110619999999999941e+00
1.365808719999999994e+03 0.000000000000000000e+00 1.082240000000000091e+00
1.366485959999999977e+03 0.000000000000000000e+00 1.187610000000000054e+00
1.367163209999999935e+03 0.000000000000000000e+00 1.524100000000000010e+00
1.367840329999999994e+03 0.000000000000000000e+00 1.697049999999999947e+00
