9.306945799999999736e+02 0.000000000000000000e+00 3.331519999999999815e+00
9.313851899999999659e+02 0.000000000000000000e+00 3.180169999999999941e+00
9.320757399999999961e+02 0.000000000000000000e+00 2.876129999999999853e+00
9.327663000000000011e+02 0.000000000000000000e+00 2.642349999999999977e+00
9.334568500000000313e+02 0.000000000000000000e+00 2.247759999999999980e+00
9.341473999999999478e+02 0.000000000000000000e+00 1.980189999999999895e+00
9.348378900000000158e+02 0.000000000000000000e+00 1.558580000000000076e+00
9.355283799999999701e+02 0.000000000000000000e+00 1.804519999999999902e+00
9.362188700000000381e+02 0.000000000000000000e+00 1.711260000000000003e+00
9.369093000000000302e+02 0.000000000000000000e+00 1.838300000000000045e+00
9.375997300000000223e+02 0.000000000000000000e+00 1.755859999999999976e+00
9.382901600000000144e+02 0.000000000000000000e+00 1.912609999999999921e+00
9.389805300000000443e+02 0.000000000000000000e+00 1.995030000000000081e+00
9.396708999999999605e+02 0.000000000000000000e+00 2.213950000000000085e+00
9.403612699999999904e+02 0.000000000000000000e+00 2.122059999999999835e+00
9.410515699999999697e+02 0.000000000000000000e+00 2.239640000000000075e+00
9.417418800000000374e+02 0.000000000000000000e+00 2.296419999999999906e+00
9.424321899999999914e+02 0.000000000000000000e+00 2.231529999999999792e+00
9.431224999999999454e+02 0.000000000000000000e+00 2.116680000000000117e+00
9.438127399999999625e+02 0.000000000000000000e+00 2.428840000000000110e+00
9.445029899999999543e+02 0.000000000000000000e+00 2.899119999999999919e+00
9.451931799999999839e+02 0.000000000000000000e+00 3.162619999999999987e+00
9.458833600000000388e+02 0.000000000000000000e+00 3.220720000000000027e+00
9.465735499999999547e+02 0.000000000000000000e+00 3.020729999999999915e+00
9.472637300000000096e+02 0.000000000000000000e+00 2.938299999999999912e+00
9.479538599999999633e+02 0.000000000000000000e+00 2.749120000000000008e+00
9.486439800000000560e+02 0.000000000000000000e+00 2.874779999999999891e+00
9.493341100000000097e+02 0.000000000000000000e+00 3.309909999999999908e+00
9.500241700000000264e+02 0.000000000000000000e+00 3.918019999999999836e+00
9.507142300000000432e+02 0.000000000000000000e+00 4.401810000000000223e+00
9.514043000000000347e+02 0.000000000000000000e+00 4.276139999999999830e+00
9.520943600000000515e+02 0.000000000000000000e+00 4.323450000000000237e+00
9.527843599999999924e+02 0.000000000000000000e+00 4.281550000000000189e+00
9.534743700000000217e+02 0.000000000000000000e+00 4.281539999999999679e+00
9.541643100000000004e+02 0.000000000000000000e+00 4.604519999999999946e+00
9.548542499999999791e+02 0.000000000000000000e+00 5.332910000000000039e+00
9.555441899999999578e+02 0.000000000000000000e+00 6.104510000000000325e+00
9.562341300000000501e+02 0.000000000000000000e+00 6.909909999999999997e+00
9.569240099999999529e+02 0.000000000000000000e+00 7.055860000000000021e+00
9.576138899999999694e+02 0.000000000000000000e+00 7.526119999999999699e+00
9.583037699999999859e+02 0.000000000000000000e+00 8.577479999999999549e+00
9.589935900000000402e+02 0.000000000000000000e+00 9.331540000000000390e+00
9.596834099999999808e+02 0.000000000000000000e+00 1.026396000000000086e+01
9.603731699999999591e+02 0.000000000000000000e+00 1.170992000000000033e+01
9.610629900000000134e+02 0.000000000000000000e+00 1.304100999999999999e+01
9.617527499999999918e+02 0.000000000000000000e+00 1.389911000000000030e+01
9.624424999999999955e+02 0.000000000000000000e+00 1.474639999999999951e+01
9.631322000000000116e+02 0.000000000000000000e+00 1.543290000000000006e+01
9.638219000000000278e+02 0.000000000000000000e+00 1.644775999999999883e+01
9.645116000000000440e+02 0.000000000000000000e+00 1.750992000000000104e+01
9.652012300000000096e+02 0.000000000000000000e+00 1.867613000000000056e+01
9.658908699999999499e+02 0.000000000000000000e+00 2.012612999999999985e+01
9.665805100000000039e+02 0.000000000000000000e+00 2.164910000000000068e+01
9.672701399999999694e+02 0.000000000000000000e+00 2.295450999999999908e+01
9.679597199999999475e+02 0.000000000000000000e+00 2.413154000000000110e+01
9.686492899999999509e+02 0.000000000000000000e+00 2.516938000000000031e+01
9.693388700000000426e+02 0.000000000000000000e+00 2.592613000000000056e+01
9.700283799999999701e+02 0.000000000000000000e+00 2.643018999999999963e+01
9.707178999999999860e+02 0.000000000000000000e+00 2.717885000000000062e+01
9.714073499999999513e+02 0.000000000000000000e+00 2.783830000000000027e+01
9.720968599999999924e+02 0.000000000000000000e+00 2.874504999999999910e+01
9.727863200000000461e+02 0.000000000000000000e+00 2.988693999999999917e+01
9.734757100000000491e+02 0.000000000000000000e+00 3.083829000000000065e+01
9.741651600000000144e+02 0.000000000000000000e+00 3.180180000000000007e+01
9.748545500000000175e+02 0.000000000000000000e+00 3.276803000000000310e+01
9.755438799999999446e+02 0.000000000000000000e+00 3.384911999999999921e+01
9.762332800000000361e+02 0.000000000000000000e+00 3.507341999999999871e+01
9.769226099999999633e+02 0.000000000000000000e+00 3.735043999999999897e+01
9.776119400000000041e+02 0.000000000000000000e+00 3.930586000000000269e+01
9.783012099999999691e+02 0.000000000000000000e+00 4.146262000000000114e+01
9.789904800000000478e+02 0.000000000000000000e+00 4.388694000000000273e+01
9.796797500000000127e+02 0.000000000000000000e+00 4.681530999999999665e+01
9.803690199999999777e+02 0.000000000000000000e+00 4.995855999999999852e+01
9.810582299999999805e+02 0.000000000000000000e+00 5.273557999999999879e+01
9.817474399999999832e+02 0.000000000000000000e+00 5.674775999999999954e+01
9.824365800000000490e+02 0.000000000000000000e+00 6.068560000000000088e+01
9.831257299999999759e+02 0.000000000000000000e+00 6.363289999999999935e+01
9.838148800000000165e+02 0.000000000000000000e+00 6.654100999999999999e+01
9.845040299999999434e+02 0.000000000000000000e+00 6.908693999999999846e+01
9.851931200000000217e+02 0.000000000000000000e+00 7.265179999999999438e+01
9.858822000000000116e+02 0.000000000000000000e+00 7.502070999999999401e+01
9.865712899999999763e+02 0.000000000000000000e+00 7.701397000000000048e+01
9.872603100000000040e+02 0.000000000000000000e+00 7.843424000000000262e+01
9.879493400000000065e+02 0.000000000000000000e+00 8.014369000000000653e+01
9.886383700000000090e+02 0.000000000000000000e+00 8.145315999999999690e+01
9.893273299999999608e+02 0.000000000000000000e+00 8.222612999999999772e+01
9.900163000000000011e+02 0.000000000000000000e+00 8.180992000000000530e+01
9.907052599999999529e+02 0.000000000000000000e+00 8.072614000000000090e+01
9.913941700000000310e+02 0.000000000000000000e+00 7.945587000000000444e+01
9.920830700000000206e+02 0.000000000000000000e+00 7.767883999999999389e+01
9.927719700000000103e+02 0.000000000000000000e+00 7.577750000000000341e+01
9.934608799999999746e+02 0.000000000000000000e+00 7.266666999999999632e+01
9.941497200000000021e+02 0.000000000000000000e+00 6.958826999999999430e+01
9.948385600000000295e+02 0.000000000000000000e+00 6.660044000000000608e+01
9.955273399999999810e+02 0.000000000000000000e+00 6.340991000000000355e+01
9.962161300000000210e+02 0.000000000000000000e+00 6.071938000000000102e+01
9.969049099999999726e+02 0.000000000000000000e+00 5.779910999999999888e+01
9.975936900000000378e+02 0.000000000000000000e+00 5.412207999999999686e+01
9.982824100000000271e+02 0.000000000000000000e+00 5.086937999999999960e+01
9.989711300000000165e+02 0.000000000000000000e+00 4.835181000000000040e+01
9.996597900000000436e+02 0.000000000000000000e+00 4.536804000000000059e+01
1.000348449999999957e+03 0.000000000000000000e+00 4.280315999999999832e+01
1.001037109999999984e+03 0.000000000000000000e+00 4.027208000000000254e+01
1.001725770000000011e+03 0.000000000000000000e+00 3.799506000000000228e+01
1.002414369999999963e+03 0.000000000000000000e+00 3.587344999999999828e+01
1.003102970000000028e+03 0.000000000000000000e+00 3.420317000000000007e+01
1.003791560000000004e+03 0.000000000000000000e+00 3.191938000000000031e+01
1.004480099999999993e+03 0.000000000000000000e+00 3.023154999999999859e+01
1.005168639999999982e+03 0.000000000000000000e+00 2.882612999999999914e+01
1.005857179999999971e+03 0.000000000000000000e+00 2.765720999999999918e+01
1.006545650000000023e+03 0.000000000000000000e+00 2.640315000000000012e+01
1.007234130000000050e+03 0.000000000000000000e+00 2.460586999999999946e+01
1.007922609999999963e+03 0.000000000000000000e+00 2.361261999999999972e+01
1.008611020000000053e+03 0.000000000000000000e+00 2.253558999999999912e+01
1.009299440000000004e+03 0.000000000000000000e+00 2.164369999999999905e+01
1.009987849999999980e+03 0.000000000000000000e+00 2.044640000000000057e+01
1.010676270000000045e+03 0.000000000000000000e+00 1.982072000000000145e+01
1.011364619999999945e+03 0.000000000000000000e+00 1.940180000000000149e+01
1.012052919999999972e+03 0.000000000000000000e+00 1.870045000000000002e+01
1.012741269999999986e+03 0.000000000000000000e+00 1.824233999999999867e+01
1.013429570000000012e+03 0.000000000000000000e+00 1.791262000000000043e+01
1.014117859999999951e+03 0.000000000000000000e+00 1.763560000000000016e+01
1.014806090000000040e+03 0.000000000000000000e+00 1.756803000000000026e+01
1.015494320000000016e+03 0.000000000000000000e+00 1.713153000000000148e+01
1.016182559999999967e+03 0.000000000000000000e+00 1.677207999999999899e+01
1.016870790000000056e+03 0.000000000000000000e+00 1.632070999999999827e+01
1.017558959999999956e+03 0.000000000000000000e+00 1.603018000000000143e+01
1.018247129999999970e+03 0.000000000000000000e+00 1.584911999999999921e+01
1.018935240000000022e+03 0.000000000000000000e+00 1.561128000000000071e+01
1.019623349999999959e+03 0.000000000000000000e+00 1.499775999999999954e+01
1.020311460000000011e+03 0.000000000000000000e+00 1.468829999999999991e+01
1.020999569999999949e+03 0.000000000000000000e+00 1.480316999999999972e+01
1.021687620000000038e+03 0.000000000000000000e+00 1.517209000000000074e+01
1.022375670000000014e+03 0.000000000000000000e+00 1.530450000000000088e+01
1.023063719999999989e+03 0.000000000000000000e+00 1.517613000000000056e+01
1.023751710000000003e+03 0.000000000000000000e+00 1.533962999999999965e+01
1.024439699999999903e+03 0.000000000000000000e+00 1.543830999999999953e+01
1.025127690000000030e+03 0.000000000000000000e+00 1.566668999999999912e+01
1.025815550000000030e+03 0.000000000000000000e+00 1.585588000000000086e+01
1.026503539999999930e+03 0.000000000000000000e+00 1.632884999999999920e+01
1.027191409999999905e+03 0.000000000000000000e+00 1.685182999999999964e+01
1.027879269999999906e+03 0.000000000000000000e+00 1.752479999999999905e+01
1.028567140000000109e+03 0.000000000000000000e+00 1.812885999999999953e+01
1.029255000000000109e+03 0.000000000000000000e+00 1.881531999999999982e+01
1.029942870000000084e+03 0.000000000000000000e+00 1.913964999999999961e+01
1.030630619999999908e+03 0.000000000000000000e+00 1.952208999999999861e+01
1.031318479999999909e+03 0.000000000000000000e+00 1.988963999999999999e+01
1.032006229999999960e+03 0.000000000000000000e+00 2.071531999999999840e+01
1.032693970000000036e+03 0.000000000000000000e+00 2.195720999999999989e+01
1.033381710000000112e+03 0.000000000000000000e+00 2.256802000000000064e+01
1.034069340000000011e+03 0.000000000000000000e+00 2.402477000000000018e+01
1.034757080000000087e+03 0.000000000000000000e+00 2.529909999999999926e+01
1.035444700000000012e+03 0.000000000000000000e+00 2.657750000000000057e+01
1.036132319999999936e+03 0.000000000000000000e+00 2.706398000000000081e+01
1.036820069999999987e+03 0.000000000000000000e+00 2.749506999999999834e+01
1.037507569999999987e+03 0.000000000000000000e+00 2.809369999999999834e+01
1.038195189999999911e+03 0.000000000000000000e+00 2.893560000000000088e+01
1.038882810000000063e+03 0.000000000000000000e+00 2.976126999999999967e+01
1.039570310000000063e+03 0.000000000000000000e+00 3.039101000000000141e+01
1.040257810000000063e+03 0.000000000000000000e+00 3.080317000000000149e+01
1.040945310000000063e+03 0.000000000000000000e+00 3.128965000000000174e+01
1.041632810000000063e+03 0.000000000000000000e+00 3.137208000000000041e+01
1.042320310000000063e+03 0.000000000000000000e+00 3.106935999999999964e+01
1.043007689999999911e+03 0.000000000000000000e+00 3.057479000000000013e+01
1.043695189999999911e+03 0.000000000000000000e+00 3.027614000000000161e+01
1.044382569999999987e+03 0.000000000000000000e+00 3.007883999999999958e+01
1.045069950000000063e+03 0.000000000000000000e+00 2.980450000000000088e+01
1.045757319999999936e+03 0.000000000000000000e+00 2.882207000000000008e+01
1.046444700000000012e+03 0.000000000000000000e+00 2.763287000000000049e+01
1.047131959999999935e+03 0.000000000000000000e+00 2.660313999999999979e+01
1.047819340000000011e+03 0.000000000000000000e+00 2.588288999999999973e+01
1.048506589999999960e+03 0.000000000000000000e+00 2.494234000000000151e+01
1.049193850000000111e+03 0.000000000000000000e+00 2.402611999999999881e+01
1.049881100000000060e+03 0.000000000000000000e+00 2.293965000000000032e+01
1.050568359999999984e+03 0.000000000000000000e+00 2.218152999999999864e+01
1.051255490000000009e+03 0.000000000000000000e+00 2.142885000000000062e+01
1.051942749999999933e+03 0.000000000000000000e+00 2.031126000000000076e+01
1.052629879999999957e+03 0.000000000000000000e+00 1.924774000000000029e+01
1.053317019999999957e+03 0.000000000000000000e+00 1.853693000000000168e+01
1.054004149999999981e+03 0.000000000000000000e+00 1.800720000000000098e+01
1.054691280000000006e+03 0.000000000000000000e+00 1.755721000000000132e+01
1.055378300000000081e+03 0.000000000000000000e+00 1.657478000000000051e+01
1.056065430000000106e+03 0.000000000000000000e+00 1.550719999999999921e+01
1.056752439999999979e+03 0.000000000000000000e+00 1.480316000000000010e+01
1.057439450000000079e+03 0.000000000000000000e+00 1.443018000000000001e+01
1.058126459999999952e+03 0.000000000000000000e+00 1.412612999999999985e+01
1.058813480000000027e+03 0.000000000000000000e+00 1.351397000000000048e+01
1.059500489999999900e+03 0.000000000000000000e+00 1.310721000000000025e+01
1.060187380000000076e+03 0.000000000000000000e+00 1.302477000000000018e+01
1.060874270000000024e+03 0.000000000000000000e+00 1.313019000000000069e+01
1.061561159999999973e+03 0.000000000000000000e+00 1.312208000000000041e+01
1.062248049999999921e+03 0.000000000000000000e+00 1.309505000000000052e+01
1.062934940000000097e+03 0.000000000000000000e+00 1.288289999999999935e+01
1.063621830000000045e+03 0.000000000000000000e+00 1.245992999999999995e+01
1.064308590000000095e+03 0.000000000000000000e+00 1.204776999999999987e+01
1.064995480000000043e+03 0.000000000000000000e+00 1.191666999999999987e+01
1.065682250000000067e+03 0.000000000000000000e+00 1.190451000000000015e+01
1.066369020000000091e+03 0.000000000000000000e+00 1.190991000000000000e+01
1.067055659999999989e+03 0.000000000000000000e+00 1.172207000000000043e+01
1.067742430000000013e+03 0.000000000000000000e+00 1.178154999999999930e+01
1.068429080000000113e+03 0.000000000000000000e+00 1.163288999999999973e+01
1.069115839999999935e+03 0.000000000000000000e+00 1.156802000000000064e+01
1.069802490000000034e+03 0.000000000000000000e+00 1.150855999999999923e+01
1.070489139999999907e+03 0.000000000000000000e+00 1.138017999999999930e+01
1.071175780000000032e+03 0.000000000000000000e+00 1.148288999999999938e+01
1.071862300000000005e+03 0.000000000000000000e+00 1.151666999999999952e+01
1.072548950000000104e+03 0.000000000000000000e+00 1.177072000000000074e+01
1.073235470000000078e+03 0.000000000000000000e+00 1.187748999999999988e+01
1.073922000000000025e+03 0.000000000000000000e+00 1.165451000000000015e+01
1.074608519999999999e+03 0.000000000000000000e+00 1.118829999999999991e+01
1.075295039999999972e+03 0.000000000000000000e+00 1.126666999999999952e+01
1.075981569999999920e+03 0.000000000000000000e+00 1.168965999999999994e+01
1.076667969999999968e+03 0.000000000000000000e+00 1.208966000000000030e+01
1.077354370000000017e+03 0.000000000000000000e+00 1.198560999999999943e+01
1.078040770000000066e+03 0.000000000000000000e+00 1.156667999999999985e+01
1.078727169999999887e+03 0.000000000000000000e+00 1.129236000000000040e+01
1.079413569999999936e+03 0.000000000000000000e+00 1.136261999999999972e+01
1.080099979999999960e+03 0.000000000000000000e+00 1.165720999999999918e+01
1.080786250000000109e+03 0.000000000000000000e+00 1.151937000000000033e+01
1.081472659999999905e+03 0.000000000000000000e+00 1.138829999999999920e+01
1.082158940000000030e+03 0.000000000000000000e+00 1.081534000000000084e+01
1.082845209999999952e+03 0.000000000000000000e+00 1.048830000000000062e+01
1.083531369999999924e+03 0.000000000000000000e+00 9.968030000000000612e+00
1.084217650000000049e+03 0.000000000000000000e+00 9.924780000000000157e+00
1.084903929999999946e+03 0.000000000000000000e+00 1.006262000000000079e+01
1.085590089999999918e+03 0.000000000000000000e+00 1.012344000000000044e+01
1.086276249999999891e+03 0.000000000000000000e+00 1.015992999999999924e+01
1.086962399999999889e+03 0.000000000000000000e+00 1.013424000000000014e+01
1.087648560000000089e+03 0.000000000000000000e+00 1.019909999999999961e+01
1.088334589999999935e+03 0.000000000000000000e+00 1.008018999999999998e+01
1.089020749999999907e+03 0.000000000000000000e+00 9.599119999999999209e+00
1.089706789999999955e+03 0.000000000000000000e+00 9.370739999999999625e+00
1.090392820000000029e+03 0.000000000000000000e+00 9.449130000000000251e+00
1.091078860000000077e+03 0.000000000000000000e+00 9.439659999999999940e+00
1.091764889999999923e+03 0.000000000000000000e+00 9.354509999999999437e+00
1.092450810000000047e+03 0.000000000000000000e+00 9.354520000000000834e+00
1.093136839999999893e+03 0.000000000000000000e+00 9.420719999999999317e+00
1.093822750000000042e+03 0.000000000000000000e+00 9.350450000000000372e+00
1.094508669999999938e+03 0.000000000000000000e+00 9.265319999999999112e+00
1.095194580000000087e+03 0.000000000000000000e+00 9.403159999999999741e+00
1.095880490000000009e+03 0.000000000000000000e+00 9.545040000000000191e+00
1.096566409999999905e+03 0.000000000000000000e+00 9.419370000000000687e+00
1.097252199999999903e+03 0.000000000000000000e+00 9.509900000000000020e+00
1.097937989999999900e+03 0.000000000000000000e+00 9.612610000000000099e+00
1.098623779999999897e+03 0.000000000000000000e+00 9.930199999999999250e+00
1.099309569999999894e+03 0.000000000000000000e+00 1.033694999999999986e+01
1.099995359999999891e+03 0.000000000000000000e+00 1.037344000000000044e+01
1.100681149999999889e+03 0.000000000000000000e+00 1.056126000000000076e+01
1.101366819999999962e+03 0.000000000000000000e+00 1.098694000000000059e+01
1.102052490000000034e+03 0.000000000000000000e+00 1.121801999999999921e+01
1.102738160000000107e+03 0.000000000000000000e+00 1.108558999999999983e+01
1.103423829999999953e+03 0.000000000000000000e+00 1.106398000000000081e+01
1.104109500000000025e+03 0.000000000000000000e+00 1.176803999999999917e+01
1.104795170000000098e+03 0.000000000000000000e+00 1.241397000000000084e+01
1.105480710000000045e+03 0.000000000000000000e+00 1.279911000000000065e+01
1.106166259999999966e+03 0.000000000000000000e+00 1.335990999999999929e+01
1.106851809999999887e+03 0.000000000000000000e+00 1.393154000000000003e+01
1.107537350000000060e+03 0.000000000000000000e+00 1.449235999999999969e+01
1.108222899999999981e+03 0.000000000000000000e+00 1.529912000000000027e+01
1.108908449999999903e+03 0.000000000000000000e+00 1.626531999999999911e+01
1.109593869999999924e+03 0.000000000000000000e+00 1.683695000000000164e+01
1.110279299999999921e+03 0.000000000000000000e+00 1.739911000000000030e+01
1.110964719999999943e+03 0.000000000000000000e+00 1.800316000000000116e+01
1.111650149999999940e+03 0.000000000000000000e+00 1.898019000000000034e+01
1.112335569999999962e+03 0.000000000000000000e+00 2.000587000000000160e+01
1.113020999999999958e+03 0.000000000000000000e+00 2.073695000000000022e+01
1.113706300000000056e+03 0.000000000000000000e+00 2.148695000000000022e+01
1.114391599999999926e+03 0.000000000000000000e+00 2.245855999999999852e+01
1.115076900000000023e+03 0.000000000000000000e+00 2.353290000000000148e+01
1.115762210000000096e+03 0.000000000000000000e+00 2.419643999999999906e+01
1.116447509999999966e+03 0.000000000000000000e+00 2.448967000000000027e+01
1.117132689999999911e+03 0.000000000000000000e+00 2.520182000000000144e+01
1.117817990000000009e+03 0.000000000000000000e+00 2.620721999999999952e+01
1.118503169999999955e+03 0.000000000000000000e+00 2.730453999999999937e+01
1.119188349999999900e+03 0.000000000000000000e+00 2.831938999999999851e+01
1.119873540000000048e+03 0.000000000000000000e+00 2.957344000000000150e+01
1.120558590000000095e+03 0.000000000000000000e+00 3.075856999999999886e+01
1.121243770000000040e+03 0.000000000000000000e+00 3.126936999999999856e+01
1.121928830000000062e+03 0.000000000000000000e+00 3.171939000000000064e+01
1.122613890000000083e+03 0.000000000000000000e+00 3.229370999999999725e+01
1.123298950000000104e+03 0.000000000000000000e+00 3.306936999999999927e+01
1.123984009999999898e+03 0.000000000000000000e+00 3.365722000000000236e+01
1.124669069999999920e+03 0.000000000000000000e+00 3.381938999999999851e+01
1.125354000000000042e+03 0.000000000000000000e+00 3.411533000000000015e+01
1.126039060000000063e+03 0.000000000000000000e+00 3.443829000000000207e+01
1.126723999999999933e+03 0.000000000000000000e+00 3.511261999999999972e+01
1.127408940000000030e+03 0.000000000000000000e+00 3.509098999999999791e+01
1.128093869999999924e+03 0.000000000000000000e+00 3.524371000000000009e+01
1.128778690000000097e+03 0.000000000000000000e+00 3.554912000000000205e+01
1.129463619999999992e+03 0.000000000000000000e+00 3.575451000000000334e+01
1.130148439999999937e+03 0.000000000000000000e+00 3.561668000000000234e+01
1.130833249999999907e+03 0.000000000000000000e+00 3.534100000000000108e+01
1.131518070000000080e+03 0.000000000000000000e+00 3.489101000000000141e+01
1.132202880000000050e+03 0.000000000000000000e+00 3.410858000000000345e+01
1.132887699999999995e+03 0.000000000000000000e+00 3.406396000000000157e+01
1.133572390000000041e+03 0.000000000000000000e+00 3.439099999999999824e+01
1.134257080000000087e+03 0.000000000000000000e+00 3.507206999999999653e+01
1.134941769999999906e+03 0.000000000000000000e+00 3.580722999999999701e+01
1.135626459999999952e+03 0.000000000000000000e+00 3.621531999999999840e+01
1.136311159999999973e+03 0.000000000000000000e+00 3.696800999999999959e+01
1.136995850000000019e+03 0.000000000000000000e+00 3.737342000000000297e+01
1.137680419999999913e+03 0.000000000000000000e+00 3.789236999999999966e+01
1.138364990000000034e+03 0.000000000000000000e+00 3.777208999999999861e+01
1.139049559999999929e+03 0.000000000000000000e+00 3.801532000000000266e+01
1.139734130000000050e+03 0.000000000000000000e+00 3.823828999999999922e+01
1.140418699999999944e+03 0.000000000000000000e+00 3.878150999999999726e+01
1.141103149999999914e+03 0.000000000000000000e+00 3.879910000000000281e+01
1.141787720000000036e+03 0.000000000000000000e+00 3.887749999999999773e+01
1.142472170000000006e+03 0.000000000000000000e+00 3.899372999999999934e+01
1.143156619999999975e+03 0.000000000000000000e+00 3.914235000000000042e+01
1.143841059999999970e+03 0.000000000000000000e+00 3.907209000000000287e+01
1.144525509999999940e+03 0.000000000000000000e+00 3.995857000000000170e+01
1.145209839999999986e+03 0.000000000000000000e+00 4.010721000000000203e+01
1.145894289999999955e+03 0.000000000000000000e+00 4.047614000000000090e+01
1.146578610000000026e+03 0.000000000000000000e+00 4.073696999999999946e+01
1.147262940000000071e+03 0.000000000000000000e+00 4.101532000000000266e+01
1.147947269999999889e+03 0.000000000000000000e+00 4.124909000000000248e+01
1.148631470000000036e+03 0.000000000000000000e+00 4.135314999999999941e+01
1.149315800000000081e+03 0.000000000000000000e+00 4.104232999999999976e+01
1.150000000000000000e+03 0.000000000000000000e+00 4.039911000000000030e+01
1.150684199999999919e+03 0.000000000000000000e+00 4.031803000000000026e+01
1.151368410000000040e+03 0.000000000000000000e+00 3.988830999999999705e+01
1.152052609999999959e+03 0.000000000000000000e+00 3.967613999999999663e+01
1.152736820000000080e+03 0.000000000000000000e+00 3.920723999999999876e+01
1.153420900000000074e+03 0.000000000000000000e+00 3.829370000000000118e+01
1.154104980000000069e+03 0.000000000000000000e+00 3.761802000000000135e+01
1.154789060000000063e+03 0.000000000000000000e+00 3.693153999999999826e+01
1.155473140000000058e+03 0.000000000000000000e+00 3.627613000000000198e+01
1.156157230000000027e+03 0.000000000000000000e+00 3.513828000000000173e+01
1.156841310000000021e+03 0.000000000000000000e+00 3.423423999999999978e+01
1.157525270000000091e+03 0.000000000000000000e+00 3.317204999999999870e+01
1.158209229999999934e+03 0.000000000000000000e+00 3.214233999999999725e+01
1.158893190000000004e+03 0.000000000000000000e+00 3.124370000000000047e+01
1.159577150000000074e+03 0.000000000000000000e+00 3.002611999999999881e+01
1.160261109999999917e+03 0.000000000000000000e+00 2.869234000000000151e+01
1.160945069999999987e+03 0.000000000000000000e+00 2.766126999999999825e+01
1.161628909999999905e+03 0.000000000000000000e+00 2.686664999999999992e+01
1.162312740000000076e+03 0.000000000000000000e+00 2.618152999999999864e+01
1.162996579999999994e+03 0.000000000000000000e+00 2.543153999999999826e+01
1.163680419999999913e+03 0.000000000000000000e+00 2.480585999999999913e+01
1.164364260000000058e+03 0.000000000000000000e+00 2.420044000000000040e+01
1.165047970000000078e+03 0.000000000000000000e+00 2.344503999999999877e+01
1.165731809999999996e+03 0.000000000000000000e+00 2.278424000000000049e+01
1.166415529999999990e+03 0.000000000000000000e+00 2.227343000000000117e+01
1.167099240000000009e+03 0.000000000000000000e+00 2.161801000000000172e+01
1.167782840000000078e+03 0.000000000000000000e+00 2.041804000000000130e+01
1.168466550000000097e+03 0.000000000000000000e+00 1.976802999999999955e+01
1.169150270000000091e+03 0.000000000000000000e+00 1.946531999999999840e+01
1.169833859999999959e+03 0.000000000000000000e+00 1.916263000000000005e+01
1.170517460000000028e+03 0.000000000000000000e+00 1.871397999999999939e+01
1.171201049999999896e+03 0.000000000000000000e+00 1.787207000000000079e+01
1.171884639999999990e+03 0.000000000000000000e+00 1.742612000000000094e+01
1.172568119999999908e+03 0.000000000000000000e+00 1.709775000000000134e+01
1.173251710000000003e+03 0.000000000000000000e+00 1.684234999999999971e+01
1.173935179999999946e+03 0.000000000000000000e+00 1.624370000000000047e+01
1.174618649999999889e+03 0.000000000000000000e+00 1.610856000000000066e+01
1.175302120000000059e+03 0.000000000000000000e+00 1.612342999999999904e+01
1.175985599999999977e+03 0.000000000000000000e+00 1.590451999999999977e+01
1.176668949999999995e+03 0.000000000000000000e+00 1.530044999999999966e+01
1.177352419999999938e+03 0.000000000000000000e+00 1.487341999999999942e+01
1.178035769999999957e+03 0.000000000000000000e+00 1.484234000000000009e+01
1.178719119999999975e+03 0.000000000000000000e+00 1.478828000000000031e+01
1.179402469999999994e+03 0.000000000000000000e+00 1.434234999999999971e+01
1.180085690000000113e+03 0.000000000000000000e+00 1.441802999999999990e+01
1.180769039999999904e+03 0.000000000000000000e+00 1.423291000000000039e+01
1.181452269999999999e+03 0.000000000000000000e+00 1.405991999999999997e+01
1.182135500000000093e+03 0.000000000000000000e+00 1.369773999999999958e+01
1.182818729999999960e+03 0.000000000000000000e+00 1.335178999999999938e+01
1.183501950000000079e+03 0.000000000000000000e+00 1.299639999999999951e+01
1.184185179999999946e+03 0.000000000000000000e+00 1.300990999999999964e+01
1.184868289999999888e+03 0.000000000000000000e+00 1.273151999999999973e+01
1.185551390000000083e+03 0.000000000000000000e+00 1.215854000000000035e+01
1.186234500000000025e+03 0.000000000000000000e+00 1.143962999999999930e+01
1.186917599999999993e+03 0.000000000000000000e+00 1.127477999999999980e+01
1.187600709999999935e+03 0.000000000000000000e+00 1.124505000000000088e+01
1.188283809999999903e+03 0.000000000000000000e+00 1.131260999999999939e+01
1.188966799999999921e+03 0.000000000000000000e+00 1.132746999999999993e+01
1.189649779999999964e+03 0.000000000000000000e+00 1.088828999999999958e+01
1.190332760000000007e+03 0.000000000000000000e+00 1.052480000000000082e+01
1.191015750000000025e+03 0.000000000000000000e+00 1.039236000000000004e+01
1.191698730000000069e+03 0.000000000000000000e+00 1.054504999999999981e+01
1.192381589999999960e+03 0.000000000000000000e+00 1.041395999999999944e+01
1.193064579999999978e+03 0.000000000000000000e+00 1.001802999999999955e+01
1.193747440000000097e+03 0.000000000000000000e+00 9.586949999999999861e+00
1.194430299999999988e+03 0.000000000000000000e+00 9.536949999999999150e+00
1.195113160000000107e+03 0.000000000000000000e+00 9.377499999999999503e+00
1.195795900000000074e+03 0.000000000000000000e+00 9.132910000000000750e+00
1.196478759999999966e+03 0.000000000000000000e+00 9.051830000000000709e+00
1.197161499999999933e+03 0.000000000000000000e+00 8.824769999999999115e+00
1.197844239999999900e+03 0.000000000000000000e+00 8.686949999999999505e+00
1.198526980000000094e+03 0.000000000000000000e+00 8.420730000000000715e+00
1.199209720000000061e+03 0.000000000000000000e+00 8.432890000000000441e+00
1.199892329999999902e+03 0.000000000000000000e+00 8.412610000000000809e+00
1.200575070000000096e+03 0.000000000000000000e+00 8.453160000000000451e+00
1.201257689999999911e+03 0.000000000000000000e+00 8.243719999999999715e+00
1.201940309999999954e+03 0.000000000000000000e+00 8.027540000000000120e+00
1.202622920000000022e+03 0.000000000000000000e+00 7.909930000000000128e+00
1.203305540000000065e+03 0.000000000000000000e+00 7.843709999999999738e+00
1.203988039999999955e+03 0.000000000000000000e+00 7.520730000000000359e+00
1.204670650000000023e+03 0.000000000000000000e+00 7.288310000000000066e+00
1.205353149999999914e+03 0.000000000000000000e+00 6.913990000000000080e+00
1.206035640000000058e+03 0.000000000000000000e+00 6.851820000000000022e+00
1.206718139999999948e+03 0.000000000000000000e+00 6.942350000000000243e+00
1.207400509999999940e+03 0.000000000000000000e+00 6.949099999999999611e+00
1.208083010000000058e+03 0.000000000000000000e+00 6.795040000000000191e+00
1.208765380000000050e+03 0.000000000000000000e+00 6.553149999999999586e+00
1.209447750000000042e+03 0.000000000000000000e+00 6.295040000000000191e+00
1.210130130000000008e+03 0.000000000000000000e+00 6.236950000000000216e+00
1.210812500000000000e+03 0.000000000000000000e+00 6.507209999999999717e+00
1.211494750000000067e+03 0.000000000000000000e+00 6.578829999999999956e+00
1.212177120000000059e+03 0.000000000000000000e+00 6.501789999999999736e+00
1.212859380000000101e+03 0.000000000000000000e+00 6.466680000000000206e+00
1.213541629999999941e+03 0.000000000000000000e+00 6.473419999999999952e+00
1.214223880000000008e+03 0.000000000000000000e+00 6.090980000000000061e+00
1.214906009999999924e+03 0.000000000000000000e+00 5.584229999999999805e+00
1.215588259999999991e+03 0.000000000000000000e+00 5.442350000000000243e+00
1.216270389999999907e+03 0.000000000000000000e+00 5.523450000000000415e+00
1.216952510000000075e+03 0.000000000000000000e+00 5.299120000000000275e+00
1.217634639999999990e+03 0.000000000000000000e+00 5.215340000000000309e+00
1.218316769999999906e+03 0.000000000000000000e+00 5.349109999999999587e+00
1.218998900000000049e+03 0.000000000000000000e+00 5.150470000000000326e+00
1.219680910000000040e+03 0.000000000000000000e+00 5.228850000000000442e+00
1.220363039999999955e+03 0.000000000000000000e+00 4.982879999999999754e+00
1.221045039999999972e+03 0.000000000000000000e+00 5.162600000000000300e+00
1.221727049999999963e+03 0.000000000000000000e+00 5.159930000000000128e+00
1.222408940000000030e+03 0.000000000000000000e+00 5.197779999999999845e+00
1.223090940000000046e+03 0.000000000000000000e+00 5.001820000000000377e+00
1.223772830000000113e+03 0.000000000000000000e+00 5.123440000000000438e+00
1.224454709999999977e+03 0.000000000000000000e+00 5.328859999999999708e+00
1.225136600000000044e+03 0.000000000000000000e+00 5.177520000000000344e+00
1.225818479999999909e+03 0.000000000000000000e+00 4.881560000000000343e+00
1.226500369999999975e+03 0.000000000000000000e+00 4.796389999999999709e+00
1.227182129999999916e+03 0.000000000000000000e+00 4.661290000000000155e+00
1.227864010000000007e+03 0.000000000000000000e+00 4.516689999999999650e+00
1.228545779999999922e+03 0.000000000000000000e+00 4.539649999999999963e+00
1.229227540000000090e+03 0.000000000000000000e+00 4.454519999999999591e+00
1.229909180000000106e+03 0.000000000000000000e+00 4.982879999999999754e+00
1.230590940000000046e+03 0.000000000000000000e+00 4.858539999999999637e+00
1.231272580000000062e+03 0.000000000000000000e+00 4.939659999999999940e+00
1.231954349999999977e+03 0.000000000000000000e+00 4.718029999999999724e+00
1.232635989999999993e+03 0.000000000000000000e+00 4.862630000000000230e+00
1.233317630000000008e+03 0.000000000000000000e+00 4.576139999999999652e+00
1.233999150000000100e+03 0.000000000000000000e+00 4.412609999999999921e+00
1.234680789999999888e+03 0.000000000000000000e+00 4.182850000000000179e+00
1.235362300000000005e+03 0.000000000000000000e+00 4.170700000000000074e+00
1.236043820000000096e+03 0.000000000000000000e+00 4.069359999999999644e+00
1.236725339999999960e+03 0.000000000000000000e+00 3.977479999999999905e+00
1.237406860000000052e+03 0.000000000000000000e+00 3.801820000000000199e+00
1.238088379999999916e+03 0.000000000000000000e+00 4.058589999999999698e+00
1.238769780000000083e+03 0.000000000000000000e+00 4.027490000000000236e+00
1.239451170000000047e+03 0.000000000000000000e+00 3.970759999999999845e+00
1.240132569999999987e+03 0.000000000000000000e+00 4.300460000000000171e+00
1.240813959999999952e+03 0.000000000000000000e+00 4.572099999999999831e+00
1.241495359999999891e+03 0.000000000000000000e+00 4.777510000000000367e+00
1.242176760000000058e+03 0.000000000000000000e+00 4.938299999999999912e+00
1.242858030000000099e+03 0.000000000000000000e+00 4.800489999999999924e+00
1.243539309999999887e+03 0.000000000000000000e+00 4.673429999999999751e+00
1.244220579999999927e+03 0.000000000000000000e+00 4.326159999999999783e+00
1.244901859999999942e+03 0.000000000000000000e+00 3.988319999999999865e+00
1.245583129999999983e+03 0.000000000000000000e+00 3.972090000000000121e+00
1.246264280000000099e+03 0.000000000000000000e+00 4.182890000000000441e+00
1.246945429999999988e+03 0.000000000000000000e+00 4.476130000000000386e+00
1.247626590000000078e+03 0.000000000000000000e+00 4.673449999999999882e+00
1.248307739999999967e+03 0.000000000000000000e+00 4.850489999999999746e+00
1.248988890000000083e+03 0.000000000000000000e+00 4.934249999999999581e+00
1.249670039999999972e+03 0.000000000000000000e+00 4.758560000000000123e+00
1.250351069999999936e+03 0.000000000000000000e+00 4.554529999999999745e+00
1.251032099999999900e+03 0.000000000000000000e+00 4.680189999999999628e+00
1.251713130000000092e+03 0.000000000000000000e+00 4.520699999999999719e+00
1.252394170000000031e+03 0.000000000000000000e+00 4.467990000000000350e+00
1.253075199999999995e+03 0.000000000000000000e+00 4.412589999999999790e+00
1.253756100000000060e+03 0.000000000000000000e+00 4.896399999999999864e+00
1.254437130000000025e+03 0.000000000000000000e+00 5.203149999999999942e+00
1.255118040000000065e+03 0.000000000000000000e+00 5.095040000000000013e+00
1.255798950000000104e+03 0.000000000000000000e+00 4.690970000000000084e+00
1.256479739999999993e+03 0.000000000000000000e+00 4.703129999999999811e+00
1.257160640000000058e+03 0.000000000000000000e+00 5.050440000000000040e+00
1.257841429999999946e+03 0.000000000000000000e+00 5.274779999999999802e+00
1.258522220000000061e+03 0.000000000000000000e+00 5.315299999999999692e+00
1.259202999999999975e+03 0.000000000000000000e+00 5.570730000000000182e+00
1.259883790000000090e+03 0.000000000000000000e+00 5.919380000000000308e+00
1.260564579999999978e+03 0.000000000000000000e+00 6.184260000000000090e+00
1.261245239999999967e+03 0.000000000000000000e+00 5.940990000000000215e+00
1.261926030000000083e+03 0.000000000000000000e+00 5.928799999999999848e+00
1.262606690000000071e+03 0.000000000000000000e+00 6.192319999999999602e+00
1.263287350000000060e+03 0.000000000000000000e+00 6.631520000000000081e+00
1.263968020000000024e+03 0.000000000000000000e+00 6.828850000000000087e+00
1.264648560000000089e+03 0.000000000000000000e+00 6.662620000000000431e+00
1.265329220000000078e+03 0.000000000000000000e+00 6.800449999999999662e+00
1.266009769999999889e+03 0.000000000000000000e+00 6.909930000000000128e+00
1.266690309999999954e+03 0.000000000000000000e+00 7.351860000000000284e+00
1.267370850000000019e+03 0.000000000000000000e+00 7.758610000000000007e+00
1.268051269999999931e+03 0.000000000000000000e+00 8.095079999999999387e+00
1.268731809999999996e+03 0.000000000000000000e+00 8.189669999999999561e+00
1.269412229999999909e+03 0.000000000000000000e+00 8.224809999999999732e+00
1.270092650000000049e+03 0.000000000000000000e+00 8.030179999999999652e+00
1.270773069999999962e+03 0.000000000000000000e+00 8.192330000000000112e+00
1.271453490000000102e+03 0.000000000000000000e+00 8.115339999999999776e+00
1.272133910000000014e+03 0.000000000000000000e+00 8.147750000000000270e+00
1.272814210000000003e+03 0.000000000000000000e+00 8.176130000000000564e+00
1.273494509999999991e+03 0.000000000000000000e+00 8.320719999999999672e+00
1.274174800000000005e+03 0.000000000000000000e+00 8.112600000000000477e+00
1.274855099999999993e+03 0.000000000000000000e+00 8.147729999999999251e+00
1.275535399999999981e+03 0.000000000000000000e+00 8.377449999999999619e+00
1.276215580000000045e+03 0.000000000000000000e+00 8.585589999999999833e+00
1.276895870000000059e+03 0.000000000000000000e+00 8.580170000000000741e+00
1.277576049999999896e+03 0.000000000000000000e+00 8.508570000000000633e+00
1.278256229999999960e+03 0.000000000000000000e+00 8.542370000000000019e+00
1.278936279999999897e+03 0.000000000000000000e+00 8.623419999999999419e+00
1.279616459999999961e+03 0.000000000000000000e+00 8.647759999999999891e+00
1.280296509999999898e+03 0.000000000000000000e+00 8.642369999999999663e+00
1.280976560000000063e+03 0.000000000000000000e+00 8.578839999999999577e+00
1.281656739999999900e+03 0.000000000000000000e+00 8.307209999999999539e+00
1.282336669999999913e+03 0.000000000000000000e+00 7.984230000000000160e+00
1.283016720000000078e+03 0.000000000000000000e+00 7.881540000000000212e+00
1.283696779999999990e+03 0.000000000000000000e+00 8.031570000000000320e+00
1.284376710000000003e+03 0.000000000000000000e+00 7.978830000000000311e+00
1.285056640000000016e+03 0.000000000000000000e+00 8.261260000000000048e+00
1.285736570000000029e+03 0.000000000000000000e+00 8.242380000000000706e+00
1.286416500000000042e+03 0.000000000000000000e+00 8.328870000000000218e+00
1.287096309999999903e+03 0.000000000000000000e+00 8.455880000000000507e+00
1.287776249999999891e+03 0.000000000000000000e+00 8.304520000000000124e+00
1.288456050000000005e+03 0.000000000000000000e+00 8.063990000000000435e+00
1.289135860000000093e+03 0.000000000000000000e+00 7.797780000000000378e+00
1.289815669999999955e+03 0.000000000000000000e+00 7.876170000000000115e+00
1.290495359999999891e+03 0.000000000000000000e+00 7.877510000000000012e+00
1.291175169999999980e+03 0.000000000000000000e+00 7.765320000000000000e+00
1.291854859999999917e+03 0.000000000000000000e+00 7.754500000000000171e+00
1.292534550000000081e+03 0.000000000000000000e+00 7.927450000000000330e+00
1.293214230000000043e+03 0.000000000000000000e+00 8.034219999999999473e+00
1.293893919999999980e+03 0.000000000000000000e+00 7.493669999999999831e+00
1.294573489999999993e+03 0.000000000000000000e+00 7.154499999999999638e+00
1.295253169999999955e+03 0.000000000000000000e+00 6.951819999999999666e+00
1.295932739999999967e+03 0.000000000000000000e+00 6.836940000000000239e+00
1.296612300000000005e+03 0.000000000000000000e+00 6.445050000000000168e+00
1.297291870000000017e+03 0.000000000000000000e+00 6.403179999999999872e+00
1.297971309999999903e+03 0.000000000000000000e+00 6.388320000000000221e+00
1.298650879999999916e+03 0.000000000000000000e+00 6.597760000000000069e+00
1.299330320000000029e+03 0.000000000000000000e+00 6.446410000000000196e+00
1.300009769999999889e+03 0.000000000000000000e+00 6.324770000000000003e+00
1.300689210000000003e+03 0.000000000000000000e+00 5.872090000000000032e+00
1.301368649999999889e+03 0.000000000000000000e+00 5.708580000000000432e+00
1.302047970000000078e+03 0.000000000000000000e+00 5.735599999999999810e+00
1.302727290000000039e+03 0.000000000000000000e+00 5.936930000000000263e+00
1.303406739999999900e+03 0.000000000000000000e+00 6.009920000000000151e+00
1.304085939999999937e+03 0.000000000000000000e+00 6.151860000000000106e+00
1.304765259999999898e+03 0.000000000000000000e+00 5.984270000000000422e+00
1.305444580000000087e+03 0.000000000000000000e+00 6.039640000000000342e+00
1.306123779999999897e+03 0.000000000000000000e+00 5.915370000000000239e+00
1.306802979999999934e+03 0.000000000000000000e+00 6.001829999999999998e+00
1.307482299999999896e+03 0.000000000000000000e+00 5.665350000000000108e+00
1.308161380000000008e+03 0.000000000000000000e+00 5.839669999999999916e+00
1.308840580000000045e+03 0.000000000000000000e+00 6.095069999999999766e+00
1.309519780000000083e+03 0.000000000000000000e+00 6.055880000000000152e+00
1.310198849999999993e+03 0.000000000000000000e+00 5.874810000000000088e+00
1.310877930000000106e+03 0.000000000000000000e+00 5.716700000000000337e+00
1.311557009999999991e+03 0.000000000000000000e+00 5.597749999999999559e+00
1.312236079999999902e+03 0.000000000000000000e+00 5.442339999999999733e+00
1.312915040000000090e+03 0.000000000000000000e+00 5.178840000000000110e+00
1.313594119999999975e+03 0.000000000000000000e+00 5.139630000000000365e+00
1.314273069999999962e+03 0.000000000000000000e+00 5.026139999999999830e+00
1.314952029999999922e+03 0.000000000000000000e+00 4.928829999999999600e+00
1.315630979999999909e+03 0.000000000000000000e+00 4.538269999999999804e+00
1.316309809999999970e+03 0.000000000000000000e+00 4.222080000000000055e+00
1.316988769999999931e+03 0.000000000000000000e+00 4.357210000000000250e+00
1.317667599999999993e+03 0.000000000000000000e+00 4.576130000000000031e+00
1.318346440000000030e+03 0.000000000000000000e+00 4.773430000000000284e+00
1.319025270000000091e+03 0.000000000000000000e+00 4.947750000000000092e+00
1.319704099999999926e+03 0.000000000000000000e+00 4.739639999999999631e+00
1.320382810000000063e+03 0.000000000000000000e+00 4.734219999999999651e+00
1.321061519999999973e+03 0.000000000000000000e+00 4.549080000000000013e+00
1.321740360000000010e+03 0.000000000000000000e+00 4.545049999999999812e+00
1.322419069999999920e+03 0.000000000000000000e+00 4.722089999999999677e+00
1.323097659999999905e+03 0.000000000000000000e+00 4.515320000000000000e+00
1.323776370000000043e+03 0.000000000000000000e+00 4.323439999999999728e+00
1.324454960000000028e+03 0.000000000000000000e+00 4.262629999999999697e+00
1.325133669999999938e+03 0.000000000000000000e+00 4.307220000000000049e+00
1.325812259999999924e+03 0.000000000000000000e+00 4.501839999999999620e+00
1.326490720000000010e+03 0.000000000000000000e+00 4.454530000000000101e+00
1.327169309999999996e+03 0.000000000000000000e+00 4.109919999999999796e+00
1.327847899999999981e+03 0.000000000000000000e+00 3.912640000000000118e+00
1.328526370000000043e+03 0.000000000000000000e+00 3.745060000000000056e+00
1.329204829999999902e+03 0.000000000000000000e+00 3.282890000000000086e+00
1.329883299999999963e+03 0.000000000000000000e+00 3.307220000000000049e+00
1.330561770000000024e+03 0.000000000000000000e+00 3.713979999999999837e+00
1.331240109999999959e+03 0.000000000000000000e+00 3.686949999999999950e+00
1.331918580000000020e+03 0.000000000000000000e+00 3.654520000000000213e+00
1.332596919999999955e+03 0.000000000000000000e+00 3.778830000000000133e+00
1.333275270000000091e+03 0.000000000000000000e+00 3.703170000000000073e+00
1.333953610000000026e+03 0.000000000000000000e+00 3.726129999999999942e+00
1.334631840000000011e+03 0.000000000000000000e+00 3.390979999999999883e+00
1.335310179999999946e+03 0.000000000000000000e+00 3.105869999999999909e+00
1.335988399999999956e+03 0.000000000000000000e+00 2.803179999999999783e+00
1.336666629999999941e+03 0.000000000000000000e+00 2.690999999999999837e+00
1.337344849999999951e+03 0.000000000000000000e+00 2.526149999999999896e+00
1.338022950000000037e+03 0.000000000000000000e+00 2.550460000000000171e+00
1.338701170000000047e+03 0.000000000000000000e+00 2.638279999999999959e+00
1.339379269999999906e+03 0.000000000000000000e+00 2.893679999999999808e+00
1.340057369999999992e+03 0.000000000000000000e+00 2.803189999999999849e+00
1.340735470000000078e+03 0.000000000000000000e+00 2.777530000000000054e+00
1.341413569999999936e+03 0.000000000000000000e+00 2.585640000000000160e+00
1.342091550000000097e+03 0.000000000000000000e+00 2.374830000000000219e+00
1.342769649999999956e+03 0.000000000000000000e+00 2.172159999999999869e+00
1.343447629999999890e+03 0.000000000000000000e+00 2.403210000000000068e+00
1.344125610000000052e+03 0.000000000000000000e+00 2.580220000000000180e+00
1.344803589999999986e+03 0.000000000000000000e+00 2.811269999999999936e+00
1.345481449999999995e+03 0.000000000000000000e+00 2.489650000000000141e+00
1.346159419999999955e+03 0.000000000000000000e+00 1.988329999999999931e+00
1.346837279999999964e+03 0.000000000000000000e+00 1.882929999999999993e+00
1.347515139999999974e+03 0.000000000000000000e+00 1.982939999999999925e+00
1.348192990000000009e+03 0.000000000000000000e+00 1.949160000000000004e+00
1.348870850000000019e+03 0.000000000000000000e+00 2.004519999999999857e+00
1.349548579999999902e+03 0.000000000000000000e+00 2.226119999999999877e+00
1.350226319999999987e+03 0.000000000000000000e+00 2.190980000000000150e+00
1.350904170000000022e+03 0.000000000000000000e+00 2.128829999999999778e+00
1.351581789999999955e+03 0.000000000000000000e+00 2.054489999999999927e+00
1.352259520000000066e+03 0.000000000000000000e+00 2.281519999999999992e+00
1.352937259999999924e+03 0.000000000000000000e+00 2.213960000000000150e+00
1.353614870000000110e+03 0.000000000000000000e+00 2.300440000000000040e+00
1.354292480000000069e+03 0.000000000000000000e+00 2.388269999999999893e+00
1.354970090000000027e+03 0.000000000000000000e+00 2.328819999999999890e+00
1.355647709999999961e+03 0.000000000000000000e+00 2.005850000000000133e+00
1.356325319999999920e+03 0.000000000000000000e+00 1.853159999999999918e+00
1.357002809999999954e+03 0.000000000000000000e+00 1.857210000000000027e+00
1.357680299999999988e+03 0.000000000000000000e+00 1.959880000000000067e+00
1.358357790000000023e+03 0.000000000000000000e+00 1.880190000000000028e+00
1.359035280000000057e+03 0.000000000000000000e+00 1.708569999999999922e+00
1.359712770000000091e+03 0.000000000000000000e+00 1.816680000000000073e+00
1.360390139999999974e+03 0.000000000000000000e+00 1.923440000000000039e+00
1.361067630000000008e+03 0.000000000000000000e+00 1.918050000000000033e+00
1.361744999999999891e+03 0.000000000000000000e+00 1.620730000000000004e+00
1.362422360000000026e+03 0.000000000000000000e+00 1.534259999999999957e+00
1.363099609999999984e+03 0.000000000000000000e+00 1.705869999999999997e+00
1.363776980000000094e+03 0.000000000000000000e+00 1.742350000000000065e+00
1.364454220000000078e+03 0.000000000000000000e+00 1.688290000000000068e+00
1.365131470000000036e+03 0.000000000000000000e+00 1.590980000000000061e+00
1.365808719999999994e+03 0.000000000000000000e+00 1.874759999999999982e+00
1.366485959999999977e+03 0.000000000000000000e+00 1.886929999999999996e+00
1.367163209999999935e+03 0.000000000000000000e+00 1.588300000000000045e+00
1.367840329999999994e+03 0.000000000000000000e+00 1.369369999999999976e+00
