9.306945799999999736e+02 0.000000000000000000e+00 6.300616000000000202e-03
9.313851899999999659e+02 0.000000000000000000e+00 6.413725999999999802e-03
9.320757399999999961e+02 0.000000000000000000e+00 6.551213999999999649e-03
9.327663000000000011e+02 0.000000000000000000e+00 6.111356000000000080e-03
9.334568500000000313e+02 0.000000000000000000e+00 5.941301000000000394e-03
9.341473999999999478e+02 0.000000000000000000e+00 6.248275999999999657e-03
9.348378900000000158e+02 0.000000000000000000e+00 6.337599999999999657e-03
9.355283799999999701e+02 0.000000000000000000e+00 6.077805999999999834e-03
9.362188700000000381e+02 0.000000000000000000e+00 5.469799000000000015e-03
9.369093000000000302e+02 0.000000000000000000e+00 4.931991000000000153e-03
9.375997300000000223e+02 0.000000000000000000e+00 4.941792999999999880e-03
9.382901600000000144e+02 0.000000000000000000e+00 5.054516000000000217e-03
9.389805300000000443e+02 0.000000000000000000e+00 4.716070999999999631e-03
9.396708999999999605e+02 0.000000000000000000e+00 4.654666000000000012e-03
9.403612699999999904e+02 0.000000000000000000e+00 4.328771000000000355e-03
9.410515699999999697e+02 0.000000000000000000e+00 4.334247000000000273e-03
9.417418800000000374e+02 0.000000000000000000e+00 4.178074999999999845e-03
9.424321899999999914e+02 0.000000000000000000e+00 4.207523000000000339e-03
9.431224999999999454e+02 0.000000000000000000e+00 4.186524999999999969e-03
9.438127399999999625e+02 0.000000000000000000e+00 4.098995000000000243e-03
9.445029899999999543e+02 0.000000000000000000e+00 3.960268000000000295e-03
9.451931799999999839e+02 0.000000000000000000e+00 4.077289999999999907e-03
9.458833600000000388e+02 0.000000000000000000e+00 4.272668999999999773e-03
9.465735499999999547e+02 0.000000000000000000e+00 4.464473000000000052e-03
9.472637300000000096e+02 0.000000000000000000e+00 4.666161000000000267e-03
9.479538599999999633e+02 0.000000000000000000e+00 4.861940000000000359e-03
9.486439800000000560e+02 0.000000000000000000e+00 4.986840000000000196e-03
9.493341100000000097e+02 0.000000000000000000e+00 5.119633000000000170e-03
9.500241700000000264e+02 0.000000000000000000e+00 5.350584000000000243e-03
9.507142300000000432e+02 0.000000000000000000e+00 5.500511999999999936e-03
9.514043000000000347e+02 0.000000000000000000e+00 5.718280000000000064e-03
9.520943600000000515e+02 0.000000000000000000e+00 6.210226999999999588e-03
9.527843599999999924e+02 0.000000000000000000e+00 6.635807999999999984e-03
9.534743700000000217e+02 0.000000000000000000e+00 6.856257000000000150e-03
9.541643100000000004e+02 0.000000000000000000e+00 7.201492999999999783e-03
9.548542499999999791e+02 0.000000000000000000e+00 7.580853999999999718e-03
9.555441899999999578e+02 0.000000000000000000e+00 8.113567999999999822e-03
9.562341300000000501e+02 0.000000000000000000e+00 8.903094999999999759e-03
9.569240099999999529e+02 0.000000000000000000e+00 9.518093000000000040e-03
9.576138899999999694e+02 0.000000000000000000e+00 1.002350899999999989e-02
9.583037699999999859e+02 0.000000000000000000e+00 1.079152100000000010e-02
9.589935900000000402e+02 0.000000000000000000e+00 1.177044699999999985e-02
9.596834099999999808e+02 0.000000000000000000e+00 1.266797400000000025e-02
9.603731699999999591e+02 0.000000000000000000e+00 1.352109299999999965e-02
9.610629900000000134e+02 0.000000000000000000e+00 1.422391599999999964e-02
9.617527499999999918e+02 0.000000000000000000e+00 1.510459200000000002e-02
9.624424999999999955e+02 0.000000000000000000e+00 1.583761800000000122e-02
9.631322000000000116e+02 0.000000000000000000e+00 1.668660599999999966e-02
9.638219000000000278e+02 0.000000000000000000e+00 1.782379900000000128e-02
9.645116000000000440e+02 0.000000000000000000e+00 1.876325400000000004e-02
9.652012300000000096e+02 0.000000000000000000e+00 1.978283899999999998e-02
9.658908699999999499e+02 0.000000000000000000e+00 2.055691299999999958e-02
9.665805100000000039e+02 0.000000000000000000e+00 2.155059100000000089e-02
9.672701399999999694e+02 0.000000000000000000e+00 2.238455400000000095e-02
9.679597199999999475e+02 0.000000000000000000e+00 2.332707700000000162e-02
9.686492899999999509e+02 0.000000000000000000e+00 2.390796900000000114e-02
9.693388700000000426e+02 0.000000000000000000e+00 2.443814399999999845e-02
9.700283799999999701e+02 0.000000000000000000e+00 2.499242800000000056e-02
9.707178999999999860e+02 0.000000000000000000e+00 2.551580999999999988e-02
9.714073499999999513e+02 0.000000000000000000e+00 2.618254500000000151e-02
9.720968599999999924e+02 0.000000000000000000e+00 2.661852099999999915e-02
9.727863200000000461e+02 0.000000000000000000e+00 2.712285399999999833e-02
9.734757100000000491e+02 0.000000000000000000e+00 2.776527700000000140e-02
9.741651600000000144e+02 0.000000000000000000e+00 2.842764500000000139e-02
9.748545500000000175e+02 0.000000000000000000e+00 2.947094499999999839e-02
9.755438799999999446e+02 0.000000000000000000e+00 3.028165700000000002e-02
9.762332800000000361e+02 0.000000000000000000e+00 3.098628000000000146e-02
9.769226099999999633e+02 0.000000000000000000e+00 3.198792699999999933e-02
9.776119400000000041e+02 0.000000000000000000e+00 3.329777700000000062e-02
9.783012099999999691e+02 0.000000000000000000e+00 3.411220899999999751e-02
9.789904800000000478e+02 0.000000000000000000e+00 3.515997099999999820e-02
9.796797500000000127e+02 0.000000000000000000e+00 3.675143399999999949e-02
9.803690199999999777e+02 0.000000000000000000e+00 3.840199100000000337e-02
9.810582299999999805e+02 0.000000000000000000e+00 4.047743000000000174e-02
9.817474399999999832e+02 0.000000000000000000e+00 4.198479399999999889e-02
9.824365800000000490e+02 0.000000000000000000e+00 4.371784799999999666e-02
9.831257299999999759e+02 0.000000000000000000e+00 4.508915399999999934e-02
9.838148800000000165e+02 0.000000000000000000e+00 4.722147699999999781e-02
9.845040299999999434e+02 0.000000000000000000e+00 4.890259200000000167e-02
9.851931200000000217e+02 0.000000000000000000e+00 5.034314699999999781e-02
9.858822000000000116e+02 0.000000000000000000e+00 5.224553099999999783e-02
9.865712899999999763e+02 0.000000000000000000e+00 5.414118400000000192e-02
9.872603100000000040e+02 0.000000000000000000e+00 5.488504000000000299e-02
9.879493400000000065e+02 0.000000000000000000e+00 5.672821200000000008e-02
9.886383700000000090e+02 0.000000000000000000e+00 5.819684600000000346e-02
9.893273299999999608e+02 0.000000000000000000e+00 5.911671799999999866e-02
9.900163000000000011e+02 0.000000000000000000e+00 5.941843399999999914e-02
9.907052599999999529e+02 0.000000000000000000e+00 5.988887700000000008e-02
9.913941700000000310e+02 0.000000000000000000e+00 5.990875200000000261e-02
9.920830700000000206e+02 0.000000000000000000e+00 5.966168399999999955e-02
9.927719700000000103e+02 0.000000000000000000e+00 5.897859300000000277e-02
9.934608799999999746e+02 0.000000000000000000e+00 5.779458099999999765e-02
9.941497200000000021e+02 0.000000000000000000e+00 5.677991100000000235e-02
9.948385600000000295e+02 0.000000000000000000e+00 5.527356700000000261e-02
9.955273399999999810e+02 0.000000000000000000e+00 5.378747100000000336e-02
9.962161300000000210e+02 0.000000000000000000e+00 5.148927400000000154e-02
9.969049099999999726e+02 0.000000000000000000e+00 4.954637700000000256e-02
9.975936900000000378e+02 0.000000000000000000e+00 4.736681599999999909e-02
9.982824100000000271e+02 0.000000000000000000e+00 4.550932399999999683e-02
9.989711300000000165e+02 0.000000000000000000e+00 4.399113400000000118e-02
9.996597900000000436e+02 0.000000000000000000e+00 4.260184000000000193e-02
1.000348449999999957e+03 0.000000000000000000e+00 4.056924900000000167e-02
1.001037109999999984e+03 0.000000000000000000e+00 3.862148800000000243e-02
1.001725770000000011e+03 0.000000000000000000e+00 3.664705499999999783e-02
1.002414369999999963e+03 0.000000000000000000e+00 3.506696599999999803e-02
1.003102970000000028e+03 0.000000000000000000e+00 3.326922300000000055e-02
1.003791560000000004e+03 0.000000000000000000e+00 3.185516699999999674e-02
1.004480099999999993e+03 0.000000000000000000e+00 3.024891999999999859e-02
1.005168639999999982e+03 0.000000000000000000e+00 2.878435700000000000e-02
1.005857179999999971e+03 0.000000000000000000e+00 2.765082599999999988e-02
1.006545650000000023e+03 0.000000000000000000e+00 2.670323299999999983e-02
1.007234130000000050e+03 0.000000000000000000e+00 2.552632100000000112e-02
1.007922609999999963e+03 0.000000000000000000e+00 2.399718500000000074e-02
1.008611020000000053e+03 0.000000000000000000e+00 2.317564999999999903e-02
1.009299440000000004e+03 0.000000000000000000e+00 2.239791299999999846e-02
1.009987849999999980e+03 0.000000000000000000e+00 2.158632499999999996e-02
1.010676270000000045e+03 0.000000000000000000e+00 2.051381000000000038e-02
1.011364619999999945e+03 0.000000000000000000e+00 1.948251100000000097e-02
1.012052919999999972e+03 0.000000000000000000e+00 1.891990099999999939e-02
1.012741269999999986e+03 0.000000000000000000e+00 1.839546400000000026e-02
1.013429570000000012e+03 0.000000000000000000e+00 1.771235700000000149e-02
1.014117859999999951e+03 0.000000000000000000e+00 1.720380900000000046e-02
1.014806090000000040e+03 0.000000000000000000e+00 1.680137199999999845e-02
1.015494320000000016e+03 0.000000000000000000e+00 1.650683600000000043e-02
1.016182559999999967e+03 0.000000000000000000e+00 1.597317399999999971e-02
1.016870790000000056e+03 0.000000000000000000e+00 1.538881800000000029e-02
1.017558959999999956e+03 0.000000000000000000e+00 1.496937400000000057e-02
1.018247129999999970e+03 0.000000000000000000e+00 1.470812699999999966e-02
1.018935240000000022e+03 0.000000000000000000e+00 1.434702799999999952e-02
1.019623349999999959e+03 0.000000000000000000e+00 1.411472100000000021e-02
1.020311460000000011e+03 0.000000000000000000e+00 1.378401500000000016e-02
1.020999569999999949e+03 0.000000000000000000e+00 1.356056599999999959e-02
1.021687620000000038e+03 0.000000000000000000e+00 1.339586000000000075e-02
1.022375670000000014e+03 0.000000000000000000e+00 1.330082399999999929e-02
1.023063719999999989e+03 0.000000000000000000e+00 1.312353800000000056e-02
1.023751710000000003e+03 0.000000000000000000e+00 1.297582599999999933e-02
1.024439699999999903e+03 0.000000000000000000e+00 1.283131300000000044e-02
1.025127690000000030e+03 0.000000000000000000e+00 1.280353199999999941e-02
1.025815550000000030e+03 0.000000000000000000e+00 1.273074899999999954e-02
1.026503539999999930e+03 0.000000000000000000e+00 1.269590999999999949e-02
1.027191409999999905e+03 0.000000000000000000e+00 1.274834300000000052e-02
1.027879269999999906e+03 0.000000000000000000e+00 1.276112599999999937e-02
1.028567140000000109e+03 0.000000000000000000e+00 1.281350600000000055e-02
1.029255000000000109e+03 0.000000000000000000e+00 1.280429999999999936e-02
1.029942870000000084e+03 0.000000000000000000e+00 1.294295399999999957e-02
1.030630619999999908e+03 0.000000000000000000e+00 1.299057999999999984e-02
1.031318479999999909e+03 0.000000000000000000e+00 1.308769599999999936e-02
1.032006229999999960e+03 0.000000000000000000e+00 1.312650199999999996e-02
1.032693970000000036e+03 0.000000000000000000e+00 1.307809600000000086e-02
1.033381710000000112e+03 0.000000000000000000e+00 1.315385200000000060e-02
1.034069340000000011e+03 0.000000000000000000e+00 1.327597200000000047e-02
1.034757080000000087e+03 0.000000000000000000e+00 1.341974299999999960e-02
1.035444700000000012e+03 0.000000000000000000e+00 1.351894200000000081e-02
1.036132319999999936e+03 0.000000000000000000e+00 1.359886499999999991e-02
1.036820069999999987e+03 0.000000000000000000e+00 1.365114199999999979e-02
1.037507569999999987e+03 0.000000000000000000e+00 1.365548899999999982e-02
1.038195189999999911e+03 0.000000000000000000e+00 1.360027599999999968e-02
1.038882810000000063e+03 0.000000000000000000e+00 1.357674799999999959e-02
1.039570310000000063e+03 0.000000000000000000e+00 1.347864000000000007e-02
1.040257810000000063e+03 0.000000000000000000e+00 1.326877100000000038e-02
1.040945310000000063e+03 0.000000000000000000e+00 1.304431900000000040e-02
1.041632810000000063e+03 0.000000000000000000e+00 1.282488099999999978e-02
1.042320310000000063e+03 0.000000000000000000e+00 1.274775799999999966e-02
1.043007689999999911e+03 0.000000000000000000e+00 1.260931499999999941e-02
1.043695189999999911e+03 0.000000000000000000e+00 1.240020300000000027e-02
1.044382569999999987e+03 0.000000000000000000e+00 1.217412200000000076e-02
1.045069950000000063e+03 0.000000000000000000e+00 1.196535999999999954e-02
1.045757319999999936e+03 0.000000000000000000e+00 1.182541299999999990e-02
1.046444700000000012e+03 0.000000000000000000e+00 1.166107800000000007e-02
1.047131959999999935e+03 0.000000000000000000e+00 1.125950600000000072e-02
1.047819340000000011e+03 0.000000000000000000e+00 1.102092600000000033e-02
1.048506589999999960e+03 0.000000000000000000e+00 1.099003200000000027e-02
1.049193850000000111e+03 0.000000000000000000e+00 1.092442400000000029e-02
1.049881100000000060e+03 0.000000000000000000e+00 1.087203999999999948e-02
1.050568359999999984e+03 0.000000000000000000e+00 1.070880199999999990e-02
1.051255490000000009e+03 0.000000000000000000e+00 1.057661499999999928e-02
1.051942749999999933e+03 0.000000000000000000e+00 1.045969599999999923e-02
1.052629879999999957e+03 0.000000000000000000e+00 1.039985099999999989e-02
1.053317019999999957e+03 0.000000000000000000e+00 1.038002600000000053e-02
1.054004149999999981e+03 0.000000000000000000e+00 1.030486800000000001e-02
1.054691280000000006e+03 0.000000000000000000e+00 1.023474899999999958e-02
1.055378300000000081e+03 0.000000000000000000e+00 1.023119800000000038e-02
1.056065430000000106e+03 0.000000000000000000e+00 1.028638599999999979e-02
1.056752439999999979e+03 0.000000000000000000e+00 1.029030099999999996e-02
1.057439450000000079e+03 0.000000000000000000e+00 1.019835499999999923e-02
1.058126459999999952e+03 0.000000000000000000e+00 1.025501399999999980e-02
1.058813480000000027e+03 0.000000000000000000e+00 1.033240300000000042e-02
1.059500489999999900e+03 0.000000000000000000e+00 1.045395200000000073e-02
1.060187380000000076e+03 0.000000000000000000e+00 1.053748799999999937e-02
1.060874270000000024e+03 0.000000000000000000e+00 1.074061500000000023e-02
1.061561159999999973e+03 0.000000000000000000e+00 1.083240899999999944e-02
1.062248049999999921e+03 0.000000000000000000e+00 1.108303000000000066e-02
1.062934940000000097e+03 0.000000000000000000e+00 1.132610000000000040e-02
1.063621830000000045e+03 0.000000000000000000e+00 1.164451700000000006e-02
1.064308590000000095e+03 0.000000000000000000e+00 1.189665200000000062e-02
1.064995480000000043e+03 0.000000000000000000e+00 1.217496099999999977e-02
1.065682250000000067e+03 0.000000000000000000e+00 1.240459699999999985e-02
1.066369020000000091e+03 0.000000000000000000e+00 1.274823100000000049e-02
1.067055659999999989e+03 0.000000000000000000e+00 1.308995699999999929e-02
1.067742430000000013e+03 0.000000000000000000e+00 1.343726899999999995e-02
1.068429080000000113e+03 0.000000000000000000e+00 1.372887700000000044e-02
1.069115839999999935e+03 0.000000000000000000e+00 1.403820100000000015e-02
1.069802490000000034e+03 0.000000000000000000e+00 1.437862099999999942e-02
1.070489139999999907e+03 0.000000000000000000e+00 1.461691600000000063e-02
1.071175780000000032e+03 0.000000000000000000e+00 1.481577599999999925e-02
1.071862300000000005e+03 0.000000000000000000e+00 1.501748699999999950e-02
1.072548950000000104e+03 0.000000000000000000e+00 1.526433800000000056e-02
1.073235470000000078e+03 0.000000000000000000e+00 1.536258499999999978e-02
1.073922000000000025e+03 0.000000000000000000e+00 1.530033100000000035e-02
1.074608519999999999e+03 0.000000000000000000e+00 1.517712100000000001e-02
1.075295039999999972e+03 0.000000000000000000e+00 1.513871999999999961e-02
1.075981569999999920e+03 0.000000000000000000e+00 1.523268699999999996e-02
1.076667969999999968e+03 0.000000000000000000e+00 1.517931599999999999e-02
1.077354370000000017e+03 0.000000000000000000e+00 1.496430500000000066e-02
1.078040770000000066e+03 0.000000000000000000e+00 1.468845199999999941e-02
1.078727169999999887e+03 0.000000000000000000e+00 1.444566100000000027e-02
1.079413569999999936e+03 0.000000000000000000e+00 1.414413800000000054e-02
1.080099979999999960e+03 0.000000000000000000e+00 1.370962199999999943e-02
1.080786250000000109e+03 0.000000000000000000e+00 1.336215900000000019e-02
1.081472659999999905e+03 0.000000000000000000e+00 1.306215099999999928e-02
1.082158940000000030e+03 0.000000000000000000e+00 1.264717599999999956e-02
1.082845209999999952e+03 0.000000000000000000e+00 1.232414700000000057e-02
1.083531369999999924e+03 0.000000000000000000e+00 1.185933999999999947e-02
1.084217650000000049e+03 0.000000000000000000e+00 1.131704000000000043e-02
1.084903929999999946e+03 0.000000000000000000e+00 1.088273200000000086e-02
1.085590089999999918e+03 0.000000000000000000e+00 1.049915300000000065e-02
1.086276249999999891e+03 0.000000000000000000e+00 1.017303100000000078e-02
1.086962399999999889e+03 0.000000000000000000e+00 9.793642999999999446e-03
1.087648560000000089e+03 0.000000000000000000e+00 9.489195000000000615e-03
1.088334589999999935e+03 0.000000000000000000e+00 9.186504999999999324e-03
1.089020749999999907e+03 0.000000000000000000e+00 8.910390000000000671e-03
1.089706789999999955e+03 0.000000000000000000e+00 8.636015000000000358e-03
1.090392820000000029e+03 0.000000000000000000e+00 8.379133000000000414e-03
1.091078860000000077e+03 0.000000000000000000e+00 8.182094000000000866e-03
1.091764889999999923e+03 0.000000000000000000e+00 8.095635999999999804e-03
1.092450810000000047e+03 0.000000000000000000e+00 7.966792000000000318e-03
1.093136839999999893e+03 0.000000000000000000e+00 7.933028999999999428e-03
1.093822750000000042e+03 0.000000000000000000e+00 7.837596999999999967e-03
1.094508669999999938e+03 0.000000000000000000e+00 7.731728000000000212e-03
1.095194580000000087e+03 0.000000000000000000e+00 7.617953999999999698e-03
1.095880490000000009e+03 0.000000000000000000e+00 7.507726999999999630e-03
1.096566409999999905e+03 0.000000000000000000e+00 7.459325000000000157e-03
1.097252199999999903e+03 0.000000000000000000e+00 7.414178999999999908e-03
1.097937989999999900e+03 0.000000000000000000e+00 7.388144999999999608e-03
1.098623779999999897e+03 0.000000000000000000e+00 7.326942999999999824e-03
1.099309569999999894e+03 0.000000000000000000e+00 7.279398000000000292e-03
1.099995359999999891e+03 0.000000000000000000e+00 7.238755999999999836e-03
1.100681149999999889e+03 0.000000000000000000e+00 7.326430000000000095e-03
1.101366819999999962e+03 0.000000000000000000e+00 7.465023000000000318e-03
1.102052490000000034e+03 0.000000000000000000e+00 7.504168999999999770e-03
1.102738160000000107e+03 0.000000000000000000e+00 7.561014999999999923e-03
1.103423829999999953e+03 0.000000000000000000e+00 7.555494999999999746e-03
1.104109500000000025e+03 0.000000000000000000e+00 7.650088999999999674e-03
1.104795170000000098e+03 0.000000000000000000e+00 7.738051999999999604e-03
1.105480710000000045e+03 0.000000000000000000e+00 7.856790000000000648e-03
1.106166259999999966e+03 0.000000000000000000e+00 8.097038000000000846e-03
1.106851809999999887e+03 0.000000000000000000e+00 8.375824999999999937e-03
1.107537350000000060e+03 0.000000000000000000e+00 8.690644000000000841e-03
1.108222899999999981e+03 0.000000000000000000e+00 8.941183000000000117e-03
1.108908449999999903e+03 0.000000000000000000e+00 9.048792999999999420e-03
1.109593869999999924e+03 0.000000000000000000e+00 9.224358000000000210e-03
1.110279299999999921e+03 0.000000000000000000e+00 9.496535999999999866e-03
1.110964719999999943e+03 0.000000000000000000e+00 9.783444999999999989e-03
1.111650149999999940e+03 0.000000000000000000e+00 1.003777200000000036e-02
1.112335569999999962e+03 0.000000000000000000e+00 1.039597199999999985e-02
1.113020999999999958e+03 0.000000000000000000e+00 1.059322099999999989e-02
1.113706300000000056e+03 0.000000000000000000e+00 1.096605500000000059e-02
1.114391599999999926e+03 0.000000000000000000e+00 1.122908799999999992e-02
1.115076900000000023e+03 0.000000000000000000e+00 1.143230599999999972e-02
1.115762210000000096e+03 0.000000000000000000e+00 1.160025400000000081e-02
1.116447509999999966e+03 0.000000000000000000e+00 1.176804099999999992e-02
1.117132689999999911e+03 0.000000000000000000e+00 1.207651199999999932e-02
1.117817990000000009e+03 0.000000000000000000e+00 1.230512299999999941e-02
1.118503169999999955e+03 0.000000000000000000e+00 1.262011000000000036e-02
1.119188349999999900e+03 0.000000000000000000e+00 1.274774199999999941e-02
1.119873540000000048e+03 0.000000000000000000e+00 1.293661400000000079e-02
1.120558590000000095e+03 0.000000000000000000e+00 1.309245600000000058e-02
1.121243770000000040e+03 0.000000000000000000e+00 1.339402699999999932e-02
1.121928830000000062e+03 0.000000000000000000e+00 1.359521999999999987e-02
1.122613890000000083e+03 0.000000000000000000e+00 1.368713799999999974e-02
1.123298950000000104e+03 0.000000000000000000e+00 1.376734299999999959e-02
1.123984009999999898e+03 0.000000000000000000e+00 1.385359499999999980e-02
1.124669069999999920e+03 0.000000000000000000e+00 1.392334200000000001e-02
1.125354000000000042e+03 0.000000000000000000e+00 1.394606299999999986e-02
1.126039060000000063e+03 0.000000000000000000e+00 1.394105099999999944e-02
1.126723999999999933e+03 0.000000000000000000e+00 1.395740200000000070e-02
1.127408940000000030e+03 0.000000000000000000e+00 1.389230299999999994e-02
1.128093869999999924e+03 0.000000000000000000e+00 1.380177599999999997e-02
1.128778690000000097e+03 0.000000000000000000e+00 1.376930099999999942e-02
1.129463619999999992e+03 0.000000000000000000e+00 1.370792099999999965e-02
1.130148439999999937e+03 0.000000000000000000e+00 1.369154499999999941e-02
1.130833249999999907e+03 0.000000000000000000e+00 1.364963200000000008e-02
1.131518070000000080e+03 0.000000000000000000e+00 1.362786000000000032e-02
1.132202880000000050e+03 0.000000000000000000e+00 1.359159700000000040e-02
1.132887699999999995e+03 0.000000000000000000e+00 1.355057500000000047e-02
1.133572390000000041e+03 0.000000000000000000e+00 1.345972699999999946e-02
1.134257080000000087e+03 0.000000000000000000e+00 1.334272400000000025e-02
1.134941769999999906e+03 0.000000000000000000e+00 1.327987100000000038e-02
1.135626459999999952e+03 0.000000000000000000e+00 1.320639499999999925e-02
1.136311159999999973e+03 0.000000000000000000e+00 1.315173199999999931e-02
1.136995850000000019e+03 0.000000000000000000e+00 1.305160600000000032e-02
1.137680419999999913e+03 0.000000000000000000e+00 1.301910600000000078e-02
1.138364990000000034e+03 0.000000000000000000e+00 1.305628799999999923e-02
1.139049559999999929e+03 0.000000000000000000e+00 1.304801600000000082e-02
1.139734130000000050e+03 0.000000000000000000e+00 1.312040599999999939e-02
1.140418699999999944e+03 0.000000000000000000e+00 1.326430399999999933e-02
1.141103149999999914e+03 0.000000000000000000e+00 1.340706300000000031e-02
1.141787720000000036e+03 0.000000000000000000e+00 1.352066000000000032e-02
1.142472170000000006e+03 0.000000000000000000e+00 1.363706500000000030e-02
1.143156619999999975e+03 0.000000000000000000e+00 1.381195600000000023e-02
1.143841059999999970e+03 0.000000000000000000e+00 1.406529599999999970e-02
1.144525509999999940e+03 0.000000000000000000e+00 1.436757500000000048e-02
1.145209839999999986e+03 0.000000000000000000e+00 1.466710300000000078e-02
1.145894289999999955e+03 0.000000000000000000e+00 1.497546999999999941e-02
1.146578610000000026e+03 0.000000000000000000e+00 1.527111100000000041e-02
1.147262940000000071e+03 0.000000000000000000e+00 1.555110399999999962e-02
1.147947269999999889e+03 0.000000000000000000e+00 1.580296999999999952e-02
1.148631470000000036e+03 0.000000000000000000e+00 1.606303099999999845e-02
1.149315800000000081e+03 0.000000000000000000e+00 1.631254000000000037e-02
1.150000000000000000e+03 0.000000000000000000e+00 1.660081000000000057e-02
1.150684199999999919e+03 0.000000000000000000e+00 1.689391900000000030e-02
1.151368410000000040e+03 0.000000000000000000e+00 1.714859599999999859e-02
1.152052609999999959e+03 0.000000000000000000e+00 1.733607300000000045e-02
1.152736820000000080e+03 0.000000000000000000e+00 1.739435400000000076e-02
1.153420900000000074e+03 0.000000000000000000e+00 1.749472599999999864e-02
1.154104980000000069e+03 0.000000000000000000e+00 1.767898099999999986e-02
1.154789060000000063e+03 0.000000000000000000e+00 1.779098499999999874e-02
1.155473140000000058e+03 0.000000000000000000e+00 1.776864100000000168e-02
1.156157230000000027e+03 0.000000000000000000e+00 1.771365399999999882e-02
1.156841310000000021e+03 0.000000000000000000e+00 1.761225400000000080e-02
1.157525270000000091e+03 0.000000000000000000e+00 1.750022199999999931e-02
1.158209229999999934e+03 0.000000000000000000e+00 1.733358299999999963e-02
1.158893190000000004e+03 0.000000000000000000e+00 1.717917700000000034e-02
1.159577150000000074e+03 0.000000000000000000e+00 1.702047199999999830e-02
1.160261109999999917e+03 0.000000000000000000e+00 1.676237900000000086e-02
1.160945069999999987e+03 0.000000000000000000e+00 1.645438899999999982e-02
1.161628909999999905e+03 0.000000000000000000e+00 1.604101399999999927e-02
1.162312740000000076e+03 0.000000000000000000e+00 1.568942599999999937e-02
1.162996579999999994e+03 0.000000000000000000e+00 1.538586500000000030e-02
1.163680419999999913e+03 0.000000000000000000e+00 1.525048900000000075e-02
1.164364260000000058e+03 0.000000000000000000e+00 1.490940999999999968e-02
1.165047970000000078e+03 0.000000000000000000e+00 1.455264799999999963e-02
1.165731809999999996e+03 0.000000000000000000e+00 1.430055300000000057e-02
1.166415529999999990e+03 0.000000000000000000e+00 1.403864500000000064e-02
1.167099240000000009e+03 0.000000000000000000e+00 1.380076099999999993e-02
1.167782840000000078e+03 0.000000000000000000e+00 1.350534299999999951e-02
1.168466550000000097e+03 0.000000000000000000e+00 1.320403399999999991e-02
1.169150270000000091e+03 0.000000000000000000e+00 1.294039699999999932e-02
1.169833859999999959e+03 0.000000000000000000e+00 1.266732599999999959e-02
1.170517460000000028e+03 0.000000000000000000e+00 1.233150600000000076e-02
1.171201049999999896e+03 0.000000000000000000e+00 1.202227099999999931e-02
1.171884639999999990e+03 0.000000000000000000e+00 1.175743299999999943e-02
1.172568119999999908e+03 0.000000000000000000e+00 1.153172600000000082e-02
1.173251710000000003e+03 0.000000000000000000e+00 1.125226300000000020e-02
1.173935179999999946e+03 0.000000000000000000e+00 1.099851800000000053e-02
1.174618649999999889e+03 0.000000000000000000e+00 1.078284900000000060e-02
1.175302120000000059e+03 0.000000000000000000e+00 1.057478199999999958e-02
1.175985599999999977e+03 0.000000000000000000e+00 1.039848099999999935e-02
1.176668949999999995e+03 0.000000000000000000e+00 1.020447099999999968e-02
1.177352419999999938e+03 0.000000000000000000e+00 1.000546100000000022e-02
1.178035769999999957e+03 0.000000000000000000e+00 9.816046999999999620e-03
1.178719119999999975e+03 0.000000000000000000e+00 9.670961000000000488e-03
1.179402469999999994e+03 0.000000000000000000e+00 9.469863999999999712e-03
1.180085690000000113e+03 0.000000000000000000e+00 9.266358000000000580e-03
1.180769039999999904e+03 0.000000000000000000e+00 9.067280999999999952e-03
1.181452269999999999e+03 0.000000000000000000e+00 8.974803999999999421e-03
1.182135500000000093e+03 0.000000000000000000e+00 8.814488000000000531e-03
1.182818729999999960e+03 0.000000000000000000e+00 8.624415999999999333e-03
1.183501950000000079e+03 0.000000000000000000e+00 8.376916999999999350e-03
1.184185179999999946e+03 0.000000000000000000e+00 8.224429999999999588e-03
1.184868289999999888e+03 0.000000000000000000e+00 8.114124000000000336e-03
1.185551390000000083e+03 0.000000000000000000e+00 7.943808999999999593e-03
1.186234500000000025e+03 0.000000000000000000e+00 7.797853999999999897e-03
1.186917599999999993e+03 0.000000000000000000e+00 7.587248000000000429e-03
1.187600709999999935e+03 0.000000000000000000e+00 7.438206999999999632e-03
1.188283809999999903e+03 0.000000000000000000e+00 7.326835000000000292e-03
1.188966799999999921e+03 0.000000000000000000e+00 7.168680999999999665e-03
1.189649779999999964e+03 0.000000000000000000e+00 7.003940000000000166e-03
1.190332760000000007e+03 0.000000000000000000e+00 6.896529999999999674e-03
1.191015750000000025e+03 0.000000000000000000e+00 6.760925000000000094e-03
1.191698730000000069e+03 0.000000000000000000e+00 6.643608999999999973e-03
1.192381589999999960e+03 0.000000000000000000e+00 6.533011000000000026e-03
1.193064579999999978e+03 0.000000000000000000e+00 6.415444000000000181e-03
1.193747440000000097e+03 0.000000000000000000e+00 6.377754000000000235e-03
1.194430299999999988e+03 0.000000000000000000e+00 6.300959000000000074e-03
1.195113160000000107e+03 0.000000000000000000e+00 6.148830000000000094e-03
1.195795900000000074e+03 0.000000000000000000e+00 6.014140999999999758e-03
1.196478759999999966e+03 0.000000000000000000e+00 5.927416999999999929e-03
1.197161499999999933e+03 0.000000000000000000e+00 5.818753999999999767e-03
1.197844239999999900e+03 0.000000000000000000e+00 5.700387999999999809e-03
1.198526980000000094e+03 0.000000000000000000e+00 5.615097999999999791e-03
1.199209720000000061e+03 0.000000000000000000e+00 5.491552999999999712e-03
1.199892329999999902e+03 0.000000000000000000e+00 5.386611999999999824e-03
1.200575070000000096e+03 0.000000000000000000e+00 5.298231999999999942e-03
1.201257689999999911e+03 0.000000000000000000e+00 5.209160000000000006e-03
1.201940309999999954e+03 0.000000000000000000e+00 5.197733999999999861e-03
1.202622920000000022e+03 0.000000000000000000e+00 5.172491999999999888e-03
1.203305540000000065e+03 0.000000000000000000e+00 5.144931000000000157e-03
1.203988039999999955e+03 0.000000000000000000e+00 5.037732999999999968e-03
1.204670650000000023e+03 0.000000000000000000e+00 4.931195999999999670e-03
1.205353149999999914e+03 0.000000000000000000e+00 4.783042999999999843e-03
1.206035640000000058e+03 0.000000000000000000e+00 4.702093000000000071e-03
1.206718139999999948e+03 0.000000000000000000e+00 4.662269000000000135e-03
1.207400509999999940e+03 0.000000000000000000e+00 4.670839000000000414e-03
1.208083010000000058e+03 0.000000000000000000e+00 4.659138000000000168e-03
1.208765380000000050e+03 0.000000000000000000e+00 4.550878999999999862e-03
1.209447750000000042e+03 0.000000000000000000e+00 4.465356000000000186e-03
1.210130130000000008e+03 0.000000000000000000e+00 4.405466000000000243e-03
1.210812500000000000e+03 0.000000000000000000e+00 4.374845999999999943e-03
1.211494750000000067e+03 0.000000000000000000e+00 4.298843999999999582e-03
1.212177120000000059e+03 0.000000000000000000e+00 4.229453999999999679e-03
1.212859380000000101e+03 0.000000000000000000e+00 4.168021000000000052e-03
1.213541629999999941e+03 0.000000000000000000e+00 4.113055000000000010e-03
1.214223880000000008e+03 0.000000000000000000e+00 4.073636999999999744e-03
1.214906009999999924e+03 0.000000000000000000e+00 4.027346000000000224e-03
1.215588259999999991e+03 0.000000000000000000e+00 3.979685999999999640e-03
1.216270389999999907e+03 0.000000000000000000e+00 3.915580000000000102e-03
1.216952510000000075e+03 0.000000000000000000e+00 3.876174999999999933e-03
1.217634639999999990e+03 0.000000000000000000e+00 3.842419000000000130e-03
1.218316769999999906e+03 0.000000000000000000e+00 3.831385000000000086e-03
1.218998900000000049e+03 0.000000000000000000e+00 3.827416000000000151e-03
1.219680910000000040e+03 0.000000000000000000e+00 3.810015999999999837e-03
1.220363039999999955e+03 0.000000000000000000e+00 3.789757999999999842e-03
1.221045039999999972e+03 0.000000000000000000e+00 3.715584999999999982e-03
1.221727049999999963e+03 0.000000000000000000e+00 3.668858000000000102e-03
1.222408940000000030e+03 0.000000000000000000e+00 3.636533999999999860e-03
1.223090940000000046e+03 0.000000000000000000e+00 3.645671999999999975e-03
1.223772830000000113e+03 0.000000000000000000e+00 3.618010999999999970e-03
1.224454709999999977e+03 0.000000000000000000e+00 3.620730999999999863e-03
1.225136600000000044e+03 0.000000000000000000e+00 3.581957000000000196e-03
1.225818479999999909e+03 0.000000000000000000e+00 3.559537000000000204e-03
1.226500369999999975e+03 0.000000000000000000e+00 3.494577999999999920e-03
1.227182129999999916e+03 0.000000000000000000e+00 3.462765000000000027e-03
1.227864010000000007e+03 0.000000000000000000e+00 3.430294999999999872e-03
1.228545779999999922e+03 0.000000000000000000e+00 3.431960999999999866e-03
1.229227540000000090e+03 0.000000000000000000e+00 3.401270000000000075e-03
1.229909180000000106e+03 0.000000000000000000e+00 3.387715999999999818e-03
1.230590940000000046e+03 0.000000000000000000e+00 3.364849999999999959e-03
1.231272580000000062e+03 0.000000000000000000e+00 3.390838000000000185e-03
1.231954349999999977e+03 0.000000000000000000e+00 3.420695999999999980e-03
1.232635989999999993e+03 0.000000000000000000e+00 3.449507000000000094e-03
1.233317630000000008e+03 0.000000000000000000e+00 3.423782000000000214e-03
1.233999150000000100e+03 0.000000000000000000e+00 3.395136999999999895e-03
1.234680789999999888e+03 0.000000000000000000e+00 3.350066000000000068e-03
1.235362300000000005e+03 0.000000000000000000e+00 3.336372000000000209e-03
1.236043820000000096e+03 0.000000000000000000e+00 3.315685999999999981e-03
1.236725339999999960e+03 0.000000000000000000e+00 3.284563999999999800e-03
1.237406860000000052e+03 0.000000000000000000e+00 3.278104000000000001e-03
1.238088379999999916e+03 0.000000000000000000e+00 3.285767000000000201e-03
1.238769780000000083e+03 0.000000000000000000e+00 3.316323999999999834e-03
1.239451170000000047e+03 0.000000000000000000e+00 3.335717000000000196e-03
1.240132569999999987e+03 0.000000000000000000e+00 3.379604999999999936e-03
1.240813959999999952e+03 0.000000000000000000e+00 3.413606000000000019e-03
1.241495359999999891e+03 0.000000000000000000e+00 3.401233000000000034e-03
1.242176760000000058e+03 0.000000000000000000e+00 3.398013999999999982e-03
1.242858030000000099e+03 0.000000000000000000e+00 3.426390000000000078e-03
1.243539309999999887e+03 0.000000000000000000e+00 3.451403999999999930e-03
1.244220579999999927e+03 0.000000000000000000e+00 3.462029000000000148e-03
1.244901859999999942e+03 0.000000000000000000e+00 3.452690000000000013e-03
1.245583129999999983e+03 0.000000000000000000e+00 3.452540000000000036e-03
1.246264280000000099e+03 0.000000000000000000e+00 3.475779000000000021e-03
1.246945429999999988e+03 0.000000000000000000e+00 3.510758000000000108e-03
1.247626590000000078e+03 0.000000000000000000e+00 3.544160000000000192e-03
1.248307739999999967e+03 0.000000000000000000e+00 3.571888000000000059e-03
1.248988890000000083e+03 0.000000000000000000e+00 3.582739000000000149e-03
1.249670039999999972e+03 0.000000000000000000e+00 3.621477000000000116e-03
1.250351069999999936e+03 0.000000000000000000e+00 3.647842000000000098e-03
1.251032099999999900e+03 0.000000000000000000e+00 3.666313000000000037e-03
1.251713130000000092e+03 0.000000000000000000e+00 3.679995000000000141e-03
1.252394170000000031e+03 0.000000000000000000e+00 3.719936000000000076e-03
1.253075199999999995e+03 0.000000000000000000e+00 3.753774000000000086e-03
1.253756100000000060e+03 0.000000000000000000e+00 3.787800000000000021e-03
1.254437130000000025e+03 0.000000000000000000e+00 3.830794000000000213e-03
1.255118040000000065e+03 0.000000000000000000e+00 3.883947000000000007e-03
1.255798950000000104e+03 0.000000000000000000e+00 3.943870999999999835e-03
1.256479739999999993e+03 0.000000000000000000e+00 3.995811999999999628e-03
1.257160640000000058e+03 0.000000000000000000e+00 4.005667000000000082e-03
1.257841429999999946e+03 0.000000000000000000e+00 4.069483999999999949e-03
1.258522220000000061e+03 0.000000000000000000e+00 4.139987999999999828e-03
1.259202999999999975e+03 0.000000000000000000e+00 4.168347999999999672e-03
1.259883790000000090e+03 0.000000000000000000e+00 4.184689999999999591e-03
1.260564579999999978e+03 0.000000000000000000e+00 4.245585999999999978e-03
1.261245239999999967e+03 0.000000000000000000e+00 4.313415999999999605e-03
1.261926030000000083e+03 0.000000000000000000e+00 4.323394999999999842e-03
1.262606690000000071e+03 0.000000000000000000e+00 4.274049999999999724e-03
1.263287350000000060e+03 0.000000000000000000e+00 4.254250999999999693e-03
1.263968020000000024e+03 0.000000000000000000e+00 4.266057999999999656e-03
1.264648560000000089e+03 0.000000000000000000e+00 4.296710999999999933e-03
1.265329220000000078e+03 0.000000000000000000e+00 4.315430999999999781e-03
1.266009769999999889e+03 0.000000000000000000e+00 4.349394999999999824e-03
1.266690309999999954e+03 0.000000000000000000e+00 4.364658999999999900e-03
1.267370850000000019e+03 0.000000000000000000e+00 4.382063999999999751e-03
1.268051269999999931e+03 0.000000000000000000e+00 4.369969999999999931e-03
1.268731809999999996e+03 0.000000000000000000e+00 4.405642999999999886e-03
1.269412229999999909e+03 0.000000000000000000e+00 4.434783999999999775e-03
1.270092650000000049e+03 0.000000000000000000e+00 4.454346999999999994e-03
1.270773069999999962e+03 0.000000000000000000e+00 4.432532999999999786e-03
1.271453490000000102e+03 0.000000000000000000e+00 4.434129999999999669e-03
1.272133910000000014e+03 0.000000000000000000e+00 4.461922999999999584e-03
1.272814210000000003e+03 0.000000000000000000e+00 4.491725000000000231e-03
1.273494509999999991e+03 0.000000000000000000e+00 4.507704000000000398e-03
1.274174800000000005e+03 0.000000000000000000e+00 4.484369000000000202e-03
1.274855099999999993e+03 0.000000000000000000e+00 4.505549000000000186e-03
1.275535399999999981e+03 0.000000000000000000e+00 4.523051999999999628e-03
1.276215580000000045e+03 0.000000000000000000e+00 4.526856999999999583e-03
1.276895870000000059e+03 0.000000000000000000e+00 4.526808999999999694e-03
1.277576049999999896e+03 0.000000000000000000e+00 4.535668999999999985e-03
1.278256229999999960e+03 0.000000000000000000e+00 4.548293000000000127e-03
1.278936279999999897e+03 0.000000000000000000e+00 4.563821000000000024e-03
1.279616459999999961e+03 0.000000000000000000e+00 4.534218999999999923e-03
1.280296509999999898e+03 0.000000000000000000e+00 4.488520999999999657e-03
1.280976560000000063e+03 0.000000000000000000e+00 4.458176999999999800e-03
1.281656739999999900e+03 0.000000000000000000e+00 4.448714000000000314e-03
1.282336669999999913e+03 0.000000000000000000e+00 4.454706000000000117e-03
1.283016720000000078e+03 0.000000000000000000e+00 4.467969999999999928e-03
1.283696779999999990e+03 0.000000000000000000e+00 4.477649999999999686e-03
1.284376710000000003e+03 0.000000000000000000e+00 4.476599999999999850e-03
1.285056640000000016e+03 0.000000000000000000e+00 4.479577000000000211e-03
1.285736570000000029e+03 0.000000000000000000e+00 4.468185999999999859e-03
1.286416500000000042e+03 0.000000000000000000e+00 4.465089999999999684e-03
1.287096309999999903e+03 0.000000000000000000e+00 4.433877000000000131e-03
1.287776249999999891e+03 0.000000000000000000e+00 4.415810000000000048e-03
1.288456050000000005e+03 0.000000000000000000e+00 4.400094000000000227e-03
1.289135860000000093e+03 0.000000000000000000e+00 4.382973000000000077e-03
1.289815669999999955e+03 0.000000000000000000e+00 4.345251999999999969e-03
1.290495359999999891e+03 0.000000000000000000e+00 4.311500000000000228e-03
1.291175169999999980e+03 0.000000000000000000e+00 4.331289000000000319e-03
1.291854859999999917e+03 0.000000000000000000e+00 4.321567000000000117e-03
1.292534550000000081e+03 0.000000000000000000e+00 4.309410999999999971e-03
1.293214230000000043e+03 0.000000000000000000e+00 4.285474000000000054e-03
1.293893919999999980e+03 0.000000000000000000e+00 4.275916999999999739e-03
1.294573489999999993e+03 0.000000000000000000e+00 4.254270000000000100e-03
1.295253169999999955e+03 0.000000000000000000e+00 4.218107999999999927e-03
1.295932739999999967e+03 0.000000000000000000e+00 4.164026000000000359e-03
1.296612300000000005e+03 0.000000000000000000e+00 4.138130999999999754e-03
1.297291870000000017e+03 0.000000000000000000e+00 4.127112999999999962e-03
1.297971309999999903e+03 0.000000000000000000e+00 4.098507999999999839e-03
1.298650879999999916e+03 0.000000000000000000e+00 4.063129000000000393e-03
1.299330320000000029e+03 0.000000000000000000e+00 4.054030999999999607e-03
1.300009769999999889e+03 0.000000000000000000e+00 4.018255000000000091e-03
1.300689210000000003e+03 0.000000000000000000e+00 3.974957000000000316e-03
1.301368649999999889e+03 0.000000000000000000e+00 3.939909999999999593e-03
1.302047970000000078e+03 0.000000000000000000e+00 3.899497000000000033e-03
1.302727290000000039e+03 0.000000000000000000e+00 3.868495000000000007e-03
1.303406739999999900e+03 0.000000000000000000e+00 3.808094000000000149e-03
1.304085939999999937e+03 0.000000000000000000e+00 3.788330999999999817e-03
1.304765259999999898e+03 0.000000000000000000e+00 3.747527999999999970e-03
1.305444580000000087e+03 0.000000000000000000e+00 3.720752999999999821e-03
1.306123779999999897e+03 0.000000000000000000e+00 3.670230999999999928e-03
1.306802979999999934e+03 0.000000000000000000e+00 3.621014000000000090e-03
1.307482299999999896e+03 0.000000000000000000e+00 3.563524000000000205e-03
1.308161380000000008e+03 0.000000000000000000e+00 3.539336000000000131e-03
1.308840580000000045e+03 0.000000000000000000e+00 3.494470999999999862e-03
1.309519780000000083e+03 0.000000000000000000e+00 3.455698000000000103e-03
1.310198849999999993e+03 0.000000000000000000e+00 3.397859000000000036e-03
1.310877930000000106e+03 0.000000000000000000e+00 3.356315999999999813e-03
1.311557009999999991e+03 0.000000000000000000e+00 3.335283999999999992e-03
1.312236079999999902e+03 0.000000000000000000e+00 3.309752999999999914e-03
1.312915040000000090e+03 0.000000000000000000e+00 3.276226000000000138e-03
1.313594119999999975e+03 0.000000000000000000e+00 3.238015999999999811e-03
1.314273069999999962e+03 0.000000000000000000e+00 3.170820999999999883e-03
1.314952029999999922e+03 0.000000000000000000e+00 3.148367000000000006e-03
1.315630979999999909e+03 0.000000000000000000e+00 3.124936000000000033e-03
1.316309809999999970e+03 0.000000000000000000e+00 3.112385999999999972e-03
1.316988769999999931e+03 0.000000000000000000e+00 3.066572000000000048e-03
1.317667599999999993e+03 0.000000000000000000e+00 3.031396000000000004e-03
1.318346440000000030e+03 0.000000000000000000e+00 3.004989000000000011e-03
1.319025270000000091e+03 0.000000000000000000e+00 2.982498000000000093e-03
1.319704099999999926e+03 0.000000000000000000e+00 2.957719000000000147e-03
1.320382810000000063e+03 0.000000000000000000e+00 2.900759000000000150e-03
1.321061519999999973e+03 0.000000000000000000e+00 2.853436999999999901e-03
1.321740360000000010e+03 0.000000000000000000e+00 2.828465000000000059e-03
1.322419069999999920e+03 0.000000000000000000e+00 2.825843000000000192e-03
1.323097659999999905e+03 0.000000000000000000e+00 2.839361999999999789e-03
1.323776370000000043e+03 0.000000000000000000e+00 2.827013000000000182e-03
1.324454960000000028e+03 0.000000000000000000e+00 2.793574000000000057e-03
1.325133669999999938e+03 0.000000000000000000e+00 2.729685999999999831e-03
1.325812259999999924e+03 0.000000000000000000e+00 2.695284000000000048e-03
1.326490720000000010e+03 0.000000000000000000e+00 2.683423999999999792e-03
1.327169309999999996e+03 0.000000000000000000e+00 2.674750999999999952e-03
1.327847899999999981e+03 0.000000000000000000e+00 2.653658000000000145e-03
1.328526370000000043e+03 0.000000000000000000e+00 2.616279999999999908e-03
1.329204829999999902e+03 0.000000000000000000e+00 2.577315000000000161e-03
1.329883299999999963e+03 0.000000000000000000e+00 2.566098000000000164e-03
1.330561770000000024e+03 0.000000000000000000e+00 2.544082000000000027e-03
1.331240109999999959e+03 0.000000000000000000e+00 2.551794999999999931e-03
1.331918580000000020e+03 0.000000000000000000e+00 2.535308999999999913e-03
1.332596919999999955e+03 0.000000000000000000e+00 2.510342999999999949e-03
1.333275270000000091e+03 0.000000000000000000e+00 2.470176000000000142e-03
1.333953610000000026e+03 0.000000000000000000e+00 2.428937999999999844e-03
1.334631840000000011e+03 0.000000000000000000e+00 2.396235999999999939e-03
1.335310179999999946e+03 0.000000000000000000e+00 2.395917999999999919e-03
1.335988399999999956e+03 0.000000000000000000e+00 2.404109000000000194e-03
1.336666629999999941e+03 0.000000000000000000e+00 2.402838999999999930e-03
1.337344849999999951e+03 0.000000000000000000e+00 2.412512999999999810e-03
1.338022950000000037e+03 0.000000000000000000e+00 2.372447000000000184e-03
1.338701170000000047e+03 0.000000000000000000e+00 2.325838000000000211e-03
1.339379269999999906e+03 0.000000000000000000e+00 2.278922000000000066e-03
1.340057369999999992e+03 0.000000000000000000e+00 2.259305000000000081e-03
1.340735470000000078e+03 0.000000000000000000e+00 2.236648999999999842e-03
1.341413569999999936e+03 0.000000000000000000e+00 2.222012000000000206e-03
1.342091550000000097e+03 0.000000000000000000e+00 2.206141999999999912e-03
1.342769649999999956e+03 0.000000000000000000e+00 2.203137999999999885e-03
1.343447629999999890e+03 0.000000000000000000e+00 2.168048000000000110e-03
1.344125610000000052e+03 0.000000000000000000e+00 2.143471000000000092e-03
1.344803589999999986e+03 0.000000000000000000e+00 2.134927000000000005e-03
1.345481449999999995e+03 0.000000000000000000e+00 2.120969999999999800e-03
1.346159419999999955e+03 0.000000000000000000e+00 2.077996999999999830e-03
1.346837279999999964e+03 0.000000000000000000e+00 2.058807000000000172e-03
1.347515139999999974e+03 0.000000000000000000e+00 2.053745999999999957e-03
1.348192990000000009e+03 0.000000000000000000e+00 2.073779999999999894e-03
1.348870850000000019e+03 0.000000000000000000e+00 2.066943999999999813e-03
1.349548579999999902e+03 0.000000000000000000e+00 2.034826999999999903e-03
1.350226319999999987e+03 0.000000000000000000e+00 2.013748000000000100e-03
1.350904170000000022e+03 0.000000000000000000e+00 2.010183999999999929e-03
1.351581789999999955e+03 0.000000000000000000e+00 1.983570999999999945e-03
1.352259520000000066e+03 0.000000000000000000e+00 2.002378999999999878e-03
1.352937259999999924e+03 0.000000000000000000e+00 2.020579000000000212e-03
1.353614870000000110e+03 0.000000000000000000e+00 2.042613999999999888e-03
1.354292480000000069e+03 0.000000000000000000e+00 2.047008999999999808e-03
1.354970090000000027e+03 0.000000000000000000e+00 2.050703999999999982e-03
1.355647709999999961e+03 0.000000000000000000e+00 2.047484000000000023e-03
1.356325319999999920e+03 0.000000000000000000e+00 2.059998999999999858e-03
1.357002809999999954e+03 0.000000000000000000e+00 2.048336999999999901e-03
1.357680299999999988e+03 0.000000000000000000e+00 2.053631000000000206e-03
1.358357790000000023e+03 0.000000000000000000e+00 2.037600999999999996e-03
1.359035280000000057e+03 0.000000000000000000e+00 2.005944999999999864e-03
1.359712770000000091e+03 0.000000000000000000e+00 2.012622999999999843e-03
1.360390139999999974e+03 0.000000000000000000e+00 2.006687999999999961e-03
1.361067630000000008e+03 0.000000000000000000e+00 1.956372999999999966e-03
1.361744999999999891e+03 0.000000000000000000e+00 1.900526999999999946e-03
1.362422360000000026e+03 0.000000000000000000e+00 1.843880999999999905e-03
1.363099609999999984e+03 0.000000000000000000e+00 1.838791999999999901e-03
1.363776980000000094e+03 0.000000000000000000e+00 1.794950999999999925e-03
1.364454220000000078e+03 0.000000000000000000e+00 1.779919999999999940e-03
1.365131470000000036e+03 0.000000000000000000e+00 1.723888000000000026e-03
1.365808719999999994e+03 0.000000000000000000e+00 1.658243999999999907e-03
1.366485959999999977e+03 0.000000000000000000e+00 1.618244000000000019e-03
1.367163209999999935e+03 0.000000000000000000e+00 1.605291000000000010e-03
1.367840329999999994e+03 0.000000000000000000e+00 1.585952999999999972e-03
