9.306945799999999736e+02 0.000000000000000000e+00 6.128792999999999568e-03
9.313851899999999659e+02 0.000000000000000000e+00 6.425919999999999896e-03
9.320757399999999961e+02 0.000000000000000000e+00 6.623941000000000377e-03
9.327663000000000011e+02 0.000000000000000000e+00 6.127765999999999769e-03
9.334568500000000313e+02 0.000000000000000000e+00 5.265332999999999646e-03
9.341473999999999478e+02 0.000000000000000000e+00 5.221321999999999595e-03
9.348378900000000158e+02 0.000000000000000000e+00 5.496912999999999973e-03
9.355283799999999701e+02 0.000000000000000000e+00 5.480854000000000281e-03
9.362188700000000381e+02 0.000000000000000000e+00 5.497662000000000382e-03
9.369093000000000302e+02 0.000000000000000000e+00 5.532384000000000433e-03
9.375997300000000223e+02 0.000000000000000000e+00 5.451713999999999866e-03
9.382901600000000144e+02 0.000000000000000000e+00 5.515238999999999905e-03
9.389805300000000443e+02 0.000000000000000000e+00 5.444514999999999598e-03
9.396708999999999605e+02 0.000000000000000000e+00 5.333886000000000356e-03
9.403612699999999904e+02 0.000000000000000000e+00 5.192134000000000159e-03
9.410515699999999697e+02 0.000000000000000000e+00 5.040107999999999741e-03
9.417418800000000374e+02 0.000000000000000000e+00 4.914907999999999950e-03
9.424321899999999914e+02 0.000000000000000000e+00 4.872744000000000034e-03
9.431224999999999454e+02 0.000000000000000000e+00 4.788154000000000195e-03
9.438127399999999625e+02 0.000000000000000000e+00 4.725911000000000174e-03
9.445029899999999543e+02 0.000000000000000000e+00 4.870656999999999591e-03
9.451931799999999839e+02 0.000000000000000000e+00 5.169919000000000250e-03
9.458833600000000388e+02 0.000000000000000000e+00 5.337492999999999578e-03
9.465735499999999547e+02 0.000000000000000000e+00 5.246665999999999656e-03
9.472637300000000096e+02 0.000000000000000000e+00 5.180623999999999993e-03
9.479538599999999633e+02 0.000000000000000000e+00 5.226393999999999658e-03
9.486439800000000560e+02 0.000000000000000000e+00 5.500553000000000040e-03
9.493341100000000097e+02 0.000000000000000000e+00 5.504695000000000421e-03
9.500241700000000264e+02 0.000000000000000000e+00 5.582819000000000149e-03
9.507142300000000432e+02 0.000000000000000000e+00 5.839925999999999624e-03
9.514043000000000347e+02 0.000000000000000000e+00 6.203313999999999703e-03
9.520943600000000515e+02 0.000000000000000000e+00 6.450232999999999661e-03
9.527843599999999924e+02 0.000000000000000000e+00 6.859889000000000091e-03
9.534743700000000217e+02 0.000000000000000000e+00 7.407933000000000226e-03
9.541643100000000004e+02 0.000000000000000000e+00 7.958562000000000622e-03
9.548542499999999791e+02 0.000000000000000000e+00 8.444079000000000168e-03
9.555441899999999578e+02 0.000000000000000000e+00 8.786528999999999520e-03
9.562341300000000501e+02 0.000000000000000000e+00 9.468011999999999609e-03
9.569240099999999529e+02 0.000000000000000000e+00 1.021365100000000067e-02
9.576138899999999694e+02 0.000000000000000000e+00 1.081655200000000011e-02
9.583037699999999859e+02 0.000000000000000000e+00 1.141900300000000049e-02
9.589935900000000402e+02 0.000000000000000000e+00 1.222129500000000007e-02
9.596834099999999808e+02 0.000000000000000000e+00 1.325834700000000019e-02
9.603731699999999591e+02 0.000000000000000000e+00 1.407597000000000015e-02
9.610629900000000134e+02 0.000000000000000000e+00 1.479111900000000014e-02
9.617527499999999918e+02 0.000000000000000000e+00 1.578661199999999848e-02
9.624424999999999955e+02 0.000000000000000000e+00 1.700774500000000120e-02
9.631322000000000116e+02 0.000000000000000000e+00 1.817062200000000086e-02
9.638219000000000278e+02 0.000000000000000000e+00 1.923037000000000010e-02
9.645116000000000440e+02 0.000000000000000000e+00 2.030025599999999916e-02
9.652012300000000096e+02 0.000000000000000000e+00 2.120363700000000087e-02
9.658908699999999499e+02 0.000000000000000000e+00 2.221666699999999897e-02
9.665805100000000039e+02 0.000000000000000000e+00 2.318871499999999863e-02
9.672701399999999694e+02 0.000000000000000000e+00 2.381947800000000157e-02
9.679597199999999475e+02 0.000000000000000000e+00 2.447062100000000143e-02
9.686492899999999509e+02 0.000000000000000000e+00 2.515597799999999898e-02
9.693388700000000426e+02 0.000000000000000000e+00 2.593875199999999895e-02
9.700283799999999701e+02 0.000000000000000000e+00 2.636152599999999971e-02
9.707178999999999860e+02 0.000000000000000000e+00 2.673132099999999886e-02
9.714073499999999513e+02 0.000000000000000000e+00 2.708613799999999919e-02
9.720968599999999924e+02 0.000000000000000000e+00 2.753410099999999833e-02
9.727863200000000461e+02 0.000000000000000000e+00 2.801537700000000103e-02
9.734757100000000491e+02 0.000000000000000000e+00 2.853966399999999931e-02
9.741651600000000144e+02 0.000000000000000000e+00 2.903411200000000081e-02
9.748545500000000175e+02 0.000000000000000000e+00 2.991244800000000120e-02
9.755438799999999446e+02 0.000000000000000000e+00 3.069881500000000082e-02
9.762332800000000361e+02 0.000000000000000000e+00 3.111152600000000046e-02
9.769226099999999633e+02 0.000000000000000000e+00 3.163769799999999882e-02
9.776119400000000041e+02 0.000000000000000000e+00 3.251223599999999991e-02
9.783012099999999691e+02 0.000000000000000000e+00 3.364552199999999715e-02
9.789904800000000478e+02 0.000000000000000000e+00 3.480873899999999826e-02
9.796797500000000127e+02 0.000000000000000000e+00 3.600266399999999672e-02
9.803690199999999777e+02 0.000000000000000000e+00 3.721238999999999797e-02
9.810582299999999805e+02 0.000000000000000000e+00 3.883817199999999720e-02
9.817474399999999832e+02 0.000000000000000000e+00 4.028387600000000318e-02
9.824365800000000490e+02 0.000000000000000000e+00 4.160329900000000330e-02
9.831257299999999759e+02 0.000000000000000000e+00 4.303056599999999926e-02
9.838148800000000165e+02 0.000000000000000000e+00 4.468854399999999671e-02
9.845040299999999434e+02 0.000000000000000000e+00 4.646593899999999777e-02
9.851931200000000217e+02 0.000000000000000000e+00 4.792286800000000041e-02
9.858822000000000116e+02 0.000000000000000000e+00 4.939592699999999920e-02
9.865712899999999763e+02 0.000000000000000000e+00 5.059779999999999833e-02
9.872603100000000040e+02 0.000000000000000000e+00 5.183486799999999922e-02
9.879493400000000065e+02 0.000000000000000000e+00 5.354139299999999962e-02
9.886383700000000090e+02 0.000000000000000000e+00 5.482448499999999919e-02
9.893273299999999608e+02 0.000000000000000000e+00 5.624387799999999715e-02
9.900163000000000011e+02 0.000000000000000000e+00 5.664058300000000129e-02
9.907052599999999529e+02 0.000000000000000000e+00 5.690072499999999922e-02
9.913941700000000310e+02 0.000000000000000000e+00 5.673528399999999694e-02
9.920830700000000206e+02 0.000000000000000000e+00 5.659948699999999694e-02
9.927719700000000103e+02 0.000000000000000000e+00 5.609089200000000330e-02
9.934608799999999746e+02 0.000000000000000000e+00 5.539429299999999723e-02
9.941497200000000021e+02 0.000000000000000000e+00 5.433018700000000201e-02
9.948385600000000295e+02 0.000000000000000000e+00 5.302094100000000199e-02
9.955273399999999810e+02 0.000000000000000000e+00 5.182195400000000340e-02
9.962161300000000210e+02 0.000000000000000000e+00 4.979637900000000172e-02
9.969049099999999726e+02 0.000000000000000000e+00 4.798396900000000131e-02
9.975936900000000378e+02 0.000000000000000000e+00 4.573734100000000080e-02
9.982824100000000271e+02 0.000000000000000000e+00 4.408931900000000181e-02
9.989711300000000165e+02 0.000000000000000000e+00 4.273490299999999770e-02
9.996597900000000436e+02 0.000000000000000000e+00 4.153454399999999963e-02
1.000348449999999957e+03 0.000000000000000000e+00 3.969605500000000092e-02
1.001037109999999984e+03 0.000000000000000000e+00 3.810744099999999884e-02
1.001725770000000011e+03 0.000000000000000000e+00 3.632400200000000107e-02
1.002414369999999963e+03 0.000000000000000000e+00 3.452243299999999820e-02
1.003102970000000028e+03 0.000000000000000000e+00 3.297510099999999972e-02
1.003791560000000004e+03 0.000000000000000000e+00 3.162880299999999700e-02
1.004480099999999993e+03 0.000000000000000000e+00 3.033871399999999927e-02
1.005168639999999982e+03 0.000000000000000000e+00 2.902433600000000127e-02
1.005857179999999971e+03 0.000000000000000000e+00 2.765161899999999881e-02
1.006545650000000023e+03 0.000000000000000000e+00 2.654721200000000059e-02
1.007234130000000050e+03 0.000000000000000000e+00 2.557247199999999887e-02
1.007922609999999963e+03 0.000000000000000000e+00 2.420810799999999902e-02
1.008611020000000053e+03 0.000000000000000000e+00 2.330015499999999948e-02
1.009299440000000004e+03 0.000000000000000000e+00 2.261551399999999976e-02
1.009987849999999980e+03 0.000000000000000000e+00 2.170277400000000106e-02
1.010676270000000045e+03 0.000000000000000000e+00 2.056699999999999848e-02
1.011364619999999945e+03 0.000000000000000000e+00 1.988460300000000069e-02
1.012052919999999972e+03 0.000000000000000000e+00 1.919139900000000135e-02
1.012741269999999986e+03 0.000000000000000000e+00 1.874951799999999974e-02
1.013429570000000012e+03 0.000000000000000000e+00 1.817215299999999992e-02
1.014117859999999951e+03 0.000000000000000000e+00 1.772972100000000037e-02
1.014806090000000040e+03 0.000000000000000000e+00 1.722511300000000023e-02
1.015494320000000016e+03 0.000000000000000000e+00 1.692628100000000135e-02
1.016182559999999967e+03 0.000000000000000000e+00 1.656325999999999979e-02
1.016870790000000056e+03 0.000000000000000000e+00 1.631412200000000035e-02
1.017558959999999956e+03 0.000000000000000000e+00 1.592263299999999854e-02
1.018247129999999970e+03 0.000000000000000000e+00 1.555884400000000049e-02
1.018935240000000022e+03 0.000000000000000000e+00 1.528177000000000008e-02
1.019623349999999959e+03 0.000000000000000000e+00 1.524762999999999986e-02
1.020311460000000011e+03 0.000000000000000000e+00 1.502492499999999974e-02
1.020999569999999949e+03 0.000000000000000000e+00 1.486537400000000064e-02
1.021687620000000038e+03 0.000000000000000000e+00 1.481831400000000083e-02
1.022375670000000014e+03 0.000000000000000000e+00 1.497855300000000035e-02
1.023063719999999989e+03 0.000000000000000000e+00 1.491211500000000009e-02
1.023751710000000003e+03 0.000000000000000000e+00 1.486327500000000044e-02
1.024439699999999903e+03 0.000000000000000000e+00 1.479745699999999997e-02
1.025127690000000030e+03 0.000000000000000000e+00 1.487971899999999958e-02
1.025815550000000030e+03 0.000000000000000000e+00 1.506009500000000077e-02
1.026503539999999930e+03 0.000000000000000000e+00 1.520539400000000055e-02
1.027191409999999905e+03 0.000000000000000000e+00 1.529896199999999928e-02
1.027879269999999906e+03 0.000000000000000000e+00 1.559610399999999952e-02
1.028567140000000109e+03 0.000000000000000000e+00 1.577638500000000041e-02
1.029255000000000109e+03 0.000000000000000000e+00 1.595968299999999881e-02
1.029942870000000084e+03 0.000000000000000000e+00 1.621452500000000047e-02
1.030630619999999908e+03 0.000000000000000000e+00 1.666257800000000081e-02
1.031318479999999909e+03 0.000000000000000000e+00 1.698113899999999926e-02
1.032006229999999960e+03 0.000000000000000000e+00 1.719655000000000142e-02
1.032693970000000036e+03 0.000000000000000000e+00 1.740247799999999900e-02
1.033381710000000112e+03 0.000000000000000000e+00 1.776422000000000070e-02
1.034069340000000011e+03 0.000000000000000000e+00 1.806943600000000122e-02
1.034757080000000087e+03 0.000000000000000000e+00 1.833246300000000023e-02
1.035444700000000012e+03 0.000000000000000000e+00 1.856037599999999996e-02
1.036132319999999936e+03 0.000000000000000000e+00 1.869432099999999985e-02
1.036820069999999987e+03 0.000000000000000000e+00 1.898903399999999839e-02
1.037507569999999987e+03 0.000000000000000000e+00 1.910935399999999854e-02
1.038195189999999911e+03 0.000000000000000000e+00 1.916867699999999855e-02
1.038882810000000063e+03 0.000000000000000000e+00 1.923248099999999919e-02
1.039570310000000063e+03 0.000000000000000000e+00 1.927436199999999974e-02
1.040257810000000063e+03 0.000000000000000000e+00 1.925632199999999933e-02
1.040945310000000063e+03 0.000000000000000000e+00 1.911978199999999836e-02
1.041632810000000063e+03 0.000000000000000000e+00 1.879095000000000071e-02
1.042320310000000063e+03 0.000000000000000000e+00 1.864740700000000126e-02
1.043007689999999911e+03 0.000000000000000000e+00 1.853890500000000136e-02
1.043695189999999911e+03 0.000000000000000000e+00 1.834935799999999964e-02
1.044382569999999987e+03 0.000000000000000000e+00 1.802680300000000096e-02
1.045069950000000063e+03 0.000000000000000000e+00 1.773390000000000036e-02
1.045757319999999936e+03 0.000000000000000000e+00 1.745607000000000061e-02
1.046444700000000012e+03 0.000000000000000000e+00 1.726434199999999849e-02
1.047131959999999935e+03 0.000000000000000000e+00 1.702459799999999843e-02
1.047819340000000011e+03 0.000000000000000000e+00 1.675838099999999928e-02
1.048506589999999960e+03 0.000000000000000000e+00 1.646157100000000123e-02
1.049193850000000111e+03 0.000000000000000000e+00 1.624201499999999854e-02
1.049881100000000060e+03 0.000000000000000000e+00 1.615482299999999871e-02
1.050568359999999984e+03 0.000000000000000000e+00 1.597111400000000153e-02
1.051255490000000009e+03 0.000000000000000000e+00 1.573565899999999906e-02
1.051942749999999933e+03 0.000000000000000000e+00 1.568091500000000013e-02
1.052629879999999957e+03 0.000000000000000000e+00 1.565169500000000019e-02
1.053317019999999957e+03 0.000000000000000000e+00 1.551651299999999914e-02
1.054004149999999981e+03 0.000000000000000000e+00 1.536073599999999983e-02
1.054691280000000006e+03 0.000000000000000000e+00 1.535728199999999988e-02
1.055378300000000081e+03 0.000000000000000000e+00 1.548742300000000016e-02
1.056065430000000106e+03 0.000000000000000000e+00 1.552508000000000013e-02
1.056752439999999979e+03 0.000000000000000000e+00 1.534229200000000043e-02
1.057439450000000079e+03 0.000000000000000000e+00 1.537431000000000041e-02
1.058126459999999952e+03 0.000000000000000000e+00 1.556084299999999955e-02
1.058813480000000027e+03 0.000000000000000000e+00 1.574241700000000160e-02
1.059500489999999900e+03 0.000000000000000000e+00 1.587289399999999850e-02
1.060187380000000076e+03 0.000000000000000000e+00 1.595783500000000008e-02
1.060874270000000024e+03 0.000000000000000000e+00 1.615787299999999968e-02
1.061561159999999973e+03 0.000000000000000000e+00 1.654261799999999852e-02
1.062248049999999921e+03 0.000000000000000000e+00 1.689157800000000084e-02
1.062934940000000097e+03 0.000000000000000000e+00 1.722688699999999976e-02
1.063621830000000045e+03 0.000000000000000000e+00 1.776654299999999922e-02
1.064308590000000095e+03 0.000000000000000000e+00 1.809361899999999829e-02
1.064995480000000043e+03 0.000000000000000000e+00 1.854326099999999838e-02
1.065682250000000067e+03 0.000000000000000000e+00 1.894145699999999835e-02
1.066369020000000091e+03 0.000000000000000000e+00 1.948648000000000047e-02
1.067055659999999989e+03 0.000000000000000000e+00 2.012526400000000035e-02
1.067742430000000013e+03 0.000000000000000000e+00 2.053928400000000140e-02
1.068429080000000113e+03 0.000000000000000000e+00 2.089096999999999829e-02
1.069115839999999935e+03 0.000000000000000000e+00 2.135250299999999837e-02
1.069802490000000034e+03 0.000000000000000000e+00 2.199628099999999947e-02
1.070489139999999907e+03 0.000000000000000000e+00 2.229590199999999939e-02
1.071175780000000032e+03 0.000000000000000000e+00 2.261575999999999864e-02
1.071862300000000005e+03 0.000000000000000000e+00 2.290748199999999984e-02
1.072548950000000104e+03 0.000000000000000000e+00 2.311633999999999911e-02
1.073235470000000078e+03 0.000000000000000000e+00 2.325776599999999916e-02
1.073922000000000025e+03 0.000000000000000000e+00 2.328212500000000074e-02
1.074608519999999999e+03 0.000000000000000000e+00 2.303583699999999998e-02
1.075295039999999972e+03 0.000000000000000000e+00 2.302403700000000067e-02
1.075981569999999920e+03 0.000000000000000000e+00 2.304348399999999950e-02
1.076667969999999968e+03 0.000000000000000000e+00 2.290901500000000132e-02
1.077354370000000017e+03 0.000000000000000000e+00 2.249971099999999863e-02
1.078040770000000066e+03 0.000000000000000000e+00 2.213301499999999894e-02
1.078727169999999887e+03 0.000000000000000000e+00 2.166596800000000073e-02
1.079413569999999936e+03 0.000000000000000000e+00 2.118314799999999887e-02
1.080099979999999960e+03 0.000000000000000000e+00 2.066928999999999989e-02
1.080786250000000109e+03 0.000000000000000000e+00 2.023437700000000131e-02
1.081472659999999905e+03 0.000000000000000000e+00 1.964513999999999844e-02
1.082158940000000030e+03 0.000000000000000000e+00 1.900010099999999841e-02
1.082845209999999952e+03 0.000000000000000000e+00 1.833715400000000134e-02
1.083531369999999924e+03 0.000000000000000000e+00 1.773126699999999847e-02
1.084217650000000049e+03 0.000000000000000000e+00 1.702560100000000132e-02
1.084903929999999946e+03 0.000000000000000000e+00 1.634567099999999912e-02
1.085590089999999918e+03 0.000000000000000000e+00 1.580795999999999937e-02
1.086276249999999891e+03 0.000000000000000000e+00 1.524561999999999966e-02
1.086962399999999889e+03 0.000000000000000000e+00 1.471800000000000018e-02
1.087648560000000089e+03 0.000000000000000000e+00 1.413730199999999916e-02
1.088334589999999935e+03 0.000000000000000000e+00 1.373044399999999964e-02
1.089020749999999907e+03 0.000000000000000000e+00 1.327139800000000022e-02
1.089706789999999955e+03 0.000000000000000000e+00 1.288465899999999970e-02
1.090392820000000029e+03 0.000000000000000000e+00 1.258608599999999980e-02
1.091078860000000077e+03 0.000000000000000000e+00 1.236891300000000048e-02
1.091764889999999923e+03 0.000000000000000000e+00 1.210378200000000043e-02
1.092450810000000047e+03 0.000000000000000000e+00 1.171879600000000007e-02
1.093136839999999893e+03 0.000000000000000000e+00 1.155384899999999972e-02
1.093822750000000042e+03 0.000000000000000000e+00 1.148927899999999981e-02
1.094508669999999938e+03 0.000000000000000000e+00 1.143670100000000051e-02
1.095194580000000087e+03 0.000000000000000000e+00 1.138762899999999981e-02
1.095880490000000009e+03 0.000000000000000000e+00 1.140652900000000032e-02
1.096566409999999905e+03 0.000000000000000000e+00 1.149582199999999929e-02
1.097252199999999903e+03 0.000000000000000000e+00 1.154091099999999918e-02
1.097937989999999900e+03 0.000000000000000000e+00 1.149770399999999922e-02
1.098623779999999897e+03 0.000000000000000000e+00 1.151398099999999952e-02
1.099309569999999894e+03 0.000000000000000000e+00 1.151645299999999941e-02
1.099995359999999891e+03 0.000000000000000000e+00 1.168735299999999928e-02
1.100681149999999889e+03 0.000000000000000000e+00 1.193413100000000060e-02
1.101366819999999962e+03 0.000000000000000000e+00 1.215067000000000057e-02
1.102052490000000034e+03 0.000000000000000000e+00 1.248389299999999938e-02
1.102738160000000107e+03 0.000000000000000000e+00 1.273144300000000027e-02
1.103423829999999953e+03 0.000000000000000000e+00 1.296349200000000007e-02
1.104109500000000025e+03 0.000000000000000000e+00 1.346837399999999997e-02
1.104795170000000098e+03 0.000000000000000000e+00 1.395966600000000078e-02
1.105480710000000045e+03 0.000000000000000000e+00 1.425737600000000042e-02
1.106166259999999966e+03 0.000000000000000000e+00 1.469229700000000000e-02
1.106851809999999887e+03 0.000000000000000000e+00 1.551039300000000079e-02
1.107537350000000060e+03 0.000000000000000000e+00 1.624294600000000116e-02
1.108222899999999981e+03 0.000000000000000000e+00 1.685129900000000014e-02
1.108908449999999903e+03 0.000000000000000000e+00 1.735053099999999890e-02
1.109593869999999924e+03 0.000000000000000000e+00 1.778739999999999835e-02
1.110279299999999921e+03 0.000000000000000000e+00 1.858273699999999848e-02
1.110964719999999943e+03 0.000000000000000000e+00 1.939296800000000001e-02
1.111650149999999940e+03 0.000000000000000000e+00 2.013347100000000001e-02
1.112335569999999962e+03 0.000000000000000000e+00 2.092945900000000095e-02
1.113020999999999958e+03 0.000000000000000000e+00 2.182407499999999834e-02
1.113706300000000056e+03 0.000000000000000000e+00 2.269363799999999862e-02
1.114391599999999926e+03 0.000000000000000000e+00 2.330069300000000079e-02
1.115076900000000023e+03 0.000000000000000000e+00 2.407474500000000156e-02
1.115762210000000096e+03 0.000000000000000000e+00 2.484676699999999877e-02
1.116447509999999966e+03 0.000000000000000000e+00 2.556338199999999908e-02
1.117132689999999911e+03 0.000000000000000000e+00 2.649385699999999913e-02
1.117817990000000009e+03 0.000000000000000000e+00 2.724771399999999927e-02
1.118503169999999955e+03 0.000000000000000000e+00 2.794342299999999849e-02
1.119188349999999900e+03 0.000000000000000000e+00 2.869774300000000125e-02
1.119873540000000048e+03 0.000000000000000000e+00 2.944403900000000171e-02
1.120558590000000095e+03 0.000000000000000000e+00 2.992031399999999994e-02
1.121243770000000040e+03 0.000000000000000000e+00 3.051791800000000152e-02
1.121928830000000062e+03 0.000000000000000000e+00 3.110398099999999930e-02
1.122613890000000083e+03 0.000000000000000000e+00 3.169891600000000059e-02
1.123298950000000104e+03 0.000000000000000000e+00 3.203194399999999969e-02
1.123984009999999898e+03 0.000000000000000000e+00 3.221702299999999741e-02
1.124669069999999920e+03 0.000000000000000000e+00 3.233686000000000199e-02
1.125354000000000042e+03 0.000000000000000000e+00 3.259390300000000046e-02
1.126039060000000063e+03 0.000000000000000000e+00 3.263659099999999952e-02
1.126723999999999933e+03 0.000000000000000000e+00 3.252572799999999681e-02
1.127408940000000030e+03 0.000000000000000000e+00 3.230252499999999860e-02
1.128093869999999924e+03 0.000000000000000000e+00 3.208183199999999763e-02
1.128778690000000097e+03 0.000000000000000000e+00 3.194995500000000210e-02
1.129463619999999992e+03 0.000000000000000000e+00 3.184971100000000277e-02
1.130148439999999937e+03 0.000000000000000000e+00 3.168105400000000016e-02
1.130833249999999907e+03 0.000000000000000000e+00 3.148739200000000293e-02
1.131518070000000080e+03 0.000000000000000000e+00 3.126887799999999995e-02
1.132202880000000050e+03 0.000000000000000000e+00 3.104679299999999961e-02
1.132887699999999995e+03 0.000000000000000000e+00 3.088782699999999964e-02
1.133572390000000041e+03 0.000000000000000000e+00 3.060574599999999965e-02
1.134257080000000087e+03 0.000000000000000000e+00 3.019290700000000147e-02
1.134941769999999906e+03 0.000000000000000000e+00 3.002279899999999932e-02
1.135626459999999952e+03 0.000000000000000000e+00 2.967697199999999938e-02
1.136311159999999973e+03 0.000000000000000000e+00 2.926243599999999931e-02
1.136995850000000019e+03 0.000000000000000000e+00 2.883453600000000089e-02
1.137680419999999913e+03 0.000000000000000000e+00 2.864097900000000044e-02
1.138364990000000034e+03 0.000000000000000000e+00 2.842494400000000060e-02
1.139049559999999929e+03 0.000000000000000000e+00 2.820794100000000026e-02
1.139734130000000050e+03 0.000000000000000000e+00 2.820432599999999831e-02
1.140418699999999944e+03 0.000000000000000000e+00 2.823170800000000119e-02
1.141103149999999914e+03 0.000000000000000000e+00 2.831434099999999982e-02
1.141787720000000036e+03 0.000000000000000000e+00 2.840139800000000131e-02
1.142472170000000006e+03 0.000000000000000000e+00 2.849018799999999962e-02
1.143156619999999975e+03 0.000000000000000000e+00 2.879350400000000101e-02
1.143841059999999970e+03 0.000000000000000000e+00 2.899493100000000156e-02
1.144525509999999940e+03 0.000000000000000000e+00 2.926700800000000061e-02
1.145209839999999986e+03 0.000000000000000000e+00 2.968552099999999944e-02
1.145894289999999955e+03 0.000000000000000000e+00 3.012869699999999942e-02
1.146578610000000026e+03 0.000000000000000000e+00 3.044058399999999970e-02
1.147262940000000071e+03 0.000000000000000000e+00 3.078050099999999831e-02
1.147947269999999889e+03 0.000000000000000000e+00 3.094712100000000105e-02
1.148631470000000036e+03 0.000000000000000000e+00 3.137116000000000210e-02
1.149315800000000081e+03 0.000000000000000000e+00 3.184551499999999785e-02
1.150000000000000000e+03 0.000000000000000000e+00 3.211793000000000287e-02
1.150684199999999919e+03 0.000000000000000000e+00 3.238070400000000321e-02
1.151368410000000040e+03 0.000000000000000000e+00 3.271856299999999912e-02
1.152052609999999959e+03 0.000000000000000000e+00 3.309894199999999925e-02
1.152736820000000080e+03 0.000000000000000000e+00 3.328984399999999899e-02
1.153420900000000074e+03 0.000000000000000000e+00 3.338451700000000244e-02
1.154104980000000069e+03 0.000000000000000000e+00 3.362605600000000139e-02
1.154789060000000063e+03 0.000000000000000000e+00 3.380876299999999862e-02
1.155473140000000058e+03 0.000000000000000000e+00 3.369453099999999979e-02
1.156157230000000027e+03 0.000000000000000000e+00 3.346525000000000194e-02
1.156841310000000021e+03 0.000000000000000000e+00 3.339003499999999847e-02
1.157525270000000091e+03 0.000000000000000000e+00 3.325913800000000059e-02
1.158209229999999934e+03 0.000000000000000000e+00 3.294814499999999813e-02
1.158893190000000004e+03 0.000000000000000000e+00 3.235390400000000277e-02
1.159577150000000074e+03 0.000000000000000000e+00 3.191952299999999826e-02
1.160261109999999917e+03 0.000000000000000000e+00 3.153688300000000166e-02
1.160945069999999987e+03 0.000000000000000000e+00 3.113408200000000042e-02
1.161628909999999905e+03 0.000000000000000000e+00 3.051673099999999833e-02
1.162312740000000076e+03 0.000000000000000000e+00 2.982994200000000165e-02
1.162996579999999994e+03 0.000000000000000000e+00 2.932037499999999922e-02
1.163680419999999913e+03 0.000000000000000000e+00 2.887408099999999936e-02
1.164364260000000058e+03 0.000000000000000000e+00 2.826043400000000094e-02
1.165047970000000078e+03 0.000000000000000000e+00 2.765330100000000166e-02
1.165731809999999996e+03 0.000000000000000000e+00 2.708332899999999974e-02
1.166415529999999990e+03 0.000000000000000000e+00 2.649102500000000138e-02
1.167099240000000009e+03 0.000000000000000000e+00 2.593859999999999916e-02
1.167782840000000078e+03 0.000000000000000000e+00 2.538713299999999923e-02
1.168466550000000097e+03 0.000000000000000000e+00 2.476213500000000109e-02
1.169150270000000091e+03 0.000000000000000000e+00 2.414078899999999930e-02
1.169833859999999959e+03 0.000000000000000000e+00 2.360960299999999984e-02
1.170517460000000028e+03 0.000000000000000000e+00 2.308604599999999896e-02
1.171201049999999896e+03 0.000000000000000000e+00 2.258667599999999998e-02
1.171884639999999990e+03 0.000000000000000000e+00 2.211362999999999870e-02
1.172568119999999908e+03 0.000000000000000000e+00 2.154592199999999860e-02
1.173251710000000003e+03 0.000000000000000000e+00 2.098258999999999888e-02
1.173935179999999946e+03 0.000000000000000000e+00 2.054186100000000154e-02
1.174618649999999889e+03 0.000000000000000000e+00 2.013744699999999929e-02
1.175302120000000059e+03 0.000000000000000000e+00 1.966501999999999833e-02
1.175985599999999977e+03 0.000000000000000000e+00 1.920094199999999862e-02
1.176668949999999995e+03 0.000000000000000000e+00 1.878524999999999986e-02
1.177352419999999938e+03 0.000000000000000000e+00 1.842865399999999917e-02
1.178035769999999957e+03 0.000000000000000000e+00 1.806471800000000044e-02
1.178719119999999975e+03 0.000000000000000000e+00 1.769602199999999875e-02
1.179402469999999994e+03 0.000000000000000000e+00 1.739417899999999920e-02
1.180085690000000113e+03 0.000000000000000000e+00 1.709472399999999864e-02
1.180769039999999904e+03 0.000000000000000000e+00 1.673032199999999886e-02
1.181452269999999999e+03 0.000000000000000000e+00 1.651495099999999994e-02
1.182135500000000093e+03 0.000000000000000000e+00 1.626904399999999987e-02
1.182818729999999960e+03 0.000000000000000000e+00 1.599385399999999832e-02
1.183501950000000079e+03 0.000000000000000000e+00 1.562088499999999928e-02
1.184185179999999946e+03 0.000000000000000000e+00 1.533512000000000070e-02
1.184868289999999888e+03 0.000000000000000000e+00 1.515678399999999953e-02
1.185551390000000083e+03 0.000000000000000000e+00 1.481573500000000002e-02
1.186234500000000025e+03 0.000000000000000000e+00 1.442016999999999952e-02
1.186917599999999993e+03 0.000000000000000000e+00 1.417799200000000037e-02
1.187600709999999935e+03 0.000000000000000000e+00 1.397015000000000062e-02
1.188283809999999903e+03 0.000000000000000000e+00 1.373934299999999935e-02
1.188966799999999921e+03 0.000000000000000000e+00 1.350034100000000077e-02
1.189649779999999964e+03 0.000000000000000000e+00 1.331141299999999937e-02
1.190332760000000007e+03 0.000000000000000000e+00 1.316656199999999971e-02
1.191015750000000025e+03 0.000000000000000000e+00 1.295894400000000002e-02
1.191698730000000069e+03 0.000000000000000000e+00 1.273375099999999975e-02
1.192381589999999960e+03 0.000000000000000000e+00 1.243328500000000052e-02
1.193064579999999978e+03 0.000000000000000000e+00 1.223544900000000067e-02
1.193747440000000097e+03 0.000000000000000000e+00 1.208488700000000075e-02
1.194430299999999988e+03 0.000000000000000000e+00 1.189436200000000034e-02
1.195113160000000107e+03 0.000000000000000000e+00 1.164244199999999937e-02
1.195795900000000074e+03 0.000000000000000000e+00 1.139184199999999925e-02
1.196478759999999966e+03 0.000000000000000000e+00 1.120124999999999940e-02
1.197161499999999933e+03 0.000000000000000000e+00 1.101600699999999954e-02
1.197844239999999900e+03 0.000000000000000000e+00 1.083077300000000014e-02
1.198526980000000094e+03 0.000000000000000000e+00 1.062351899999999967e-02
1.199209720000000061e+03 0.000000000000000000e+00 1.043958400000000002e-02
1.199892329999999902e+03 0.000000000000000000e+00 1.028540099999999957e-02
1.200575070000000096e+03 0.000000000000000000e+00 1.013181299999999993e-02
1.201257689999999911e+03 0.000000000000000000e+00 1.000468200000000085e-02
1.201940309999999954e+03 0.000000000000000000e+00 9.892490999999999784e-03
1.202622920000000022e+03 0.000000000000000000e+00 9.734764999999999391e-03
1.203305540000000065e+03 0.000000000000000000e+00 9.583536000000000138e-03
1.203988039999999955e+03 0.000000000000000000e+00 9.436925999999999995e-03
1.204670650000000023e+03 0.000000000000000000e+00 9.293753999999999557e-03
1.205353149999999914e+03 0.000000000000000000e+00 9.117467000000000626e-03
1.206035640000000058e+03 0.000000000000000000e+00 8.958518000000000384e-03
1.206718139999999948e+03 0.000000000000000000e+00 8.835766999999999580e-03
1.207400509999999940e+03 0.000000000000000000e+00 8.705822999999999687e-03
1.208083010000000058e+03 0.000000000000000000e+00 8.532431000000000043e-03
1.208765380000000050e+03 0.000000000000000000e+00 8.393388999999999364e-03
1.209447750000000042e+03 0.000000000000000000e+00 8.254278000000000309e-03
1.210130130000000008e+03 0.000000000000000000e+00 8.118302000000000851e-03
1.210812500000000000e+03 0.000000000000000000e+00 8.016449000000000144e-03
1.211494750000000067e+03 0.000000000000000000e+00 7.935891999999999946e-03
1.212177120000000059e+03 0.000000000000000000e+00 7.819209000000000576e-03
1.212859380000000101e+03 0.000000000000000000e+00 7.706651999999999600e-03
1.213541629999999941e+03 0.000000000000000000e+00 7.599248999999999761e-03
1.214223880000000008e+03 0.000000000000000000e+00 7.525781999999999958e-03
1.214906009999999924e+03 0.000000000000000000e+00 7.392728999999999794e-03
1.215588259999999991e+03 0.000000000000000000e+00 7.292932000000000234e-03
1.216270389999999907e+03 0.000000000000000000e+00 7.151585000000000233e-03
1.216952510000000075e+03 0.000000000000000000e+00 7.015564000000000175e-03
1.217634639999999990e+03 0.000000000000000000e+00 6.910541000000000079e-03
1.218316769999999906e+03 0.000000000000000000e+00 6.879164000000000112e-03
1.218998900000000049e+03 0.000000000000000000e+00 6.863745000000000089e-03
1.219680910000000040e+03 0.000000000000000000e+00 6.845416000000000001e-03
1.220363039999999955e+03 0.000000000000000000e+00 6.748076999999999895e-03
1.221045039999999972e+03 0.000000000000000000e+00 6.671268999999999637e-03
1.221727049999999963e+03 0.000000000000000000e+00 6.558424999999999672e-03
1.222408940000000030e+03 0.000000000000000000e+00 6.533019999999999626e-03
1.223090940000000046e+03 0.000000000000000000e+00 6.469808999999999977e-03
1.223772830000000113e+03 0.000000000000000000e+00 6.431459999999999955e-03
1.224454709999999977e+03 0.000000000000000000e+00 6.395495999999999646e-03
1.225136600000000044e+03 0.000000000000000000e+00 6.411179000000000357e-03
1.225818479999999909e+03 0.000000000000000000e+00 6.381946999999999794e-03
1.226500369999999975e+03 0.000000000000000000e+00 6.331429000000000397e-03
1.227182129999999916e+03 0.000000000000000000e+00 6.261186000000000182e-03
1.227864010000000007e+03 0.000000000000000000e+00 6.210064000000000382e-03
1.228545779999999922e+03 0.000000000000000000e+00 6.171036999999999877e-03
1.229227540000000090e+03 0.000000000000000000e+00 6.125648000000000030e-03
1.229909180000000106e+03 0.000000000000000000e+00 6.072451000000000411e-03
1.230590940000000046e+03 0.000000000000000000e+00 6.002862999999999775e-03
1.231272580000000062e+03 0.000000000000000000e+00 5.958820000000000089e-03
1.231954349999999977e+03 0.000000000000000000e+00 5.958536000000000388e-03
1.232635989999999993e+03 0.000000000000000000e+00 5.955929000000000431e-03
1.233317630000000008e+03 0.000000000000000000e+00 5.969183999999999775e-03
1.233999150000000100e+03 0.000000000000000000e+00 5.973466000000000192e-03
1.234680789999999888e+03 0.000000000000000000e+00 5.980044999999999805e-03
1.235362300000000005e+03 0.000000000000000000e+00 6.002849999999999679e-03
1.236043820000000096e+03 0.000000000000000000e+00 6.019423999999999782e-03
1.236725339999999960e+03 0.000000000000000000e+00 6.012950000000000413e-03
1.237406860000000052e+03 0.000000000000000000e+00 6.029500000000000137e-03
1.238088379999999916e+03 0.000000000000000000e+00 6.104955999999999924e-03
1.238769780000000083e+03 0.000000000000000000e+00 6.221238999999999936e-03
1.239451170000000047e+03 0.000000000000000000e+00 6.318421000000000280e-03
1.240132569999999987e+03 0.000000000000000000e+00 6.384487000000000322e-03
1.240813959999999952e+03 0.000000000000000000e+00 6.451550000000000340e-03
1.241495359999999891e+03 0.000000000000000000e+00 6.508466000000000078e-03
1.242176760000000058e+03 0.000000000000000000e+00 6.575471999999999741e-03
1.242858030000000099e+03 0.000000000000000000e+00 6.731566999999999933e-03
1.243539309999999887e+03 0.000000000000000000e+00 6.874729999999999903e-03
1.244220579999999927e+03 0.000000000000000000e+00 6.978014000000000265e-03
1.244901859999999942e+03 0.000000000000000000e+00 7.093185999999999589e-03
1.245583129999999983e+03 0.000000000000000000e+00 7.224394000000000302e-03
1.246264280000000099e+03 0.000000000000000000e+00 7.359084999999999585e-03
1.246945429999999988e+03 0.000000000000000000e+00 7.472206000000000334e-03
1.247626590000000078e+03 0.000000000000000000e+00 7.642107999999999887e-03
1.248307739999999967e+03 0.000000000000000000e+00 7.824822000000000374e-03
1.248988890000000083e+03 0.000000000000000000e+00 8.078573000000000351e-03
1.249670039999999972e+03 0.000000000000000000e+00 8.289776999999999910e-03
1.250351069999999936e+03 0.000000000000000000e+00 8.402259000000000463e-03
1.251032099999999900e+03 0.000000000000000000e+00 8.506812000000000748e-03
1.251713130000000092e+03 0.000000000000000000e+00 8.721411000000000094e-03
1.252394170000000031e+03 0.000000000000000000e+00 8.955519999999999800e-03
1.253075199999999995e+03 0.000000000000000000e+00 9.090818999999999983e-03
1.253756100000000060e+03 0.000000000000000000e+00 9.191282000000000271e-03
1.254437130000000025e+03 0.000000000000000000e+00 9.379447000000000825e-03
1.255118040000000065e+03 0.000000000000000000e+00 9.641968000000000760e-03
1.255798950000000104e+03 0.000000000000000000e+00 9.891198999999999825e-03
1.256479739999999993e+03 0.000000000000000000e+00 1.006266899999999978e-02
1.257160640000000058e+03 0.000000000000000000e+00 1.020424800000000083e-02
1.257841429999999946e+03 0.000000000000000000e+00 1.034401499999999981e-02
1.258522220000000061e+03 0.000000000000000000e+00 1.055116099999999987e-02
1.259202999999999975e+03 0.000000000000000000e+00 1.070901099999999918e-02
1.259883790000000090e+03 0.000000000000000000e+00 1.084834999999999966e-02
1.260564579999999978e+03 0.000000000000000000e+00 1.098978400000000070e-02
1.261245239999999967e+03 0.000000000000000000e+00 1.112002800000000055e-02
1.261926030000000083e+03 0.000000000000000000e+00 1.128548799999999977e-02
1.262606690000000071e+03 0.000000000000000000e+00 1.133336400000000029e-02
1.263287350000000060e+03 0.000000000000000000e+00 1.142654100000000013e-02
1.263968020000000024e+03 0.000000000000000000e+00 1.156124300000000056e-02
1.264648560000000089e+03 0.000000000000000000e+00 1.167607799999999946e-02
1.265329220000000078e+03 0.000000000000000000e+00 1.174857099999999932e-02
1.266009769999999889e+03 0.000000000000000000e+00 1.184382600000000001e-02
1.266690309999999954e+03 0.000000000000000000e+00 1.186728400000000051e-02
1.267370850000000019e+03 0.000000000000000000e+00 1.186271600000000058e-02
1.268051269999999931e+03 0.000000000000000000e+00 1.184778499999999957e-02
1.268731809999999996e+03 0.000000000000000000e+00 1.188162400000000035e-02
1.269412229999999909e+03 0.000000000000000000e+00 1.191556900000000085e-02
1.270092650000000049e+03 0.000000000000000000e+00 1.194720699999999962e-02
1.270773069999999962e+03 0.000000000000000000e+00 1.189866099999999961e-02
1.271453490000000102e+03 0.000000000000000000e+00 1.187737500000000078e-02
1.272133910000000014e+03 0.000000000000000000e+00 1.195678300000000034e-02
1.272814210000000003e+03 0.000000000000000000e+00 1.206445599999999944e-02
1.273494509999999991e+03 0.000000000000000000e+00 1.205181800000000060e-02
1.274174800000000005e+03 0.000000000000000000e+00 1.199126900000000058e-02
1.274855099999999993e+03 0.000000000000000000e+00 1.194212600000000082e-02
1.275535399999999981e+03 0.000000000000000000e+00 1.191115700000000034e-02
1.276215580000000045e+03 0.000000000000000000e+00 1.185463800000000067e-02
1.276895870000000059e+03 0.000000000000000000e+00 1.178826600000000037e-02
1.277576049999999896e+03 0.000000000000000000e+00 1.173761599999999933e-02
1.278256229999999960e+03 0.000000000000000000e+00 1.166805100000000046e-02
1.278936279999999897e+03 0.000000000000000000e+00 1.158872199999999922e-02
1.279616459999999961e+03 0.000000000000000000e+00 1.146236100000000077e-02
1.280296509999999898e+03 0.000000000000000000e+00 1.132812199999999950e-02
1.280976560000000063e+03 0.000000000000000000e+00 1.118478499999999917e-02
1.281656739999999900e+03 0.000000000000000000e+00 1.104029400000000084e-02
1.282336669999999913e+03 0.000000000000000000e+00 1.091391499999999973e-02
1.283016720000000078e+03 0.000000000000000000e+00 1.077795800000000068e-02
1.283696779999999990e+03 0.000000000000000000e+00 1.071983299999999979e-02
1.284376710000000003e+03 0.000000000000000000e+00 1.062064899999999937e-02
1.285056640000000016e+03 0.000000000000000000e+00 1.055545100000000042e-02
1.285736570000000029e+03 0.000000000000000000e+00 1.039727399999999975e-02
1.286416500000000042e+03 0.000000000000000000e+00 1.024652600000000059e-02
1.287096309999999903e+03 0.000000000000000000e+00 1.007557899999999944e-02
1.287776249999999891e+03 0.000000000000000000e+00 9.922662000000000496e-03
1.288456050000000005e+03 0.000000000000000000e+00 9.760329999999999354e-03
1.289135860000000093e+03 0.000000000000000000e+00 9.508053000000000685e-03
1.289815669999999955e+03 0.000000000000000000e+00 9.338045999999999153e-03
1.290495359999999891e+03 0.000000000000000000e+00 9.257628000000000384e-03
1.291175169999999980e+03 0.000000000000000000e+00 9.181827000000000044e-03
1.291854859999999917e+03 0.000000000000000000e+00 9.035401999999999670e-03
1.292534550000000081e+03 0.000000000000000000e+00 8.853296000000000082e-03
1.293214230000000043e+03 0.000000000000000000e+00 8.723675000000000179e-03
1.293893919999999980e+03 0.000000000000000000e+00 8.615938999999999542e-03
1.294573489999999993e+03 0.000000000000000000e+00 8.519443999999999281e-03
1.295253169999999955e+03 0.000000000000000000e+00 8.352930999999999204e-03
1.295932739999999967e+03 0.000000000000000000e+00 8.181380000000000249e-03
1.296612300000000005e+03 0.000000000000000000e+00 8.041886999999999300e-03
1.297291870000000017e+03 0.000000000000000000e+00 7.934224999999999611e-03
1.297971309999999903e+03 0.000000000000000000e+00 7.808902000000000378e-03
1.298650879999999916e+03 0.000000000000000000e+00 7.733687999999999847e-03
1.299330320000000029e+03 0.000000000000000000e+00 7.623452999999999653e-03
1.300009769999999889e+03 0.000000000000000000e+00 7.533777999999999656e-03
1.300689210000000003e+03 0.000000000000000000e+00 7.456467999999999950e-03
1.301368649999999889e+03 0.000000000000000000e+00 7.349874000000000164e-03
1.302047970000000078e+03 0.000000000000000000e+00 7.197076999999999641e-03
1.302727290000000039e+03 0.000000000000000000e+00 7.056894000000000187e-03
1.303406739999999900e+03 0.000000000000000000e+00 6.930758000000000404e-03
1.304085939999999937e+03 0.000000000000000000e+00 6.831382999999999900e-03
1.304765259999999898e+03 0.000000000000000000e+00 6.714674999999999810e-03
1.305444580000000087e+03 0.000000000000000000e+00 6.576517999999999947e-03
1.306123779999999897e+03 0.000000000000000000e+00 6.461223000000000313e-03
1.306802979999999934e+03 0.000000000000000000e+00 6.336918999999999885e-03
1.307482299999999896e+03 0.000000000000000000e+00 6.230679999999999726e-03
1.308161380000000008e+03 0.000000000000000000e+00 6.151353000000000029e-03
1.308840580000000045e+03 0.000000000000000000e+00 6.089055000000000335e-03
1.309519780000000083e+03 0.000000000000000000e+00 6.016826000000000292e-03
1.310198849999999993e+03 0.000000000000000000e+00 5.918101000000000264e-03
1.310877930000000106e+03 0.000000000000000000e+00 5.824654000000000290e-03
1.311557009999999991e+03 0.000000000000000000e+00 5.765372000000000378e-03
1.312236079999999902e+03 0.000000000000000000e+00 5.660028999999999581e-03
1.312915040000000090e+03 0.000000000000000000e+00 5.551162000000000110e-03
1.313594119999999975e+03 0.000000000000000000e+00 5.450973999999999924e-03
1.314273069999999962e+03 0.000000000000000000e+00 5.430588000000000082e-03
1.314952029999999922e+03 0.000000000000000000e+00 5.417469999999999751e-03
1.315630979999999909e+03 0.000000000000000000e+00 5.334303999999999782e-03
1.316309809999999970e+03 0.000000000000000000e+00 5.233073999999999885e-03
1.316988769999999931e+03 0.000000000000000000e+00 5.144324999999999939e-03
1.317667599999999993e+03 0.000000000000000000e+00 5.070386999999999984e-03
1.318346440000000030e+03 0.000000000000000000e+00 5.000062999999999903e-03
1.319025270000000091e+03 0.000000000000000000e+00 4.917307999999999575e-03
1.319704099999999926e+03 0.000000000000000000e+00 4.840581000000000050e-03
1.320382810000000063e+03 0.000000000000000000e+00 4.772987000000000236e-03
1.321061519999999973e+03 0.000000000000000000e+00 4.718729999999999973e-03
1.321740360000000010e+03 0.000000000000000000e+00 4.655784999999999958e-03
1.322419069999999920e+03 0.000000000000000000e+00 4.605745999999999972e-03
1.323097659999999905e+03 0.000000000000000000e+00 4.600606999999999613e-03
1.323776370000000043e+03 0.000000000000000000e+00 4.556789999999999799e-03
1.324454960000000028e+03 0.000000000000000000e+00 4.465572000000000118e-03
1.325133669999999938e+03 0.000000000000000000e+00 4.342712999999999782e-03
1.325812259999999924e+03 0.000000000000000000e+00 4.293347000000000309e-03
1.326490720000000010e+03 0.000000000000000000e+00 4.209291000000000421e-03
1.327169309999999996e+03 0.000000000000000000e+00 4.175650999999999842e-03
1.327847899999999981e+03 0.000000000000000000e+00 4.116973999999999807e-03
1.328526370000000043e+03 0.000000000000000000e+00 4.086771000000000327e-03
1.329204829999999902e+03 0.000000000000000000e+00 4.050118000000000121e-03
1.329883299999999963e+03 0.000000000000000000e+00 3.999935999999999943e-03
1.330561770000000024e+03 0.000000000000000000e+00 3.968824999999999610e-03
1.331240109999999959e+03 0.000000000000000000e+00 3.939222000000000036e-03
1.331918580000000020e+03 0.000000000000000000e+00 3.896399999999999950e-03
1.332596919999999955e+03 0.000000000000000000e+00 3.835854999999999994e-03
1.333275270000000091e+03 0.000000000000000000e+00 3.792766999999999840e-03
1.333953610000000026e+03 0.000000000000000000e+00 3.756975000000000071e-03
1.334631840000000011e+03 0.000000000000000000e+00 3.683950999999999979e-03
1.335310179999999946e+03 0.000000000000000000e+00 3.636673999999999896e-03
1.335988399999999956e+03 0.000000000000000000e+00 3.589489999999999868e-03
1.336666629999999941e+03 0.000000000000000000e+00 3.551593000000000024e-03
1.337344849999999951e+03 0.000000000000000000e+00 3.501185999999999882e-03
1.338022950000000037e+03 0.000000000000000000e+00 3.443109000000000187e-03
1.338701170000000047e+03 0.000000000000000000e+00 3.414036000000000067e-03
1.339379269999999906e+03 0.000000000000000000e+00 3.384196999999999813e-03
1.340057369999999992e+03 0.000000000000000000e+00 3.358537999999999888e-03
1.340735470000000078e+03 0.000000000000000000e+00 3.312063999999999980e-03
1.341413569999999936e+03 0.000000000000000000e+00 3.296285999999999834e-03
1.342091550000000097e+03 0.000000000000000000e+00 3.279481999999999797e-03
1.342769649999999956e+03 0.000000000000000000e+00 3.211470000000000123e-03
1.343447629999999890e+03 0.000000000000000000e+00 3.162709000000000093e-03
1.344125610000000052e+03 0.000000000000000000e+00 3.141690999999999841e-03
1.344803589999999986e+03 0.000000000000000000e+00 3.112474999999999964e-03
1.345481449999999995e+03 0.000000000000000000e+00 3.053647000000000045e-03
1.346159419999999955e+03 0.000000000000000000e+00 2.975092999999999835e-03
1.346837279999999964e+03 0.000000000000000000e+00 2.958310999999999927e-03
1.347515139999999974e+03 0.000000000000000000e+00 2.925682000000000196e-03
1.348192990000000009e+03 0.000000000000000000e+00 2.900827999999999827e-03
1.348870850000000019e+03 0.000000000000000000e+00 2.863021999999999789e-03
1.349548579999999902e+03 0.000000000000000000e+00 2.823884999999999937e-03
1.350226319999999987e+03 0.000000000000000000e+00 2.806504000000000030e-03
1.350904170000000022e+03 0.000000000000000000e+00 2.774302000000000192e-03
1.351581789999999955e+03 0.000000000000000000e+00 2.742519000000000120e-03
1.352259520000000066e+03 0.000000000000000000e+00 2.782376000000000033e-03
1.352937259999999924e+03 0.000000000000000000e+00 2.805230000000000137e-03
1.353614870000000110e+03 0.000000000000000000e+00 2.796050000000000011e-03
1.354292480000000069e+03 0.000000000000000000e+00 2.779034000000000105e-03
1.354970090000000027e+03 0.000000000000000000e+00 2.819523999999999902e-03
1.355647709999999961e+03 0.000000000000000000e+00 2.864330000000000001e-03
1.356325319999999920e+03 0.000000000000000000e+00 2.845270999999999911e-03
1.357002809999999954e+03 0.000000000000000000e+00 2.809550000000000068e-03
1.357680299999999988e+03 0.000000000000000000e+00 2.760733000000000024e-03
1.358357790000000023e+03 0.000000000000000000e+00 2.756813999999999792e-03
1.359035280000000057e+03 0.000000000000000000e+00 2.721484000000000143e-03
1.359712770000000091e+03 0.000000000000000000e+00 2.700740999999999992e-03
1.360390139999999974e+03 0.000000000000000000e+00 2.661137000000000051e-03
1.361067630000000008e+03 0.000000000000000000e+00 2.608108000000000041e-03
1.361744999999999891e+03 0.000000000000000000e+00 2.538388999999999836e-03
1.362422360000000026e+03 0.000000000000000000e+00 2.461301999999999848e-03
1.363099609999999984e+03 0.000000000000000000e+00 2.403104999999999998e-03
1.363776980000000094e+03 0.000000000000000000e+00 2.380216000000000102e-03
1.364454220000000078e+03 0.000000000000000000e+00 2.343430999999999986e-03
1.365131470000000036e+03 0.000000000000000000e+00 2.303447000000000133e-03
1.365808719999999994e+03 0.000000000000000000e+00 2.235869000000000138e-03
1.366485959999999977e+03 0.000000000000000000e+00 2.180478999999999924e-03
1.367163209999999935e+03 0.000000000000000000e+00 2.149600000000000209e-03
1.367840329999999994e+03 0.000000000000000000e+00 2.175855999999999884e-03
