9.306945799999999736e+02 0.000000000000000000e+00 8.836618235857983394e-02
9.313851899999999659e+02 0.000000000000000000e+00 8.041713107762232804e-02
9.320757399999999961e+02 0.000000000000000000e+00 7.246877040797447544e-02
9.327663000000000011e+02 0.000000000000000000e+00 7.601102329094591714e-02
9.334568500000000313e+02 0.000000000000000000e+00 8.273259092154731931e-02
9.341473999999999478e+02 0.000000000000000000e+00 8.859976715545161974e-02
9.348378900000000158e+02 0.000000000000000000e+00 9.199577160401706255e-02
9.355283799999999701e+02 0.000000000000000000e+00 9.539177605258195025e-02
9.362188700000000381e+02 0.000000000000000000e+00 9.312440425382681464e-02
9.369093000000000302e+02 0.000000000000000000e+00 8.876694840502107053e-02
9.375997300000000223e+02 0.000000000000000000e+00 8.684919273669734763e-02
9.382901600000000144e+02 0.000000000000000000e+00 9.446491885196062199e-02
9.389805300000000443e+02 0.000000000000000000e+00 1.020799831426122406e-01
9.396708999999999605e+02 0.000000000000000000e+00 1.059498863932972212e-01
9.403612699999999904e+02 0.000000000000000000e+00 1.080325675601797181e-01
9.410515699999999697e+02 0.000000000000000000e+00 1.096184548068528386e-01
9.417418800000000374e+02 0.000000000000000000e+00 1.083873114326113912e-01
9.424321899999999914e+02 0.000000000000000000e+00 1.071561680583701520e-01
9.431224999999999454e+02 0.000000000000000000e+00 1.064951272557668471e-01
9.438127399999999625e+02 0.000000000000000000e+00 1.061795129388275749e-01
9.445029899999999543e+02 0.000000000000000000e+00 1.061018038574270961e-01
9.451931799999999839e+02 0.000000000000000000e+00 1.082795682755418459e-01
9.458833600000000388e+02 0.000000000000000000e+00 1.104573011405420579e-01
9.465735499999999547e+02 0.000000000000000000e+00 1.133624717240356850e-01
9.472637300000000096e+02 0.000000000000000000e+00 1.168214175889980416e-01
9.479538599999999633e+02 0.000000000000000000e+00 1.202032267139852978e-01
9.486439800000000560e+02 0.000000000000000000e+00 1.217429645125345378e-01
9.493341100000000097e+02 0.000000000000000000e+00 1.232827246222438361e-01
9.500241700000000264e+02 0.000000000000000000e+00 1.265552850871211887e-01
9.507142300000000432e+02 0.000000000000000000e+00 1.314776071701632409e-01
9.514043000000000347e+02 0.000000000000000000e+00 1.364000005850035668e-01
9.520943600000000515e+02 0.000000000000000000e+00 1.424535754379592511e-01
9.527843599999999924e+02 0.000000000000000000e+00 1.485247123354697663e-01
9.534743700000000217e+02 0.000000000000000000e+00 1.540748415807558502e-01
9.541643100000000004e+02 0.000000000000000000e+00 1.590030215562022731e-01
9.548542499999999791e+02 0.000000000000000000e+00 1.639312015316487237e-01
9.555441899999999578e+02 0.000000000000000000e+00 1.777004231996157091e-01
9.562341300000000501e+02 0.000000000000000000e+00 1.921583873155217337e-01
9.569240099999999529e+02 0.000000000000000000e+00 2.025342710129476032e-01
9.576138899999999694e+02 0.000000000000000000e+00 2.067680778395779295e-01
9.583037699999999859e+02 0.000000000000000000e+00 2.110018846662082281e-01
9.589935900000000402e+02 0.000000000000000000e+00 2.174629198030680610e-01
9.596834099999999808e+02 0.000000000000000000e+00 2.242554532534211109e-01
9.603731699999999591e+02 0.000000000000000000e+00 2.337014463064725489e-01
9.610629900000000134e+02 0.000000000000000000e+00 2.482669707571784623e-01
9.617527499999999918e+02 0.000000000000000000e+00 2.628312283100441293e-01
9.624424999999999955e+02 0.000000000000000000e+00 2.787252805121038790e-01
9.631322000000000116e+02 0.000000000000000000e+00 2.949252667082684631e-01
9.638219000000000278e+02 0.000000000000000000e+00 3.095054805366455608e-01
9.645116000000000440e+02 0.000000000000000000e+00 3.199874269210628008e-01
9.652012300000000096e+02 0.000000000000000000e+00 3.304683094570713409e-01
9.658908699999999499e+02 0.000000000000000000e+00 3.478163973576772761e-01
9.665805100000000039e+02 0.000000000000000000e+00 3.674075800548350923e-01
9.672701399999999694e+02 0.000000000000000000e+00 3.862255898935344489e-01
9.679597199999999475e+02 0.000000000000000000e+00 4.023690346854177924e-01
9.686492899999999509e+02 0.000000000000000000e+00 4.185122453718347901e-01
9.693388700000000426e+02 0.000000000000000000e+00 4.323667371637983092e-01
9.700283799999999701e+02 0.000000000000000000e+00 4.452136917667449678e-01
9.707178999999999860e+02 0.000000000000000000e+00 4.584806640272147127e-01
9.714073499999999513e+02 0.000000000000000000e+00 4.738747036885815889e-01
9.720968599999999924e+02 0.000000000000000000e+00 4.892700830299554493e-01
9.727863200000000461e+02 0.000000000000000000e+00 5.078345885637320922e-01
9.734757100000000491e+02 0.000000000000000000e+00 5.282220503665195910e-01
9.741651600000000144e+02 0.000000000000000000e+00 5.490962897657183373e-01
9.748545500000000175e+02 0.000000000000000000e+00 5.741302154048527617e-01
9.755438799999999446e+02 0.000000000000000000e+00 5.991619622547093016e-01
9.762332800000000361e+02 0.000000000000000000e+00 6.196730300479594833e-01
9.769226099999999633e+02 0.000000000000000000e+00 6.368237663406288718e-01
9.776119400000000041e+02 0.000000000000000000e+00 6.541839160001132747e-01
9.783012099999999691e+02 0.000000000000000000e+00 6.761592505466240688e-01
9.789904800000000478e+02 0.000000000000000000e+00 6.981345850931384156e-01
9.796797500000000127e+02 0.000000000000000000e+00 7.209314307991004922e-01
9.803690199999999777e+02 0.000000000000000000e+00 7.445093369139181849e-01
9.810582299999999805e+02 0.000000000000000000e+00 7.680851906046262112e-01
9.817474399999999832e+02 0.000000000000000000e+00 7.895166861011981840e-01
9.824365800000000490e+02 0.000000000000000000e+00 8.109059734735833969e-01
9.831257299999999759e+02 0.000000000000000000e+00 8.350202774583989074e-01
9.838148800000000165e+02 0.000000000000000000e+00 8.624576419916840653e-01
9.845040299999999434e+02 0.000000000000000000e+00 8.898950065249647823e-01
9.851931200000000217e+02 0.000000000000000000e+00 9.171449986292004031e-01
9.858822000000000116e+02 0.000000000000000000e+00 9.443783594927027680e-01
9.865712899999999763e+02 0.000000000000000000e+00 9.676791271298084141e-01
9.872603100000000040e+02 0.000000000000000000e+00 9.847710502853279646e-01
9.879493400000000065e+02 0.000000000000000000e+00 1.001863221502196977e+00
9.886383700000000090e+02 0.000000000000000000e+00 1.023223786409616753e+00
9.893273299999999608e+02 0.000000000000000000e+00 1.045298292751913438e+00
9.900163000000000011e+02 0.000000000000000000e+00 1.069037413662783154e+00
9.907052599999999529e+02 0.000000000000000000e+00 1.096240535023796925e+00
9.913941700000000310e+02 0.000000000000000000e+00 1.123441682168507150e+00
9.920830700000000206e+02 0.000000000000000000e+00 1.137165001005855602e+00
9.927719700000000103e+02 0.000000000000000000e+00 1.147357856464190196e+00
9.934608799999999746e+02 0.000000000000000000e+00 1.154773565726873175e+00
9.941497200000000021e+02 0.000000000000000000e+00 1.154304377636543366e+00
9.948385600000000295e+02 0.000000000000000000e+00 1.153835189546213336e+00
9.955273399999999810e+02 0.000000000000000000e+00 1.155541298310207798e+00
9.962161300000000210e+02 0.000000000000000000e+00 1.158059638714521222e+00
9.969049099999999726e+02 0.000000000000000000e+00 1.160515891145957212e+00
9.975936900000000378e+02 0.000000000000000000e+00 1.162717060025419080e+00
9.982824100000000271e+02 0.000000000000000000e+00 1.164918037159863751e+00
9.989711300000000165e+02 0.000000000000000000e+00 1.163339177024643512e+00
9.996597900000000436e+02 0.000000000000000000e+00 1.159840649419357383e+00
1.000348449999999957e+03 0.000000000000000000e+00 1.156501523078240723e+00
1.001037109999999984e+03 0.000000000000000000e+00 1.154226478092786667e+00
1.001725770000000011e+03 0.000000000000000000e+00 1.151951433107332612e+00
1.002414369999999963e+03 0.000000000000000000e+00 1.142392494508500889e+00
1.003102970000000028e+03 0.000000000000000000e+00 1.127923134777436331e+00
1.003791560000000004e+03 0.000000000000000000e+00 1.113818432881475085e+00
1.004480099999999993e+03 0.000000000000000000e+00 1.105029627707637907e+00
1.005168639999999982e+03 0.000000000000000000e+00 1.096240822533800729e+00
1.005857179999999971e+03 0.000000000000000000e+00 1.089918083503327528e+00
1.006545650000000023e+03 0.000000000000000000e+00 1.085775594103661534e+00
1.007234130000000050e+03 0.000000000000000000e+00 1.081633044534497712e+00
1.007922609999999963e+03 0.000000000000000000e+00 1.069521329649125052e+00
1.008611020000000053e+03 0.000000000000000000e+00 1.057389587362047578e+00
1.009299440000000004e+03 0.000000000000000000e+00 1.047389958519218789e+00
1.009987849999999980e+03 0.000000000000000000e+00 1.039856645928711520e+00
1.010676270000000045e+03 0.000000000000000000e+00 1.032323223907593901e+00
1.011364619999999945e+03 0.000000000000000000e+00 1.023281735846177432e+00
1.012052919999999972e+03 0.000000000000000000e+00 1.014127261643329447e+00
1.012741269999999986e+03 0.000000000000000000e+00 1.002379118749861187e+00
1.013429570000000012e+03 0.000000000000000000e+00 9.866740638529825080e-01
1.014117859999999951e+03 0.000000000000000000e+00 9.709692371277593992e-01
1.014806090000000040e+03 0.000000000000000000e+00 9.577052390282267957e-01
1.015494320000000016e+03 0.000000000000000000e+00 9.448323339449821168e-01
1.016182559999999967e+03 0.000000000000000000e+00 9.280023176283355157e-01
1.016870790000000056e+03 0.000000000000000000e+00 9.030445376183302564e-01
1.017558959999999956e+03 0.000000000000000000e+00 8.780889334315314931e-01
1.018247129999999970e+03 0.000000000000000000e+00 8.710327613828493520e-01
1.018935240000000022e+03 0.000000000000000000e+00 8.686518826061864207e-01
1.019623349999999959e+03 0.000000000000000000e+00 8.619118250395310099e-01
1.020311460000000011e+03 0.000000000000000000e+00 8.426423125853201856e-01
1.020999569999999949e+03 0.000000000000000000e+00 8.233728001311125810e-01
1.021687620000000038e+03 0.000000000000000000e+00 8.136996812036129123e-01
1.022375670000000014e+03 0.000000000000000000e+00 8.076950936611096976e-01
1.023063719999999989e+03 0.000000000000000000e+00 7.993718117045515159e-01
1.023751710000000003e+03 0.000000000000000000e+00 7.810624132993210234e-01
1.024439699999999903e+03 0.000000000000000000e+00 7.627530148940935284e-01
1.025127690000000030e+03 0.000000000000000000e+00 7.509731785049383879e-01
1.025815550000000030e+03 0.000000000000000000e+00 7.426600114150243570e-01
1.026503539999999930e+03 0.000000000000000000e+00 7.342273692488149317e-01
1.027191409999999905e+03 0.000000000000000000e+00 7.249119806005157596e-01
1.027879269999999906e+03 0.000000000000000000e+00 7.155967273758957470e-01
1.028567140000000109e+03 0.000000000000000000e+00 7.047262679644233918e-01
1.029255000000000109e+03 0.000000000000000000e+00 6.927402693632956909e-01
1.029942870000000084e+03 0.000000000000000000e+00 6.812092346377565111e-01
1.030630619999999908e+03 0.000000000000000000e+00 6.789755613399116596e-01
1.031318479999999909e+03 0.000000000000000000e+00 6.767415307842504779e-01
1.032006229999999960e+03 0.000000000000000000e+00 6.717508344111516871e-01
1.032693970000000036e+03 0.000000000000000000e+00 6.641201194603308933e-01
1.033381710000000112e+03 0.000000000000000000e+00 6.564894045095099884e-01
1.034069340000000011e+03 0.000000000000000000e+00 6.474846579348795261e-01
1.034757080000000087e+03 0.000000000000000000e+00 6.384428927570391377e-01
1.035444700000000012e+03 0.000000000000000000e+00 6.287278140001919535e-01
1.036132319999999936e+03 0.000000000000000000e+00 6.181484856076674417e-01
1.036820069999999987e+03 0.000000000000000000e+00 6.075671571094269918e-01
1.037507569999999987e+03 0.000000000000000000e+00 6.012999390641965425e-01
1.038195189999999911e+03 0.000000000000000000e+00 5.954991149708188658e-01
1.038882810000000063e+03 0.000000000000000000e+00 5.890692957940250052e-01
1.039570310000000063e+03 0.000000000000000000e+00 5.815489713786572423e-01
1.040257810000000063e+03 0.000000000000000000e+00 5.740286469632894795e-01
1.040945310000000063e+03 0.000000000000000000e+00 5.686734099991251901e-01
1.041632810000000063e+03 0.000000000000000000e+00 5.637653019543690247e-01
1.042320310000000063e+03 0.000000000000000000e+00 5.591186366172855582e-01
1.043007689999999911e+03 0.000000000000000000e+00 5.551063437104368781e-01
1.043695189999999911e+03 0.000000000000000000e+00 5.510933503538378853e-01
1.044382569999999987e+03 0.000000000000000000e+00 5.420084365249092651e-01
1.045069950000000063e+03 0.000000000000000000e+00 5.312783815818898914e-01
1.045757319999999936e+03 0.000000000000000000e+00 5.212909293188640047e-01
1.046444700000000012e+03 0.000000000000000000e+00 5.139710270225147370e-01
1.047131959999999935e+03 0.000000000000000000e+00 5.066524026048885299e-01
1.047819340000000011e+03 0.000000000000000000e+00 4.995336547420154427e-01
1.048506589999999960e+03 0.000000000000000000e+00 4.925107463069521851e-01
1.049193850000000111e+03 0.000000000000000000e+00 4.853743856803293122e-01
1.049881100000000060e+03 0.000000000000000000e+00 4.775567825803441746e-01
1.050568359999999984e+03 0.000000000000000000e+00 4.697390657284043480e-01
1.051255490000000009e+03 0.000000000000000000e+00 4.602374048064903911e-01
1.051942749999999933e+03 0.000000000000000000e+00 4.496328861856899728e-01
1.052629879999999957e+03 0.000000000000000000e+00 4.393885587555771410e-01
1.053317019999999957e+03 0.000000000000000000e+00 4.341343436474003337e-01
1.054004149999999981e+03 0.000000000000000000e+00 4.288802050042102021e-01
1.054691280000000006e+03 0.000000000000000000e+00 4.218146218929221258e-01
1.055378300000000081e+03 0.000000000000000000e+00 4.131355684299437003e-01
1.056065430000000106e+03 0.000000000000000000e+00 4.044551253482052688e-01
1.056752439999999979e+03 0.000000000000000000e+00 4.023299939371325906e-01
1.057439450000000079e+03 0.000000000000000000e+00 4.002659782573139147e-01
1.058126459999999952e+03 0.000000000000000000e+00 3.945545189233232164e-01
1.058813480000000027e+03 0.000000000000000000e+00 3.844243119565728950e-01
1.059500489999999900e+03 0.000000000000000000e+00 3.742942524412384286e-01
1.060187380000000076e+03 0.000000000000000000e+00 3.678397819286542969e-01
1.060874270000000024e+03 0.000000000000000000e+00 3.617326015730770172e-01
1.061561159999999973e+03 0.000000000000000000e+00 3.579819982352438479e-01
1.062248049999999921e+03 0.000000000000000000e+00 3.581652935702963059e-01
1.062934940000000097e+03 0.000000000000000000e+00 3.583485889053488194e-01
1.063621830000000045e+03 0.000000000000000000e+00 3.519589165137451681e-01
1.064308590000000095e+03 0.000000000000000000e+00 3.442810245516830792e-01
1.064995480000000043e+03 0.000000000000000000e+00 3.382265533775907773e-01
1.065682250000000067e+03 0.000000000000000000e+00 3.360226374891520096e-01
1.066369020000000091e+03 0.000000000000000000e+00 3.338187216007132974e-01
1.067055659999999989e+03 0.000000000000000000e+00 3.278518798816512092e-01
1.067742430000000013e+03 0.000000000000000000e+00 3.206789877360242680e-01
1.068429080000000113e+03 0.000000000000000000e+00 3.150045551567483559e-01
1.069115839999999935e+03 0.000000000000000000e+00 3.147021009379706302e-01
1.069802490000000034e+03 0.000000000000000000e+00 3.143996951640120052e-01
1.070489139999999907e+03 0.000000000000000000e+00 3.132014065457098817e-01
1.071175780000000032e+03 0.000000000000000000e+00 3.115784458153775804e-01
1.071862300000000005e+03 0.000000000000000000e+00 3.100601667127297345e-01
1.072548950000000104e+03 0.000000000000000000e+00 3.091900944779546467e-01
1.073235470000000078e+03 0.000000000000000000e+00 3.083201869695912367e-01
1.073922000000000025e+03 0.000000000000000000e+00 3.064970169981970360e-01
1.074608519999999999e+03 0.000000000000000000e+00 3.040348874017939074e-01
1.075295039999999972e+03 0.000000000000000000e+00 3.015336839544714986e-01
1.075981569999999920e+03 0.000000000000000000e+00 2.984055337614746062e-01
1.076667969999999968e+03 0.000000000000000000e+00 2.952779759089795286e-01
1.077354370000000017e+03 0.000000000000000000e+00 2.911981833023309929e-01
1.078040770000000066e+03 0.000000000000000000e+00 2.862331487414835340e-01
1.078727169999999887e+03 0.000000000000000000e+00 2.812681141806377960e-01
1.079413569999999936e+03 0.000000000000000000e+00 2.779969746240064654e-01
1.080099979999999960e+03 0.000000000000000000e+00 2.747646221922370180e-01
1.080786250000000109e+03 0.000000000000000000e+00 2.728021983501579539e-01
1.081472659999999905e+03 0.000000000000000000e+00 2.724747329124067585e-01
1.082158940000000030e+03 0.000000000000000000e+00 2.721473294937211129e-01
1.082845209999999952e+03 0.000000000000000000e+00 2.701119050308064540e-01
1.083531369999999924e+03 0.000000000000000000e+00 2.678792348846352200e-01
1.084217650000000049e+03 0.000000000000000000e+00 2.648782901776752241e-01
1.084903929999999946e+03 0.000000000000000000e+00 2.604823673263384487e-01
1.085590089999999918e+03 0.000000000000000000e+00 2.560872131273619901e-01
1.086276249999999891e+03 0.000000000000000000e+00 2.532437208141397056e-01
1.086962399999999889e+03 0.000000000000000000e+00 2.507550182844181519e-01
1.087648560000000089e+03 0.000000000000000000e+00 2.483707393259625418e-01
1.088334589999999935e+03 0.000000000000000000e+00 2.462651699250347492e-01
1.089020749999999907e+03 0.000000000000000000e+00 2.441592015269458960e-01
1.089706789999999955e+03 0.000000000000000000e+00 2.415874240479843060e-01
1.090392820000000029e+03 0.000000000000000000e+00 2.388444137411989410e-01
1.091078860000000077e+03 0.000000000000000000e+00 2.366756399864878291e-01
1.091764889999999923e+03 0.000000000000000000e+00 2.369630013898475773e-01
1.092450810000000047e+03 0.000000000000000000e+00 2.372503167168633353e-01
1.093136839999999893e+03 0.000000000000000000e+00 2.373377085896252736e-01
1.093822750000000042e+03 0.000000000000000000e+00 2.373162464902238422e-01
1.094508669999999938e+03 0.000000000000000000e+00 2.369825397637229381e-01
1.095194580000000087e+03 0.000000000000000000e+00 2.340075084006975337e-01
1.095880490000000009e+03 0.000000000000000000e+00 2.310324770376731285e-01
1.096566409999999905e+03 0.000000000000000000e+00 2.305256691037462780e-01
1.097252199999999903e+03 0.000000000000000000e+00 2.319309964493796727e-01
1.097937989999999900e+03 0.000000000000000000e+00 2.333041749305340973e-01
1.098623779999999897e+03 0.000000000000000000e+00 2.331659952288466509e-01
1.099309569999999894e+03 0.000000000000000000e+00 2.330278155271592322e-01
1.099995359999999891e+03 0.000000000000000000e+00 2.328832998607970328e-01
1.100681149999999889e+03 0.000000000000000000e+00 2.327318826950442732e-01
1.101366819999999962e+03 0.000000000000000000e+00 2.325804920243700336e-01
1.102052490000000034e+03 0.000000000000000000e+00 2.375408231866207864e-01
1.102738160000000107e+03 0.000000000000000000e+00 2.428522552318966854e-01
1.103423829999999953e+03 0.000000000000000000e+00 2.462935831307057621e-01
1.104109500000000025e+03 0.000000000000000000e+00 2.468454691725428807e-01
1.104795170000000098e+03 0.000000000000000000e+00 2.473973552143799992e-01
1.105480710000000045e+03 0.000000000000000000e+00 2.535219232394012590e-01
1.106166259999999966e+03 0.000000000000000000e+00 2.606308188296233008e-01
1.106851809999999887e+03 0.000000000000000000e+00 2.658117287621823976e-01
1.107537350000000060e+03 0.000000000000000000e+00 2.666328982356299115e-01
1.108222899999999981e+03 0.000000000000000000e+00 2.674540796875097826e-01
1.108908449999999903e+03 0.000000000000000000e+00 2.725305311742203251e-01
1.109593869999999924e+03 0.000000000000000000e+00 2.789249296420613922e-01
1.110279299999999921e+03 0.000000000000000000e+00 2.848395683631979036e-01
1.110964719999999943e+03 0.000000000000000000e+00 2.890488086890526387e-01
1.111650149999999940e+03 0.000000000000000000e+00 2.932581104260175708e-01
1.112335569999999962e+03 0.000000000000000000e+00 2.980804324500341274e-01
1.113020999999999958e+03 0.000000000000000000e+00 3.031968460199655491e-01
1.113706300000000056e+03 0.000000000000000000e+00 3.086471016515773824e-01
1.114391599999999926e+03 0.000000000000000000e+00 3.162991241259904829e-01
1.115076900000000023e+03 0.000000000000000000e+00 3.239511466004061924e-01
1.115762210000000096e+03 0.000000000000000000e+00 3.320771283669558538e-01
1.116447509999999966e+03 0.000000000000000000e+00 3.405347687700694959e-01
1.117132689999999911e+03 0.000000000000000000e+00 3.488654799162084208e-01
1.117817990000000009e+03 0.000000000000000000e+00 3.544485328816548431e-01
1.118503169999999955e+03 0.000000000000000000e+00 3.600306082221826354e-01
1.119188349999999900e+03 0.000000000000000000e+00 3.672180276861609083e-01
1.119873540000000048e+03 0.000000000000000000e+00 3.760161151519015865e-01
1.120558590000000095e+03 0.000000000000000000e+00 3.848124049669963687e-01
1.121243770000000040e+03 0.000000000000000000e+00 3.933293489174917168e-01
1.121928830000000062e+03 0.000000000000000000e+00 4.018314277021233227e-01
1.122613890000000083e+03 0.000000000000000000e+00 4.086016461597238858e-01
1.123298950000000104e+03 0.000000000000000000e+00 4.128779529639430845e-01
1.123984009999999898e+03 0.000000000000000000e+00 4.171542597681608955e-01
1.124669069999999920e+03 0.000000000000000000e+00 4.218696293486500215e-01
1.125354000000000042e+03 0.000000000000000000e+00 4.266526538942475577e-01
1.126039060000000063e+03 0.000000000000000000e+00 4.314935694971284708e-01
1.126723999999999933e+03 0.000000000000000000e+00 4.364548903056379991e-01
1.127408940000000030e+03 0.000000000000000000e+00 4.414162111141491929e-01
1.128093869999999924e+03 0.000000000000000000e+00 4.425190664689016007e-01
1.128778690000000097e+03 0.000000000000000000e+00 4.424988819331711065e-01
1.129463619999999992e+03 0.000000000000000000e+00 4.428751272146587703e-01
1.130148439999999937e+03 0.000000000000000000e+00 4.445843755278375831e-01
1.130833249999999907e+03 0.000000000000000000e+00 4.462935988819277666e-01
1.131518070000000080e+03 0.000000000000000000e+00 4.420205806154057782e-01
1.132202880000000050e+03 0.000000000000000000e+00 4.349765333451407479e-01
1.132887699999999995e+03 0.000000000000000000e+00 4.284534954966863762e-01
1.133572390000000041e+03 0.000000000000000000e+00 4.251966453025520232e-01
1.134257080000000087e+03 0.000000000000000000e+00 4.219397951084176146e-01
1.134941769999999906e+03 0.000000000000000000e+00 4.172876815920687488e-01
1.135626459999999952e+03 0.000000000000000000e+00 4.116728765079159524e-01
1.136311159999999973e+03 0.000000000000000000e+00 4.061038201560054350e-01
1.136995850000000019e+03 0.000000000000000000e+00 4.014930810959989049e-01
1.137680419999999913e+03 0.000000000000000000e+00 3.968831501224079905e-01
1.138364990000000034e+03 0.000000000000000000e+00 3.928082305336772495e-01
1.139049559999999929e+03 0.000000000000000000e+00 3.892698511782157200e-01
1.139734130000000050e+03 0.000000000000000000e+00 3.857314718227530248e-01
1.140418699999999944e+03 0.000000000000000000e+00 3.805134502356690152e-01
1.141103149999999914e+03 0.000000000000000000e+00 3.752130493389739807e-01
1.141787720000000036e+03 0.000000000000000000e+00 3.709386280357512833e-01
1.142472170000000006e+03 0.000000000000000000e+00 3.681669435187153172e-01
1.143156619999999975e+03 0.000000000000000000e+00 3.653952590016794066e-01
1.143841059999999970e+03 0.000000000000000000e+00 3.615752982214474054e-01
1.144525509999999940e+03 0.000000000000000000e+00 3.575833580108020437e-01
1.145209839999999986e+03 0.000000000000000000e+00 3.537082332958436659e-01
1.145894289999999955e+03 0.000000000000000000e+00 3.500883265001328848e-01
1.146578610000000026e+03 0.000000000000000000e+00 3.464691072460732157e-01
1.147262940000000071e+03 0.000000000000000000e+00 3.468303329947999836e-01
1.147947269999999889e+03 0.000000000000000000e+00 3.484126395659205011e-01
1.148631470000000036e+03 0.000000000000000000e+00 3.494367975822453287e-01
1.149315800000000081e+03 0.000000000000000000e+00 3.484557373828590654e-01
1.150000000000000000e+03 0.000000000000000000e+00 3.474748635523679519e-01
1.150684199999999919e+03 0.000000000000000000e+00 3.472423913737613388e-01
1.151368410000000040e+03 0.000000000000000000e+00 3.473780496359922809e-01
1.152052609999999959e+03 0.000000000000000000e+00 3.477118945325151644e-01
1.152736820000000080e+03 0.000000000000000000e+00 3.494645648819343364e-01
1.153420900000000074e+03 0.000000000000000000e+00 3.512169022237306981e-01
1.154104980000000069e+03 0.000000000000000000e+00 3.511108518262529010e-01
1.154789060000000063e+03 0.000000000000000000e+00 3.496289076855301214e-01
1.155473140000000058e+03 0.000000000000000000e+00 3.481681918971597511e-01
1.156157230000000027e+03 0.000000000000000000e+00 3.474848483701152846e-01
1.156841310000000021e+03 0.000000000000000000e+00 3.468015148321589303e-01
1.157525270000000091e+03 0.000000000000000000e+00 3.467379793384952613e-01
1.158209229999999934e+03 0.000000000000000000e+00 3.473498203812782625e-01
1.158893190000000004e+03 0.000000000000000000e+00 3.479616614240614303e-01
1.159577150000000074e+03 0.000000000000000000e+00 3.440638779750065934e-01
1.160261109999999917e+03 0.000000000000000000e+00 3.398268674723940452e-01
1.160945069999999987e+03 0.000000000000000000e+00 3.362265667163761296e-01
1.161628909999999905e+03 0.000000000000000000e+00 3.336586048203508681e-01
1.162312740000000076e+03 0.000000000000000000e+00 3.310906804764113809e-01
1.162996579999999994e+03 0.000000000000000000e+00 3.280072727994382542e-01
1.163680419999999913e+03 0.000000000000000000e+00 3.248204625389090050e-01
1.164364260000000058e+03 0.000000000000000000e+00 3.214496704823235906e-01
1.165047970000000078e+03 0.000000000000000000e+00 3.176157842969065670e-01
1.165731809999999996e+03 0.000000000000000000e+00 3.137811691398441072e-01
1.166415529999999990e+03 0.000000000000000000e+00 3.078516340195457945e-01
1.167099240000000009e+03 0.000000000000000000e+00 3.011661313062088952e-01
1.167782840000000078e+03 0.000000000000000000e+00 2.950386765511495701e-01
1.168466550000000097e+03 0.000000000000000000e+00 2.913555796668219067e-01
1.169150270000000091e+03 0.000000000000000000e+00 2.876724289132093770e-01
1.169833859999999959e+03 0.000000000000000000e+00 2.822319155358873344e-01
1.170517460000000028e+03 0.000000000000000000e+00 2.757862075782266387e-01
1.171201049999999896e+03 0.000000000000000000e+00 2.696556241568899837e-01
1.171884639999999990e+03 0.000000000000000000e+00 2.668474411589275008e-01
1.172568119999999908e+03 0.000000000000000000e+00 2.640397100402058772e-01
1.173251710000000003e+03 0.000000000000000000e+00 2.611351848756093830e-01
1.173935179999999946e+03 0.000000000000000000e+00 2.581480480729070326e-01
1.174618649999999889e+03 0.000000000000000000e+00 2.551609112702046267e-01
1.175302120000000059e+03 0.000000000000000000e+00 2.525280068114433840e-01
1.175985599999999977e+03 0.000000000000000000e+00 2.498998096282925296e-01
1.176668949999999995e+03 0.000000000000000000e+00 2.467675577606060211e-01
1.177352419999999938e+03 0.000000000000000000e+00 2.429840003576619611e-01
1.178035769999999957e+03 0.000000000000000000e+00 2.392011072514508840e-01
1.178719119999999975e+03 0.000000000000000000e+00 2.348871111542276402e-01
1.179402469999999994e+03 0.000000000000000000e+00 2.305051655296555535e-01
1.180085690000000113e+03 0.000000000000000000e+00 2.276908521000767516e-01
1.180769039999999904e+03 0.000000000000000000e+00 2.279694121581560262e-01
1.181452269999999999e+03 0.000000000000000000e+00 2.282479232995646423e-01
1.182135500000000093e+03 0.000000000000000000e+00 2.263733130252761627e-01
1.182818729999999960e+03 0.000000000000000000e+00 2.239104638149999604e-01
1.183501950000000079e+03 0.000000000000000000e+00 2.216084305076427841e-01
1.184185179999999946e+03 0.000000000000000000e+00 2.198309625933289879e-01
1.184868289999999888e+03 0.000000000000000000e+00 2.180538068669308494e-01
1.185551390000000083e+03 0.000000000000000000e+00 2.167012909475265481e-01
1.186234500000000025e+03 0.000000000000000000e+00 2.155451918564013636e-01
1.186917599999999993e+03 0.000000000000000000e+00 2.143856099918494962e-01
1.187600709999999935e+03 0.000000000000000000e+00 2.132031160409046666e-01
1.188283809999999903e+03 0.000000000000000000e+00 2.120206394004069128e-01
1.188966799999999921e+03 0.000000000000000000e+00 2.100964255484484566e-01
1.189649779999999964e+03 0.000000000000000000e+00 2.076377016088104543e-01
1.190332760000000007e+03 0.000000000000000000e+00 2.052106687191704859e-01
1.191015750000000025e+03 0.000000000000000000e+00 2.038138553943401321e-01
1.191698730000000069e+03 0.000000000000000000e+00 2.024170625209559815e-01
1.192381589999999960e+03 0.000000000000000000e+00 2.010479037940015867e-01
1.193064579999999978e+03 0.000000000000000000e+00 1.997083772967032378e-01
1.193747440000000097e+03 0.000000000000000000e+00 1.983691057642572864e-01
1.194430299999999988e+03 0.000000000000000000e+00 1.968880583735605483e-01
1.195113160000000107e+03 0.000000000000000000e+00 1.953957693000024642e-01
1.195795900000000074e+03 0.000000000000000000e+00 1.934816616942218737e-01
1.196478759999999966e+03 0.000000000000000000e+00 1.908618173074572710e-01
1.197161499999999933e+03 0.000000000000000000e+00 1.882424333098298153e-01
1.197844239999999900e+03 0.000000000000000000e+00 1.878575448182048524e-01
1.198526980000000094e+03 0.000000000000000000e+00 1.879556012832546419e-01
1.199209720000000061e+03 0.000000000000000000e+00 1.874906351295519136e-01
1.199892329999999902e+03 0.000000000000000000e+00 1.855036831070847325e-01
1.200575070000000096e+03 0.000000000000000000e+00 1.835163526785531518e-01
1.201257689999999911e+03 0.000000000000000000e+00 1.811673658032523226e-01
1.201940309999999954e+03 0.000000000000000000e+00 1.786758118308535981e-01
1.202622920000000022e+03 0.000000000000000000e+00 1.762589699759284090e-01
1.203305540000000065e+03 0.000000000000000000e+00 1.742208423026631592e-01
1.203988039999999955e+03 0.000000000000000000e+00 1.721830729185208630e-01
1.204670650000000023e+03 0.000000000000000000e+00 1.702834770896497762e-01
1.205353149999999914e+03 0.000000000000000000e+00 1.684720678684538120e-01
1.206035640000000058e+03 0.000000000000000000e+00 1.667074388215158687e-01
1.206718139999999948e+03 0.000000000000000000e+00 1.656906524829857841e-01
1.207400509999999940e+03 0.000000000000000000e+00 1.646740598180438664e-01
1.208083010000000058e+03 0.000000000000000000e+00 1.624781700572853482e-01
1.208765380000000050e+03 0.000000000000000000e+00 1.591292642650902200e-01
1.209447750000000042e+03 0.000000000000000000e+00 1.557803584728950919e-01
1.210130130000000008e+03 0.000000000000000000e+00 1.540120446188743553e-01
1.210812500000000000e+03 0.000000000000000000e+00 1.523227373233932980e-01
1.211494750000000067e+03 0.000000000000000000e+00 1.507312323268010790e-01
1.212177120000000059e+03 0.000000000000000000e+00 1.492865631414992400e-01
1.212859380000000101e+03 0.000000000000000000e+00 1.478421268410110567e-01
1.213541629999999941e+03 0.000000000000000000e+00 1.475117005663829084e-01
1.214223880000000008e+03 0.000000000000000000e+00 1.473855220137678113e-01
1.214906009999999924e+03 0.000000000000000000e+00 1.465661232023280636e-01
1.215588259999999991e+03 0.000000000000000000e+00 1.440586012290453466e-01
1.216270389999999907e+03 0.000000000000000000e+00 1.415515203003022693e-01
1.216952510000000075e+03 0.000000000000000000e+00 1.395565876187698784e-01
1.217634639999999990e+03 0.000000000000000000e+00 1.377444338584369876e-01
1.218316769999999906e+03 0.000000000000000000e+00 1.360512653446450115e-01
1.218998900000000049e+03 0.000000000000000000e+00 1.348903395502291658e-01
1.219680910000000040e+03 0.000000000000000000e+00 1.337296179853524059e-01
1.220363039999999955e+03 0.000000000000000000e+00 1.317932618102934661e-01
1.221045039999999972e+03 0.000000000000000000e+00 1.293986475830647132e-01
1.221727049999999963e+03 0.000000000000000000e+00 1.270702386102300907e-01
1.222408940000000030e+03 0.000000000000000000e+00 1.255719603878243384e-01
1.223090940000000046e+03 0.000000000000000000e+00 1.240734404686575504e-01
1.223772830000000113e+03 0.000000000000000000e+00 1.232592074024992240e-01
1.224454709999999977e+03 0.000000000000000000e+00 1.230789983214445465e-01
1.225136600000000044e+03 0.000000000000000000e+00 1.228987865975629118e-01
1.225818479999999909e+03 0.000000000000000000e+00 1.222695765845953075e-01
1.226500369999999975e+03 0.000000000000000000e+00 1.216235999634852905e-01
1.227182129999999916e+03 0.000000000000000000e+00 1.207977790079002300e-01
1.227864010000000007e+03 0.000000000000000000e+00 1.197116685085651971e-01
1.228545779999999922e+03 0.000000000000000000e+00 1.186257332191719693e-01
1.229227540000000090e+03 0.000000000000000000e+00 1.177000435713371762e-01
1.229909180000000106e+03 0.000000000000000000e+00 1.168019664508435224e-01
1.230590940000000046e+03 0.000000000000000000e+00 1.160320586752713462e-01
1.231272580000000062e+03 0.000000000000000000e+00 1.155643648646069166e-01
1.231954349999999977e+03 0.000000000000000000e+00 1.150965818570125337e-01
1.232635989999999993e+03 0.000000000000000000e+00 1.139835902117102978e-01
1.233317630000000008e+03 0.000000000000000000e+00 1.126472094011718023e-01
1.233999150000000100e+03 0.000000000000000000e+00 1.116687126789664836e-01
1.234680789999999888e+03 0.000000000000000000e+00 1.122470382364627595e-01
1.235362300000000005e+03 0.000000000000000000e+00 1.128252534977289279e-01
1.236043820000000096e+03 0.000000000000000000e+00 1.119961819475848858e-01
1.236725339999999960e+03 0.000000000000000000e+00 1.103435693622641101e-01
1.237406860000000052e+03 0.000000000000000000e+00 1.088287168190965187e-01
1.238088379999999916e+03 0.000000000000000000e+00 1.090161072160084066e-01
1.238769780000000083e+03 0.000000000000000000e+00 1.092034646177806462e-01
1.239451170000000047e+03 0.000000000000000000e+00 1.101121806395553154e-01
1.240132569999999987e+03 0.000000000000000000e+00 1.116914085287603192e-01
1.240813959999999952e+03 0.000000000000000000e+00 1.132706132417415773e-01
1.241495359999999891e+03 0.000000000000000000e+00 1.120281892236493354e-01
1.242176760000000058e+03 0.000000000000000000e+00 1.106743493061709965e-01
1.242858030000000099e+03 0.000000000000000000e+00 1.103503929819322632e-01
1.243539309999999887e+03 0.000000000000000000e+00 1.115360898687009078e-01
1.244220579999999927e+03 0.000000000000000000e+00 1.127217693515114444e-01
1.244901859999999942e+03 0.000000000000000000e+00 1.123543188755045108e-01
1.245583129999999983e+03 0.000000000000000000e+00 1.117097637013714506e-01
1.246264280000000099e+03 0.000000000000000000e+00 1.122451114491702234e-01
1.246945429999999988e+03 0.000000000000000000e+00 1.156469365185928827e-01
1.247626590000000078e+03 0.000000000000000000e+00 1.190488115303944272e-01
1.248307739999999967e+03 0.000000000000000000e+00 1.197156192644487221e-01
1.248988890000000083e+03 0.000000000000000000e+00 1.193915357471470179e-01
1.249670039999999972e+03 0.000000000000000000e+00 1.193784799217390141e-01
1.250351069999999936e+03 0.000000000000000000e+00 1.208125888801523246e-01
1.251032099999999900e+03 0.000000000000000000e+00 1.222466978385656211e-01
1.251713130000000092e+03 0.000000000000000000e+00 1.240747053076347167e-01
1.252394170000000031e+03 0.000000000000000000e+00 1.261449036334567897e-01
1.253075199999999995e+03 0.000000000000000000e+00 1.282343621430239722e-01
1.253756100000000060e+03 0.000000000000000000e+00 1.306150875755089369e-01
1.254437130000000025e+03 0.000000000000000000e+00 1.329962675450859222e-01
1.255118040000000065e+03 0.000000000000000000e+00 1.352869288280198201e-01
1.255798950000000104e+03 0.000000000000000000e+00 1.374888997898053022e-01
1.256479739999999993e+03 0.000000000000000000e+00 1.396904826878000161e-01
1.257160640000000058e+03 0.000000000000000000e+00 1.426494716939741558e-01
1.257841429999999946e+03 0.000000000000000000e+00 1.456513054774108418e-01
1.258522220000000061e+03 0.000000000000000000e+00 1.480850796693990445e-01
1.259202999999999975e+03 0.000000000000000000e+00 1.496215588370384819e-01
1.259883790000000090e+03 0.000000000000000000e+00 1.511580605740718286e-01
1.260564579999999978e+03 0.000000000000000000e+00 1.535965540021662634e-01
1.261245239999999967e+03 0.000000000000000000e+00 1.562204424489363475e-01
1.261926030000000083e+03 0.000000000000000000e+00 1.584836600052648425e-01
1.262606690000000071e+03 0.000000000000000000e+00 1.597738843051531576e-01
1.263287350000000060e+03 0.000000000000000000e+00 1.610641086050415005e-01
1.263968020000000024e+03 0.000000000000000000e+00 1.621815176678615134e-01
1.264648560000000089e+03 0.000000000000000000e+00 1.632288084599274602e-01
1.265329220000000078e+03 0.000000000000000000e+00 1.643434523283854309e-01
1.266009769999999889e+03 0.000000000000000000e+00 1.658292612325688031e-01
1.266690309999999954e+03 0.000000000000000000e+00 1.673150483042804282e-01
1.267370850000000019e+03 0.000000000000000000e+00 1.686397369488356890e-01
1.268051269999999931e+03 0.000000000000000000e+00 1.698540563924288704e-01
1.268731809999999996e+03 0.000000000000000000e+00 1.710414531867018584e-01
1.269412229999999909e+03 0.000000000000000000e+00 1.714760287048766318e-01
1.270092650000000049e+03 0.000000000000000000e+00 1.719106042230515163e-01
1.270773069999999962e+03 0.000000000000000000e+00 1.727343799281706449e-01
1.271453490000000102e+03 0.000000000000000000e+00 1.739876010072637369e-01
1.272133910000000014e+03 0.000000000000000000e+00 1.752408220863563848e-01
1.272814210000000003e+03 0.000000000000000000e+00 1.744120925782148002e-01
1.273494509999999991e+03 0.000000000000000000e+00 1.733920721439581591e-01
1.274174800000000005e+03 0.000000000000000000e+00 1.729144590319200425e-01
1.274855099999999993e+03 0.000000000000000000e+00 1.734180376364645171e-01
1.275535399999999981e+03 0.000000000000000000e+00 1.739216162410089916e-01
1.276215580000000045e+03 0.000000000000000000e+00 1.749516310261367835e-01
1.276895870000000059e+03 0.000000000000000000e+00 1.761168187462360535e-01
1.277576049999999896e+03 0.000000000000000000e+00 1.766302040753655878e-01
1.278256229999999960e+03 0.000000000000000000e+00 1.750320289435242094e-01
1.278936279999999897e+03 0.000000000000000000e+00 1.734341592643091345e-01
1.279616459999999961e+03 0.000000000000000000e+00 1.722160255873838308e-01
1.280296509999999898e+03 0.000000000000000000e+00 1.711806364377750911e-01
1.280976560000000063e+03 0.000000000000000000e+00 1.703710129240920135e-01
1.281656739999999900e+03 0.000000000000000000e+00 1.712949492907007432e-01
1.282336669999999913e+03 0.000000000000000000e+00 1.722185460647141508e-01
1.283016720000000078e+03 0.000000000000000000e+00 1.722299330119019811e-01
1.283696779999999990e+03 0.000000000000000000e+00 1.715082143016902760e-01
1.284376710000000003e+03 0.000000000000000000e+00 1.707866335549410031e-01
1.285056640000000016e+03 0.000000000000000000e+00 1.694916900504853940e-01
1.285736570000000029e+03 0.000000000000000000e+00 1.681932260291567616e-01
1.286416500000000042e+03 0.000000000000000000e+00 1.667511609341651158e-01
1.287096309999999903e+03 0.000000000000000000e+00 1.651212274045643913e-01
1.287776249999999891e+03 0.000000000000000000e+00 1.634909821829334808e-01
1.288456050000000005e+03 0.000000000000000000e+00 1.626408359426253225e-01
1.289135860000000093e+03 0.000000000000000000e+00 1.619055334371999333e-01
1.289815669999999955e+03 0.000000000000000000e+00 1.609575174350039439e-01
1.290495359999999891e+03 0.000000000000000000e+00 1.595369196090099251e-01
1.291175169999999980e+03 0.000000000000000000e+00 1.581160709749426241e-01
1.291854859999999917e+03 0.000000000000000000e+00 1.571342995188394764e-01
1.292534550000000081e+03 0.000000000000000000e+00 1.562997862519929781e-01
1.293214230000000043e+03 0.000000000000000000e+00 1.550186146392124042e-01
1.293893919999999980e+03 0.000000000000000000e+00 1.517972130463682567e-01
1.294573489999999993e+03 0.000000000000000000e+00 1.485763801954371743e-01
1.295253169999999955e+03 0.000000000000000000e+00 1.472718608215075053e-01
1.295932739999999967e+03 0.000000000000000000e+00 1.471165802136143175e-01
1.296612300000000005e+03 0.000000000000000000e+00 1.468594770906910263e-01
1.297291870000000017e+03 0.000000000000000000e+00 1.450981790816786021e-01
1.297971309999999903e+03 0.000000000000000000e+00 1.433372180044633348e-01
1.298650879999999916e+03 0.000000000000000000e+00 1.416297982510809350e-01
1.299330320000000029e+03 0.000000000000000000e+00 1.399763609906342077e-01
1.300009769999999889e+03 0.000000000000000000e+00 1.383228993948934504e-01
1.300689210000000003e+03 0.000000000000000000e+00 1.367698795412497503e-01
1.301368649999999889e+03 0.000000000000000000e+00 1.352234125455249736e-01
1.302047970000000078e+03 0.000000000000000000e+00 1.339848063938246236e-01
1.302727290000000039e+03 0.000000000000000000e+00 1.332564561583424734e-01
1.303406739999999900e+03 0.000000000000000000e+00 1.325279665400502516e-01
1.304085939999999937e+03 0.000000000000000000e+00 1.308604301948302906e-01
1.304765259999999898e+03 0.000000000000000000e+00 1.289773962550354314e-01
1.305444580000000087e+03 0.000000000000000000e+00 1.272117980752427435e-01
1.306123779999999897e+03 0.000000000000000000e+00 1.257978296364183346e-01
1.306802979999999934e+03 0.000000000000000000e+00 1.243838611975934261e-01
1.307482299999999896e+03 0.000000000000000000e+00 1.226220977522471250e-01
1.308161380000000008e+03 0.000000000000000000e+00 1.207029147668477465e-01
1.308840580000000045e+03 0.000000000000000000e+00 1.188139143572697759e-01
1.309519780000000083e+03 0.000000000000000000e+00 1.171401452081846928e-01
1.310198849999999993e+03 0.000000000000000000e+00 1.154666964212750918e-01
1.310877930000000106e+03 0.000000000000000000e+00 1.147066831283351795e-01
1.311557009999999991e+03 0.000000000000000000e+00 1.146624485290254625e-01
1.312236079999999902e+03 0.000000000000000000e+00 1.146182145811058400e-01
1.312915040000000090e+03 0.000000000000000000e+00 1.127403389169709808e-01
1.313594119999999975e+03 0.000000000000000000e+00 1.108574926656993864e-01
1.314273069999999962e+03 0.000000000000000000e+00 1.091723668155729077e-01
1.314952029999999922e+03 0.000000000000000000e+00 1.077451535099745589e-01
1.315630979999999909e+03 0.000000000000000000e+00 1.063179612249562506e-01
1.316309809999999970e+03 0.000000000000000000e+00 1.056959520539933195e-01
1.316988769999999931e+03 0.000000000000000000e+00 1.051945228077711125e-01
1.317667599999999993e+03 0.000000000000000000e+00 1.043145845644461722e-01
1.318346440000000030e+03 0.000000000000000000e+00 1.025740032723386486e-01
1.319025270000000091e+03 0.000000000000000000e+00 1.008334476207544961e-01
1.319704099999999926e+03 0.000000000000000000e+00 9.903704999276481680e-02
1.320382810000000063e+03 0.000000000000000000e+00 9.722146062379388720e-02
1.321061519999999973e+03 0.000000000000000000e+00 9.541572066556532061e-02
1.321740360000000010e+03 0.000000000000000000e+00 9.365561912470822536e-02
1.322419069999999920e+03 0.000000000000000000e+00 9.189585464884514332e-02
1.323097659999999905e+03 0.000000000000000000e+00 9.212766484284383439e-02
1.323776370000000043e+03 0.000000000000000000e+00 9.362129737478996905e-02
1.324454960000000028e+03 0.000000000000000000e+00 9.497602126227040753e-02
1.325133669999999938e+03 0.000000000000000000e+00 9.353897712345519977e-02
1.325812259999999924e+03 0.000000000000000000e+00 9.210218706266527777e-02
1.326490720000000010e+03 0.000000000000000000e+00 9.088937026076368553e-02
1.327169309999999996e+03 0.000000000000000000e+00 8.991641809334950664e-02
1.327847899999999981e+03 0.000000000000000000e+00 8.894346592593531386e-02
1.328526370000000043e+03 0.000000000000000000e+00 8.880366261251931848e-02
1.329204829999999902e+03 0.000000000000000000e+00 8.873884305280221874e-02
1.329883299999999963e+03 0.000000000000000000e+00 8.807094563100176243e-02
1.330561770000000024e+03 0.000000000000000000e+00 8.629070635638573517e-02
1.331240109999999959e+03 0.000000000000000000e+00 8.451080818912291848e-02
1.331918580000000020e+03 0.000000000000000000e+00 8.420018059643527564e-02
1.332596919999999955e+03 0.000000000000000000e+00 8.428906079527292983e-02
1.333275270000000091e+03 0.000000000000000000e+00 8.403690228934353190e-02
1.333953610000000026e+03 0.000000000000000000e+00 8.258126099825648103e-02
1.334631840000000011e+03 0.000000000000000000e+00 8.112585575478853395e-02
1.335310179999999946e+03 0.000000000000000000e+00 7.896230279599124324e-02
1.335988399999999956e+03 0.000000000000000000e+00 7.642608699642816639e-02
1.336666629999999941e+03 0.000000000000000000e+00 7.422466242326451746e-02
1.337344849999999951e+03 0.000000000000000000e+00 7.545398593069689575e-02
1.338022950000000037e+03 0.000000000000000000e+00 7.668309192932565299e-02
1.338701170000000047e+03 0.000000000000000000e+00 7.680289180077283506e-02
1.339379269999999906e+03 0.000000000000000000e+00 7.590887307096831627e-02
1.340057369999999992e+03 0.000000000000000000e+00 7.501485434116347828e-02
1.340735470000000078e+03 0.000000000000000000e+00 7.471632358555038711e-02
1.341413569999999936e+03 0.000000000000000000e+00 7.444503666518624552e-02
1.342091550000000097e+03 0.000000000000000000e+00 7.388020782807615261e-02
1.342769649999999956e+03 0.000000000000000000e+00 7.285526679241845216e-02
1.343447629999999890e+03 0.000000000000000000e+00 7.183050713550165334e-02
1.344125610000000052e+03 0.000000000000000000e+00 7.145240794187575351e-02
1.344803589999999986e+03 0.000000000000000000e+00 7.121337620852090378e-02
1.345481449999999995e+03 0.000000000000000000e+00 7.096215541726359766e-02
1.346159419999999955e+03 0.000000000000000000e+00 7.067535624111816184e-02
1.346837279999999964e+03 0.000000000000000000e+00 7.038860359787146859e-02
1.347515139999999974e+03 0.000000000000000000e+00 6.961156295147996609e-02
1.348192990000000009e+03 0.000000000000000000e+00 6.861322952382803431e-02
1.348870850000000019e+03 0.000000000000000000e+00 6.767626644262705882e-02
1.349548579999999902e+03 0.000000000000000000e+00 6.718151613556302970e-02
1.350226319999999987e+03 0.000000000000000000e+00 6.668675852838956697e-02
1.350904170000000022e+03 0.000000000000000000e+00 6.660817903584012600e-02
1.351581789999999955e+03 0.000000000000000000e+00 6.686398198961555905e-02
1.352259520000000066e+03 0.000000000000000000e+00 6.711982646861894275e-02
1.352937259999999924e+03 0.000000000000000000e+00 6.699078940541927651e-02
1.353614870000000110e+03 0.000000000000000000e+00 6.685664919707218212e-02
1.354292480000000069e+03 0.000000000000000000e+00 6.656227419657827216e-02
1.354970090000000027e+03 0.000000000000000000e+00 6.604573425702707501e-02
1.355647709999999961e+03 0.000000000000000000e+00 6.552918669450782940e-02
1.356325319999999920e+03 0.000000000000000000e+00 6.489355932797652438e-02
1.357002809999999954e+03 0.000000000000000000e+00 6.423723107742146388e-02
1.357680299999999988e+03 0.000000000000000000e+00 6.386683696440675906e-02
1.358357790000000023e+03 0.000000000000000000e+00 6.422128331591561712e-02
1.359035280000000057e+03 0.000000000000000000e+00 6.457572966742446130e-02
1.359712770000000091e+03 0.000000000000000000e+00 6.418131027974381675e-02
1.360390139999999974e+03 0.000000000000000000e+00 6.348845220372868747e-02
1.361067630000000008e+03 0.000000000000000000e+00 6.280094249135843854e-02
1.361744999999999891e+03 0.000000000000000000e+00 6.214547151412635334e-02
1.362422360000000026e+03 0.000000000000000000e+00 6.149001021359918467e-02
1.363099609999999984e+03 0.000000000000000000e+00 6.115720957691585941e-02
1.363776980000000094e+03 0.000000000000000000e+00 6.106002161886550650e-02
1.364454220000000078e+03 0.000000000000000000e+00 6.096565893806057262e-02
1.365131470000000036e+03 0.000000000000000000e+00 6.118646181387953076e-02
1.365808719999999994e+03 0.000000000000000000e+00 6.140726468969848889e-02
1.366485959999999977e+03 0.000000000000000000e+00 6.049728216310228807e-02
1.367163209999999935e+03 0.000000000000000000e+00 5.814796795423026604e-02
1.367840329999999994e+03 0.000000000000000000e+00 5.579910470268111683e-02
