9.306945799999999736e+02 0.000000000000000000e+00 9.594097544212683293e-02
9.313851899999999659e+02 0.000000000000000000e+00 1.071375678403792692e-01
9.320757399999999961e+02 0.000000000000000000e+00 1.183331874818753932e-01
9.327663000000000011e+02 0.000000000000000000e+00 1.111147387762883160e-01
9.334568500000000313e+02 0.000000000000000000e+00 9.880136705017823762e-02
9.341473999999999478e+02 0.000000000000000000e+00 9.025558330885689873e-02
9.348378900000000158e+02 0.000000000000000000e+00 9.260535740367642488e-02
9.355283799999999701e+02 0.000000000000000000e+00 9.495513149849554857e-02
9.362188700000000381e+02 0.000000000000000000e+00 8.755474313994968116e-02
9.369093000000000302e+02 0.000000000000000000e+00 7.655633528214894623e-02
9.375997300000000223e+02 0.000000000000000000e+00 6.988275186920675508e-02
9.382901600000000144e+02 0.000000000000000000e+00 8.010904631507768936e-02
9.389805300000000443e+02 0.000000000000000000e+00 9.033445207177467906e-02
9.396708999999999605e+02 0.000000000000000000e+00 9.077186723579774852e-02
9.403612699999999904e+02 0.000000000000000000e+00 8.653837165483389826e-02
9.410515699999999697e+02 0.000000000000000000e+00 8.346358786971008747e-02
9.417418800000000374e+02 0.000000000000000000e+00 8.695955567974444911e-02
9.424321899999999914e+02 0.000000000000000000e+00 9.045552348977824175e-02
9.431224999999999454e+02 0.000000000000000000e+00 9.468297071040772395e-02
9.438127399999999625e+02 0.000000000000000000e+00 9.935310833667271302e-02
9.445029899999999543e+02 0.000000000000000000e+00 1.029215017471561272e-01
9.451931799999999839e+02 0.000000000000000000e+00 9.604402972860258403e-02
9.458833600000000388e+02 0.000000000000000000e+00 8.916665735611753463e-02
9.465735499999999547e+02 0.000000000000000000e+00 8.948338480887951807e-02
9.472637300000000096e+02 0.000000000000000000e+00 9.527747760353870443e-02
9.479538599999999633e+02 0.000000000000000000e+00 1.009252886292980045e-01
9.486439800000000560e+02 0.000000000000000000e+00 1.030784864101904202e-01
9.493341100000000097e+02 0.000000000000000000e+00 1.052317153914212045e-01
9.500241700000000264e+02 0.000000000000000000e+00 1.059922215359477421e-01
9.507142300000000432e+02 0.000000000000000000e+00 1.054270739062711237e-01
9.514043000000000347e+02 0.000000000000000000e+00 1.048619180867613188e-01
9.520943600000000515e+02 0.000000000000000000e+00 1.113660894561213643e-01
9.527843599999999924e+02 0.000000000000000000e+00 1.179827316106831642e-01
9.534743700000000217e+02 0.000000000000000000e+00 1.249411182877820242e-01
9.541643100000000004e+02 0.000000000000000000e+00 1.323062017137357771e-01
9.548542499999999791e+02 0.000000000000000000e+00 1.396712851396895438e-01
9.555441899999999578e+02 0.000000000000000000e+00 1.435838529063075408e-01
9.562341300000000501e+02 0.000000000000000000e+00 1.472274598231246290e-01
9.569240099999999529e+02 0.000000000000000000e+00 1.515589403048931971e-01
9.576138899999999694e+02 0.000000000000000000e+00 1.569262212640605558e-01
9.583037699999999859e+02 0.000000000000000000e+00 1.622935022232279145e-01
9.589935900000000402e+02 0.000000000000000000e+00 1.705705330783076623e-01
9.596834099999999808e+02 0.000000000000000000e+00 1.792806459181288392e-01
9.603731699999999591e+02 0.000000000000000000e+00 1.879154012325770229e-01
9.610629900000000134e+02 0.000000000000000000e+00 1.964070311997071216e-01
9.617527499999999918e+02 0.000000000000000000e+00 2.048979225715534258e-01
9.624424999999999955e+02 0.000000000000000000e+00 2.219239039167639205e-01
9.631322000000000116e+02 0.000000000000000000e+00 2.409193535534754349e-01
9.638219000000000278e+02 0.000000000000000000e+00 2.566777305481632854e-01
9.645116000000000440e+02 0.000000000000000000e+00 2.642458274230217730e-01
9.652012300000000096e+02 0.000000000000000000e+00 2.718131561859742362e-01
9.658908699999999499e+02 0.000000000000000000e+00 2.932894680234748308e-01
9.665805100000000039e+02 0.000000000000000000e+00 3.193090562372568053e-01
9.672701399999999694e+02 0.000000000000000000e+00 3.438546965053183024e-01
9.679597199999999475e+02 0.000000000000000000e+00 3.633018987544504586e-01
9.686492899999999509e+02 0.000000000000000000e+00 3.827488189884110659e-01
9.693388700000000426e+02 0.000000000000000000e+00 4.033945375933708499e-01
9.700283799999999701e+02 0.000000000000000000e+00 4.245649795584098829e-01
9.707178999999999860e+02 0.000000000000000000e+00 4.457082990655781285e-01
9.714073499999999513e+02 0.000000000000000000e+00 4.667104131048600557e-01
9.720968599999999924e+02 0.000000000000000000e+00 4.877143548718146926e-01
9.727863200000000461e+02 0.000000000000000000e+00 5.046965524147831728e-01
9.734757100000000491e+02 0.000000000000000000e+00 5.193629237761828721e-01
9.741651600000000144e+02 0.000000000000000000e+00 5.344853590406877242e-01
9.748545500000000175e+02 0.000000000000000000e+00 5.535087188965343019e-01
9.755438799999999446e+02 0.000000000000000000e+00 5.725304230834666885e-01
9.762332800000000361e+02 0.000000000000000000e+00 5.935015726212949927e-01
9.769226099999999633e+02 0.000000000000000000e+00 6.159165172445013603e-01
9.776119400000000041e+02 0.000000000000000000e+00 6.383020757326915984e-01
9.783012099999999691e+02 0.000000000000000000e+00 6.600378433974138925e-01
9.789904800000000478e+02 0.000000000000000000e+00 6.817736110621397394e-01
9.796797500000000127e+02 0.000000000000000000e+00 7.021896555127372652e-01
9.803690199999999777e+02 0.000000000000000000e+00 7.213509591830769008e-01
9.810582299999999805e+02 0.000000000000000000e+00 7.405105948884397327e-01
9.817474399999999832e+02 0.000000000000000000e+00 7.636127989341571221e-01
9.824365800000000490e+02 0.000000000000000000e+00 7.867862574567393574e-01
9.831257299999999759e+02 0.000000000000000000e+00 8.079099356848641333e-01
9.838148800000000165e+02 0.000000000000000000e+00 8.265332851167640493e-01
9.845040299999999434e+02 0.000000000000000000e+00 8.451566345486608567e-01
9.851931200000000217e+02 0.000000000000000000e+00 8.618822702436673699e-01
9.858822000000000116e+02 0.000000000000000000e+00 8.784412454636787437e-01
9.865712899999999763e+02 0.000000000000000000e+00 8.932864044036025186e-01
9.872603100000000040e+02 0.000000000000000000e+00 9.054251773872515896e-01
9.879493400000000065e+02 0.000000000000000000e+00 9.175641265453651219e-01
9.886383700000000090e+02 0.000000000000000000e+00 9.269860976373965888e-01
9.893273299999999608e+02 0.000000000000000000e+00 9.359512821546778216e-01
9.900163000000000011e+02 0.000000000000000000e+00 9.402033535726165292e-01
9.907052599999999529e+02 0.000000000000000000e+00 9.346444169947992764e-01
9.913941700000000310e+02 0.000000000000000000e+00 9.290858838465397840e-01
9.920830700000000206e+02 0.000000000000000000e+00 9.170438725960825543e-01
9.927719700000000103e+02 0.000000000000000000e+00 9.033034692201450389e-01
9.934608799999999746e+02 0.000000000000000000e+00 8.896085745959367852e-01
9.941497200000000021e+02 0.000000000000000000e+00 8.760448273236554062e-01
9.948385600000000295e+02 0.000000000000000000e+00 8.624810800513739162e-01
9.955273399999999810e+02 0.000000000000000000e+00 8.480878447217244931e-01
9.962161300000000210e+02 0.000000000000000000e+00 8.333842413085966738e-01
9.969049099999999726e+02 0.000000000000000000e+00 8.166753950715490706e-01
9.975936900000000378e+02 0.000000000000000000e+00 7.917224347049903743e-01
9.982824100000000271e+02 0.000000000000000000e+00 7.667716480043682559e-01
9.989711300000000165e+02 0.000000000000000000e+00 7.449107604879615652e-01
9.996597900000000436e+02 0.000000000000000000e+00 7.246211582298169862e-01
1.000348449999999957e+03 0.000000000000000000e+00 7.045149445634883989e-01
1.001037109999999984e+03 0.000000000000000000e+00 6.856329393901486879e-01
1.001725770000000011e+03 0.000000000000000000e+00 6.667509342168090880e-01
1.002414369999999963e+03 0.000000000000000000e+00 6.478647311618788152e-01
1.003102970000000028e+03 0.000000000000000000e+00 6.289745891751028495e-01
1.003791560000000004e+03 0.000000000000000000e+00 6.104639537732462484e-01
1.004480099999999993e+03 0.000000000000000000e+00 5.974851434537187256e-01
1.005168639999999982e+03 0.000000000000000000e+00 5.845063331341912027e-01
1.005857179999999971e+03 0.000000000000000000e+00 5.719875365082643937e-01
1.006545650000000023e+03 0.000000000000000000e+00 5.598765909021371501e-01
1.007234130000000050e+03 0.000000000000000000e+00 5.477654693849959289e-01
1.007922609999999963e+03 0.000000000000000000e+00 5.342629410843403592e-01
1.008611020000000053e+03 0.000000000000000000e+00 5.207580738616118810e-01
1.009299440000000004e+03 0.000000000000000000e+00 5.097858675625028813e-01
1.009987849999999980e+03 0.000000000000000000e+00 5.017432813082367549e-01
1.010676270000000045e+03 0.000000000000000000e+00 4.937005782255350916e-01
1.011364619999999945e+03 0.000000000000000000e+00 4.881982064328824200e-01
1.012052919999999972e+03 0.000000000000000000e+00 4.828875065394054866e-01
1.012741269999999986e+03 0.000000000000000000e+00 4.747902394354261979e-01
1.013429570000000012e+03 0.000000000000000000e+00 4.624409431940747495e-01
1.014117859999999951e+03 0.000000000000000000e+00 4.500918263700755539e-01
1.014806090000000040e+03 0.000000000000000000e+00 4.380971667990188889e-01
1.015494320000000016e+03 0.000000000000000000e+00 4.261591610635929173e-01
1.016182559999999967e+03 0.000000000000000000e+00 4.173740951806308996e-01
1.016870790000000056e+03 0.000000000000000000e+00 4.150660389155781393e-01
1.017558959999999956e+03 0.000000000000000000e+00 4.127581838672353953e-01
1.018247129999999970e+03 0.000000000000000000e+00 4.062187924506185932e-01
1.018935240000000022e+03 0.000000000000000000e+00 3.985748484079460474e-01
1.019623349999999959e+03 0.000000000000000000e+00 3.915037896393653849e-01
1.020311460000000011e+03 0.000000000000000000e+00 3.860793575734872696e-01
1.020999569999999949e+03 0.000000000000000000e+00 3.806549255076100424e-01
1.021687620000000038e+03 0.000000000000000000e+00 3.760607160748766775e-01
1.022375670000000014e+03 0.000000000000000000e+00 3.717837607929401211e-01
1.023063719999999989e+03 0.000000000000000000e+00 3.672810368629243483e-01
1.023751710000000003e+03 0.000000000000000000e+00 3.618062980674038864e-01
1.024439699999999903e+03 0.000000000000000000e+00 3.563315592718843128e-01
1.025127690000000030e+03 0.000000000000000000e+00 3.539783839536453924e-01
1.025815550000000030e+03 0.000000000000000000e+00 3.532818868921250299e-01
1.026503539999999930e+03 0.000000000000000000e+00 3.524227137217033623e-01
1.027191409999999905e+03 0.000000000000000000e+00 3.503446927875109029e-01
1.027879269999999906e+03 0.000000000000000000e+00 3.482667020628192334e-01
1.028567140000000109e+03 0.000000000000000000e+00 3.461756153587433604e-01
1.029255000000000109e+03 0.000000000000000000e+00 3.440751849191966416e-01
1.029942870000000084e+03 0.000000000000000000e+00 3.420112365717263847e-01
1.030630619999999908e+03 0.000000000000000000e+00 3.406933508047749193e-01
1.031318479999999909e+03 0.000000000000000000e+00 3.393752542527494476e-01
1.032006229999999960e+03 0.000000000000000000e+00 3.402795624844156541e-01
1.032693970000000036e+03 0.000000000000000000e+00 3.433118030121659059e-01
1.033381710000000112e+03 0.000000000000000000e+00 3.463440435399161577e-01
1.034069340000000011e+03 0.000000000000000000e+00 3.471716165399862386e-01
1.034757080000000087e+03 0.000000000000000000e+00 3.479422991730910519e-01
1.035444700000000012e+03 0.000000000000000000e+00 3.495165854488256341e-01
1.036132319999999936e+03 0.000000000000000000e+00 3.521201196164444047e-01
1.036820069999999987e+03 0.000000000000000000e+00 3.547241460027917848e-01
1.037507569999999987e+03 0.000000000000000000e+00 3.573565141871858919e-01
1.038195189999999911e+03 0.000000000000000000e+00 3.599925184334142880e-01
1.038882810000000063e+03 0.000000000000000000e+00 3.624384888230400836e-01
1.039570310000000063e+03 0.000000000000000000e+00 3.645542266711479518e-01
1.040257810000000063e+03 0.000000000000000000e+00 3.666699645192558754e-01
1.040945310000000063e+03 0.000000000000000000e+00 3.668933716895071973e-01
1.041632810000000063e+03 0.000000000000000000e+00 3.667259790467150560e-01
1.042320310000000063e+03 0.000000000000000000e+00 3.661421210428212336e-01
1.043007689999999911e+03 0.000000000000000000e+00 3.645491328704565381e-01
1.043695189999999911e+03 0.000000000000000000e+00 3.629558666007062784e-01
1.044382569999999987e+03 0.000000000000000000e+00 3.644411870310444446e-01
1.045069950000000063e+03 0.000000000000000000e+00 3.669248576479939850e-01
1.045757319999999936e+03 0.000000000000000000e+00 3.683669451286591401e-01
1.046444700000000012e+03 0.000000000000000000e+00 3.660666563722815847e-01
1.047131959999999935e+03 0.000000000000000000e+00 3.637667691909441947e-01
1.047819340000000011e+03 0.000000000000000000e+00 3.607718990598670628e-01
1.048506589999999960e+03 0.000000000000000000e+00 3.574513129424204960e-01
1.049193850000000111e+03 0.000000000000000000e+00 3.537664982660602697e-01
1.049881100000000060e+03 0.000000000000000000e+00 3.478926515606278747e-01
1.050568359999999984e+03 0.000000000000000000e+00 3.420187193863458153e-01
1.051255490000000009e+03 0.000000000000000000e+00 3.353146887710308777e-01
1.051942749999999933e+03 0.000000000000000000e+00 3.280663737753803932e-01
1.052629879999999957e+03 0.000000000000000000e+00 3.208185505815749350e-01
1.053317019999999957e+03 0.000000000000000000e+00 3.135583718973475320e-01
1.054004149999999981e+03 0.000000000000000000e+00 3.062982988710452603e-01
1.054691280000000006e+03 0.000000000000000000e+00 3.022053254124969501e-01
1.055378300000000081e+03 0.000000000000000000e+00 3.009359496772592291e-01
1.056065430000000106e+03 0.000000000000000000e+00 2.996663707000040699e-01
1.056752439999999979e+03 0.000000000000000000e+00 2.930557894480707026e-01
1.057439450000000079e+03 0.000000000000000000e+00 2.863953999897242420e-01
1.058126459999999952e+03 0.000000000000000000e+00 2.804734231023146007e-01
1.058813480000000027e+03 0.000000000000000000e+00 2.754459036251256654e-01
1.059500489999999900e+03 0.000000000000000000e+00 2.704184573265862590e-01
1.060187380000000076e+03 0.000000000000000000e+00 2.637199194101417232e-01
1.060874270000000024e+03 0.000000000000000000e+00 2.568633283755537011e-01
1.061561159999999973e+03 0.000000000000000000e+00 2.515730596043613265e-01
1.062248049999999921e+03 0.000000000000000000e+00 2.488974955624807806e-01
1.062934940000000097e+03 0.000000000000000000e+00 2.462219315205993464e-01
1.063621830000000045e+03 0.000000000000000000e+00 2.452627390178759303e-01
1.064308590000000095e+03 0.000000000000000000e+00 2.446404312129683567e-01
1.064995480000000043e+03 0.000000000000000000e+00 2.433932466958704521e-01
1.065682250000000067e+03 0.000000000000000000e+00 2.406661605827018213e-01
1.066369020000000091e+03 0.000000000000000000e+00 2.379390744695331905e-01
1.067055659999999989e+03 0.000000000000000000e+00 2.343182163601025547e-01
1.067742430000000013e+03 0.000000000000000000e+00 2.304103458024026330e-01
1.068429080000000113e+03 0.000000000000000000e+00 2.274990931673109840e-01
1.069115839999999935e+03 0.000000000000000000e+00 2.281613955442549913e-01
1.069802490000000034e+03 0.000000000000000000e+00 2.288235918386355705e-01
1.070489139999999907e+03 0.000000000000000000e+00 2.289602504676827577e-01
1.071175780000000032e+03 0.000000000000000000e+00 2.288477781462027461e-01
1.071862300000000005e+03 0.000000000000000000e+00 2.282383133238073125e-01
1.072548950000000104e+03 0.000000000000000000e+00 2.245414171559430572e-01
1.073235470000000078e+03 0.000000000000000000e+00 2.208452209028858859e-01
1.073922000000000025e+03 0.000000000000000000e+00 2.195621928743614615e-01
1.074608519999999999e+03 0.000000000000000000e+00 2.198968241200748852e-01
1.075295039999999972e+03 0.000000000000000000e+00 2.201318528795896678e-01
1.075981569999999920e+03 0.000000000000000000e+00 2.187688386891288306e-01
1.076667969999999968e+03 0.000000000000000000e+00 2.174060825964126420e-01
1.077354370000000017e+03 0.000000000000000000e+00 2.163397009701005791e-01
1.078040770000000066e+03 0.000000000000000000e+00 2.155488429063027733e-01
1.078727169999999887e+03 0.000000000000000000e+00 2.147579848425052174e-01
1.079413569999999936e+03 0.000000000000000000e+00 2.125389610355843395e-01
1.080099979999999960e+03 0.000000000000000000e+00 2.102871623133557022e-01
1.080786250000000109e+03 0.000000000000000000e+00 2.078981443575540489e-01
1.081472659999999905e+03 0.000000000000000000e+00 2.053312505595247528e-01
1.082158940000000030e+03 0.000000000000000000e+00 2.027648429085401049e-01
1.082845209999999952e+03 0.000000000000000000e+00 2.002806206487601770e-01
1.083531369999999924e+03 0.000000000000000000e+00 1.978062988562519497e-01
1.084217650000000049e+03 0.000000000000000000e+00 1.959715302816620319e-01
1.084903929999999946e+03 0.000000000000000000e+00 1.952993934196746717e-01
1.085590089999999918e+03 0.000000000000000000e+00 1.946273740846782840e-01
1.086276249999999891e+03 0.000000000000000000e+00 1.904479159762213769e-01
1.086962399999999889e+03 0.000000000000000000e+00 1.854666313932615829e-01
1.087648560000000089e+03 0.000000000000000000e+00 1.813015377703627307e-01
1.088334589999999935e+03 0.000000000000000000e+00 1.793115781984422896e-01
1.089020749999999907e+03 0.000000000000000000e+00 1.773212415369709305e-01
1.089706789999999955e+03 0.000000000000000000e+00 1.747842267885865442e-01
1.090392820000000029e+03 0.000000000000000000e+00 1.720462754273271722e-01
1.091078860000000077e+03 0.000000000000000000e+00 1.698335384817075966e-01
1.091764889999999923e+03 0.000000000000000000e+00 1.698672759320209169e-01
1.092450810000000047e+03 0.000000000000000000e+00 1.699010079727756029e-01
1.093136839999999893e+03 0.000000000000000000e+00 1.690890146474979261e-01
1.093822750000000042e+03 0.000000000000000000e+00 1.678168520985782453e-01
1.094508669999999938e+03 0.000000000000000000e+00 1.666546060965614917e-01
1.095194580000000087e+03 0.000000000000000000e+00 1.664223373096884173e-01
1.095880490000000009e+03 0.000000000000000000e+00 1.661900685228153984e-01
1.096566409999999905e+03 0.000000000000000000e+00 1.657491025091434311e-01
1.097252199999999903e+03 0.000000000000000000e+00 1.651465556954820058e-01
1.097937989999999900e+03 0.000000000000000000e+00 1.645973976913754355e-01
1.098623779999999897e+03 0.000000000000000000e+00 1.665581141571965129e-01
1.099309569999999894e+03 0.000000000000000000e+00 1.685188306230175903e-01
1.099995359999999891e+03 0.000000000000000000e+00 1.707636622681961702e-01
1.100681149999999889e+03 0.000000000000000000e+00 1.733179686086779026e-01
1.101366819999999962e+03 0.000000000000000000e+00 1.758718279949015584e-01
1.102052490000000034e+03 0.000000000000000000e+00 1.789520714976163274e-01
1.102738160000000107e+03 0.000000000000000000e+00 1.820684699270174178e-01
1.103423829999999953e+03 0.000000000000000000e+00 1.853628240628485413e-01
1.104109500000000025e+03 0.000000000000000000e+00 1.889321322261454938e-01
1.104795170000000098e+03 0.000000000000000000e+00 1.925014403894424464e-01
1.105480710000000045e+03 0.000000000000000000e+00 1.979838413292483723e-01
1.106166259999999966e+03 0.000000000000000000e+00 2.038043228192182588e-01
1.106851809999999887e+03 0.000000000000000000e+00 2.088470375501276510e-01
1.107537350000000060e+03 0.000000000000000000e+00 2.121309506878821804e-01
1.108222899999999981e+03 0.000000000000000000e+00 2.154149117282106729e-01
1.108908449999999903e+03 0.000000000000000000e+00 2.230610096743169402e-01
1.109593869999999924e+03 0.000000000000000000e+00 2.320576904249044281e-01
1.110279299999999921e+03 0.000000000000000000e+00 2.404610950544604497e-01
1.110964719999999943e+03 0.000000000000000000e+00 2.467555131081125008e-01
1.111650149999999940e+03 0.000000000000000000e+00 2.530500229947726387e-01
1.112335569999999962e+03 0.000000000000000000e+00 2.606871268024880672e-01
1.113020999999999958e+03 0.000000000000000000e+00 2.689682661043111267e-01
1.113706300000000056e+03 0.000000000000000000e+00 2.777341667213308884e-01
1.114391599999999926e+03 0.000000000000000000e+00 2.896982444697535075e-01
1.115076900000000023e+03 0.000000000000000000e+00 3.016623222181800679e-01
1.115762210000000096e+03 0.000000000000000000e+00 3.128515712725442599e-01
1.116447509999999966e+03 0.000000000000000000e+00 3.234980175913166889e-01
1.117132689999999911e+03 0.000000000000000000e+00 3.342521462465010140e-01
1.117817990000000009e+03 0.000000000000000000e+00 3.474088004855904743e-01
1.118503169999999955e+03 0.000000000000000000e+00 3.605631509183022110e-01
1.119188349999999900e+03 0.000000000000000000e+00 3.721965186584497709e-01
1.119873540000000048e+03 0.000000000000000000e+00 3.823041287709074143e-01
1.120558590000000095e+03 0.000000000000000000e+00 3.924096736672691432e-01
1.121243770000000040e+03 0.000000000000000000e+00 4.064796577743108874e-01
1.121928830000000062e+03 0.000000000000000000e+00 4.207357545257371934e-01
1.122613890000000083e+03 0.000000000000000000e+00 4.332898627584292894e-01
1.123298950000000104e+03 0.000000000000000000e+00 4.433930753071321784e-01
1.123984009999999898e+03 0.000000000000000000e+00 4.534962878558316812e-01
1.124669069999999920e+03 0.000000000000000000e+00 4.602340230143089350e-01
1.125354000000000042e+03 0.000000000000000000e+00 4.664450360132508244e-01
1.126039060000000063e+03 0.000000000000000000e+00 4.722741034934676008e-01
1.126723999999999933e+03 0.000000000000000000e+00 4.772869093485343495e-01
1.127408940000000030e+03 0.000000000000000000e+00 4.822997152036027635e-01
1.128093869999999924e+03 0.000000000000000000e+00 4.837503093273311516e-01
1.128778690000000097e+03 0.000000000000000000e+00 4.841640231712306952e-01
1.129463619999999992e+03 0.000000000000000000e+00 4.843029571658029053e-01
1.130148439999999937e+03 0.000000000000000000e+00 4.835176584328016447e-01
1.130833249999999907e+03 0.000000000000000000e+00 4.827323711670287176e-01
1.131518070000000080e+03 0.000000000000000000e+00 4.796847727855214072e-01
1.132202880000000050e+03 0.000000000000000000e+00 4.755892818046636439e-01
1.132887699999999995e+03 0.000000000000000000e+00 4.713887161133570314e-01
1.133572390000000041e+03 0.000000000000000000e+00 4.665309929748268081e-01
1.134257080000000087e+03 0.000000000000000000e+00 4.616732698362965293e-01
1.134941769999999906e+03 0.000000000000000000e+00 4.565838061083229982e-01
1.135626459999999952e+03 0.000000000000000000e+00 4.513344480379508639e-01
1.136311159999999973e+03 0.000000000000000000e+00 4.459834789499781960e-01
1.136995850000000019e+03 0.000000000000000000e+00 4.385096925365495890e-01
1.137680419999999913e+03 0.000000000000000000e+00 4.310372159923621105e-01
1.138364990000000034e+03 0.000000000000000000e+00 4.242464218348876992e-01
1.139049559999999929e+03 0.000000000000000000e+00 4.181392580395572600e-01
1.139734130000000050e+03 0.000000000000000000e+00 4.120320942442247669e-01
1.140418699999999944e+03 0.000000000000000000e+00 4.059987973566616115e-01
1.141103149999999914e+03 0.000000000000000000e+00 3.999702211442395239e-01
1.141787720000000036e+03 0.000000000000000000e+00 3.954218886721947435e-01
1.142472170000000006e+03 0.000000000000000000e+00 3.930409480015678581e-01
1.143156619999999975e+03 0.000000000000000000e+00 3.906600073309409171e-01
1.143841059999999970e+03 0.000000000000000000e+00 3.878688197365492418e-01
1.144525509999999940e+03 0.000000000000000000e+00 3.850103052900474276e-01
1.145209839999999986e+03 0.000000000000000000e+00 3.832333896487456482e-01
1.145894289999999955e+03 0.000000000000000000e+00 3.838387025671334274e-01
1.146578610000000026e+03 0.000000000000000000e+00 3.844439005163060585e-01
1.147262940000000071e+03 0.000000000000000000e+00 3.865139923150188728e-01
1.147947269999999889e+03 0.000000000000000000e+00 3.890334608089833224e-01
1.148631470000000036e+03 0.000000000000000000e+00 3.915772712562146096e-01
1.149315800000000081e+03 0.000000000000000000e+00 3.942107927262185618e-01
1.150000000000000000e+03 0.000000000000000000e+00 3.968438139144996879e-01
1.150684199999999919e+03 0.000000000000000000e+00 4.001949419324638546e-01
1.151368410000000040e+03 0.000000000000000000e+00 4.038993509444520624e-01
1.152052609999999959e+03 0.000000000000000000e+00 4.077428434979882277e-01
1.152736820000000080e+03 0.000000000000000000e+00 4.125824706599102165e-01
1.153420900000000074e+03 0.000000000000000000e+00 4.174211782919631797e-01
1.154104980000000069e+03 0.000000000000000000e+00 4.215996016677884817e-01
1.154789060000000063e+03 0.000000000000000000e+00 4.252891706685510975e-01
1.155473140000000058e+03 0.000000000000000000e+00 4.289449795423848633e-01
1.156157230000000027e+03 0.000000000000000000e+00 4.313645279571940994e-01
1.156841310000000021e+03 0.000000000000000000e+00 4.337840410031423288e-01
1.157525270000000091e+03 0.000000000000000000e+00 4.357232771331306931e-01
1.158209229999999934e+03 0.000000000000000000e+00 4.371395303255204978e-01
1.158893190000000004e+03 0.000000000000000000e+00 4.385557835179108577e-01
1.159577150000000074e+03 0.000000000000000000e+00 4.383709434474327704e-01
1.160261109999999917e+03 0.000000000000000000e+00 4.380656644909635133e-01
1.160945069999999987e+03 0.000000000000000000e+00 4.363497744163416514e-01
1.161628909999999905e+03 0.000000000000000000e+00 4.323484694246605975e-01
1.162312740000000076e+03 0.000000000000000000e+00 4.283472229452761626e-01
1.162996579999999994e+03 0.000000000000000000e+00 4.238295117431866155e-01
1.163680419999999913e+03 0.000000000000000000e+00 4.192082052876400233e-01
1.164364260000000058e+03 0.000000000000000000e+00 4.134193894007297532e-01
1.165047970000000078e+03 0.000000000000000000e+00 4.046889105605669390e-01
1.165731809999999996e+03 0.000000000000000000e+00 3.959567717150681010e-01
1.166415529999999990e+03 0.000000000000000000e+00 3.865907138208935501e-01
1.167099240000000009e+03 0.000000000000000000e+00 3.769955328532220151e-01
1.167782840000000078e+03 0.000000000000000000e+00 3.682141913714986892e-01
1.168466550000000097e+03 0.000000000000000000e+00 3.629977582760709476e-01
1.169150270000000091e+03 0.000000000000000000e+00 3.577812488846539574e-01
1.169833859999999959e+03 0.000000000000000000e+00 3.499233299143102438e-01
1.170517460000000028e+03 0.000000000000000000e+00 3.405545893770722254e-01
1.171201049999999896e+03 0.000000000000000000e+00 3.314295206901397561e-01
1.171884639999999990e+03 0.000000000000000000e+00 3.248728407042641431e-01
1.172568119999999908e+03 0.000000000000000000e+00 3.183172157876547059e-01
1.173251710000000003e+03 0.000000000000000000e+00 3.123033095738096954e-01
1.173935179999999946e+03 0.000000000000000000e+00 3.067587501234078085e-01
1.174618649999999889e+03 0.000000000000000000e+00 3.012141906730059215e-01
1.175302120000000059e+03 0.000000000000000000e+00 2.931952492564199875e-01
1.175985599999999977e+03 0.000000000000000000e+00 2.851430401874069931e-01
1.176668949999999995e+03 0.000000000000000000e+00 2.786674549759961539e-01
1.177352419999999938e+03 0.000000000000000000e+00 2.742222273642114239e-01
1.178035769999999957e+03 0.000000000000000000e+00 2.697777802216690390e-01
1.178719119999999975e+03 0.000000000000000000e+00 2.673778894758830349e-01
1.179402469999999994e+03 0.000000000000000000e+00 2.652395800865358089e-01
1.180085690000000113e+03 0.000000000000000000e+00 2.628272147695894234e-01
1.180769039999999904e+03 0.000000000000000000e+00 2.598725049342753279e-01
1.181452269999999999e+03 0.000000000000000000e+00 2.569183139621782352e-01
1.182135500000000093e+03 0.000000000000000000e+00 2.541129705419452045e-01
1.182818729999999960e+03 0.000000000000000000e+00 2.513482926990905364e-01
1.183501950000000079e+03 0.000000000000000000e+00 2.486113067901308538e-01
1.184185179999999946e+03 0.000000000000000000e+00 2.459645031649137781e-01
1.184868289999999888e+03 0.000000000000000000e+00 2.433181644145336331e-01
1.185551390000000083e+03 0.000000000000000000e+00 2.411670078350985624e-01
1.186234500000000025e+03 0.000000000000000000e+00 2.392448851128915477e-01
1.186917599999999993e+03 0.000000000000000000e+00 2.371664246082962335e-01
1.187600709999999935e+03 0.000000000000000000e+00 2.340649837974092540e-01
1.188283809999999903e+03 0.000000000000000000e+00 2.309635883882995011e-01
1.188966799999999921e+03 0.000000000000000000e+00 2.292801273508680571e-01
1.189649779999999964e+03 0.000000000000000000e+00 2.286179135009902275e-01
1.190332760000000007e+03 0.000000000000000000e+00 2.279555153989246963e-01
1.191015750000000025e+03 0.000000000000000000e+00 2.272871176813059113e-01
1.191698730000000069e+03 0.000000000000000000e+00 2.266187297500341369e-01
1.192381589999999960e+03 0.000000000000000000e+00 2.256975811449067892e-01
1.193064579999999978e+03 0.000000000000000000e+00 2.245002583853215328e-01
1.193747440000000097e+03 0.000000000000000000e+00 2.233031635235951662e-01
1.194430299999999988e+03 0.000000000000000000e+00 2.223996298251848802e-01
1.195113160000000107e+03 0.000000000000000000e+00 2.215193731609532146e-01
1.195795900000000074e+03 0.000000000000000000e+00 2.201218399099097722e-01
1.196478759999999966e+03 0.000000000000000000e+00 2.178593066307738524e-01
1.197161499999999933e+03 0.000000000000000000e+00 2.155971709499645561e-01
1.197844239999999900e+03 0.000000000000000000e+00 2.153070187292789317e-01
1.198526980000000094e+03 0.000000000000000000e+00 2.154430743323076658e-01
1.199209720000000061e+03 0.000000000000000000e+00 2.152163099275828939e-01
1.199892329999999902e+03 0.000000000000000000e+00 2.140087417008555148e-01
1.200575070000000096e+03 0.000000000000000000e+00 2.128009434981976700e-01
1.201257689999999911e+03 0.000000000000000000e+00 2.106243020592727389e-01
1.201940309999999954e+03 0.000000000000000000e+00 2.080660218350712520e-01
1.202622920000000022e+03 0.000000000000000000e+00 2.054957081490797199e-01
1.203305540000000065e+03 0.000000000000000000e+00 2.028641338371185432e-01
1.203988039999999955e+03 0.000000000000000000e+00 2.002330221382039310e-01
1.204670650000000023e+03 0.000000000000000000e+00 1.985299249125468679e-01
1.205353149999999914e+03 0.000000000000000000e+00 1.974162029834043430e-01
1.206035640000000058e+03 0.000000000000000000e+00 1.962823609079958620e-01
1.206718139999999948e+03 0.000000000000000000e+00 1.948264004337309785e-01
1.207400509999999940e+03 0.000000000000000000e+00 1.933707172852705269e-01
1.208083010000000058e+03 0.000000000000000000e+00 1.907340863965032163e-01
1.208765380000000050e+03 0.000000000000000000e+00 1.869429905481976295e-01
1.209447750000000042e+03 0.000000000000000000e+00 1.831518946998920150e-01
1.210130130000000008e+03 0.000000000000000000e+00 1.818582094967827745e-01
1.210812500000000000e+03 0.000000000000000000e+00 1.806893353387741263e-01
1.211494750000000067e+03 0.000000000000000000e+00 1.788570685045300646e-01
1.212177120000000059e+03 0.000000000000000000e+00 1.760232433288946574e-01
1.212859380000000101e+03 0.000000000000000000e+00 1.731898749740004295e-01
1.213541629999999941e+03 0.000000000000000000e+00 1.717062746855690381e-01
1.214223880000000008e+03 0.000000000000000000e+00 1.704701441716041099e-01
1.214906009999999924e+03 0.000000000000000000e+00 1.689254011619926721e-01
1.215588259999999991e+03 0.000000000000000000e+00 1.666284151155538185e-01
1.216270389999999907e+03 0.000000000000000000e+00 1.643318330827843454e-01
1.216952510000000075e+03 0.000000000000000000e+00 1.622348280058129033e-01
1.217634639999999990e+03 0.000000000000000000e+00 1.602090230476851951e-01
1.218316769999999906e+03 0.000000000000000000e+00 1.581761141500347689e-01
1.218998900000000049e+03 0.000000000000000000e+00 1.561114280346213024e-01
1.219680910000000040e+03 0.000000000000000000e+00 1.540471051378525802e-01
1.220363039999999955e+03 0.000000000000000000e+00 1.526672611453580020e-01
1.221045039999999972e+03 0.000000000000000000e+00 1.516927289219319741e-01
1.221727049999999963e+03 0.000000000000000000e+00 1.506817167619465825e-01
1.222408940000000030e+03 0.000000000000000000e+00 1.492141169633699471e-01
1.223090940000000046e+03 0.000000000000000000e+00 1.477462804169633603e-01
1.223772830000000113e+03 0.000000000000000000e+00 1.461305138081440136e-01
1.224454709999999977e+03 0.000000000000000000e+00 1.443774414488719071e-01
1.225136600000000044e+03 0.000000000000000000e+00 1.426243433802023008e-01
1.225818479999999909e+03 0.000000000000000000e+00 1.425069487244982336e-01
1.226500369999999975e+03 0.000000000000000000e+00 1.424505982644702351e-01
1.227182129999999916e+03 0.000000000000000000e+00 1.417959477401820600e-01
1.227864010000000007e+03 0.000000000000000000e+00 1.402763197814690110e-01
1.228545779999999922e+03 0.000000000000000000e+00 1.387569369671739494e-01
1.229227540000000090e+03 0.000000000000000000e+00 1.384928042396800507e-01
1.229909180000000106e+03 0.000000000000000000e+00 1.384437560907064435e-01
1.230590940000000046e+03 0.000000000000000000e+00 1.381308914255977849e-01
1.231272580000000062e+03 0.000000000000000000e+00 1.371970870448629420e-01
1.231954349999999977e+03 0.000000000000000000e+00 1.362631045722182688e-01
1.232635989999999993e+03 0.000000000000000000e+00 1.353725183682443767e-01
1.233317630000000008e+03 0.000000000000000000e+00 1.344968934300789787e-01
1.233999150000000100e+03 0.000000000000000000e+00 1.337745996008758986e-01
1.234680789999999888e+03 0.000000000000000000e+00 1.337190218114699125e-01
1.235362300000000005e+03 0.000000000000000000e+00 1.336634546216657893e-01
1.236043820000000096e+03 0.000000000000000000e+00 1.327487403274087985e-01
1.236725339999999960e+03 0.000000000000000000e+00 1.313312586136653193e-01
1.237406860000000052e+03 0.000000000000000000e+00 1.300914962532716268e-01
1.238088379999999916e+03 0.000000000000000000e+00 1.310477372464366186e-01
1.238769780000000083e+03 0.000000000000000000e+00 1.320038098675525573e-01
1.239451170000000047e+03 0.000000000000000000e+00 1.320875959451149606e-01
1.240132569999999987e+03 0.000000000000000000e+00 1.313606142492333428e-01
1.240813959999999952e+03 0.000000000000000000e+00 1.306336432222935384e-01
1.241495359999999891e+03 0.000000000000000000e+00 1.308200139757446090e-01
1.242176760000000058e+03 0.000000000000000000e+00 1.310424494132679529e-01
1.242858030000000099e+03 0.000000000000000000e+00 1.316970892158447204e-01
1.243539309999999887e+03 0.000000000000000000e+00 1.329855078506269606e-01
1.244220579999999927e+03 0.000000000000000000e+00 1.342739075736754106e-01
1.244901859999999942e+03 0.000000000000000000e+00 1.340202443126967125e-01
1.245583129999999983e+03 0.000000000000000000e+00 1.334914489664869863e-01
1.246264280000000099e+03 0.000000000000000000e+00 1.340748294113378869e-01
1.246945429999999988e+03 0.000000000000000000e+00 1.373601833784954818e-01
1.247626590000000078e+03 0.000000000000000000e+00 1.406455855781133801e-01
1.248307739999999967e+03 0.000000000000000000e+00 1.421590423227765965e-01
1.248988890000000083e+03 0.000000000000000000e+00 1.430305442858866016e-01
1.249670039999999972e+03 0.000000000000000000e+00 1.441812485389911969e-01
1.250351069999999936e+03 0.000000000000000000e+00 1.466308340095473783e-01
1.251032099999999900e+03 0.000000000000000000e+00 1.490804194801035598e-01
1.251713130000000092e+03 0.000000000000000000e+00 1.517254569249919249e-01
1.252394170000000031e+03 0.000000000000000000e+00 1.544906947059825342e-01
1.253075199999999995e+03 0.000000000000000000e+00 1.572778123148304008e-01
1.253756100000000060e+03 0.000000000000000000e+00 1.603958259338268133e-01
1.254437130000000025e+03 0.000000000000000000e+00 1.635144348557607541e-01
1.255118040000000065e+03 0.000000000000000000e+00 1.660984453894395474e-01
1.255798950000000104e+03 0.000000000000000000e+00 1.681567574515917263e-01
1.256479739999999993e+03 0.000000000000000000e+00 1.702147067676427206e-01
1.257160640000000058e+03 0.000000000000000000e+00 1.744918904144778238e-01
1.257841429999999946e+03 0.000000000000000000e+00 1.788953614828019678e-01
1.258522220000000061e+03 0.000000000000000000e+00 1.824853348250087826e-01
1.259202999999999975e+03 0.000000000000000000e+00 1.847903226724038617e-01
1.259883790000000090e+03 0.000000000000000000e+00 1.870953443778425596e-01
1.260564579999999978e+03 0.000000000000000000e+00 1.906913201552765114e-01
1.261245239999999967e+03 0.000000000000000000e+00 1.945526178969362030e-01
1.261926030000000083e+03 0.000000000000000000e+00 1.984257305871658383e-01
1.262606690000000071e+03 0.000000000000000000e+00 2.023279330227991946e-01
1.263287350000000060e+03 0.000000000000000000e+00 2.062301354584325508e-01
1.263968020000000024e+03 0.000000000000000000e+00 2.088067021160807113e-01
1.264648560000000089e+03 0.000000000000000000e+00 2.108465842283375191e-01
1.265329220000000078e+03 0.000000000000000000e+00 2.129176962144928575e-01
1.266009769999999889e+03 0.000000000000000000e+00 2.151591414138773195e-01
1.266690309999999954e+03 0.000000000000000000e+00 2.174005536774724356e-01
1.267370850000000019e+03 0.000000000000000000e+00 2.207507649079902823e-01
1.268051269999999931e+03 0.000000000000000000e+00 2.248584204751115923e-01
1.268731809999999996e+03 0.000000000000000000e+00 2.288963445647379802e-01
1.269412229999999909e+03 0.000000000000000000e+00 2.309795333361107372e-01
1.270092650000000049e+03 0.000000000000000000e+00 2.330627221074841882e-01
1.270773069999999962e+03 0.000000000000000000e+00 2.351813392832538818e-01
1.271453490000000102e+03 0.000000000000000000e+00 2.373390483322708189e-01
1.272133910000000014e+03 0.000000000000000000e+00 2.394967573812870343e-01
1.272814210000000003e+03 0.000000000000000000e+00 2.409805010137927583e-01
1.273494509999999991e+03 0.000000000000000000e+00 2.424023486741089528e-01
1.274174800000000005e+03 0.000000000000000000e+00 2.441726655650687250e-01
1.274855099999999993e+03 0.000000000000000000e+00 2.465734342030820592e-01
1.275535399999999981e+03 0.000000000000000000e+00 2.489742028410953933e-01
1.276215580000000045e+03 0.000000000000000000e+00 2.489461142751458744e-01
1.276895870000000059e+03 0.000000000000000000e+00 2.482953460983568506e-01
1.277576049999999896e+03 0.000000000000000000e+00 2.479821720216362768e-01
1.278256229999999960e+03 0.000000000000000000e+00 2.487626334068373524e-01
1.278936279999999897e+03 0.000000000000000000e+00 2.495429456256704759e-01
1.279616459999999961e+03 0.000000000000000000e+00 2.495736307273267729e-01
1.280296509999999898e+03 0.000000000000000000e+00 2.492442362139094814e-01
1.280976560000000063e+03 0.000000000000000000e+00 2.490065973980300773e-01
1.281656739999999900e+03 0.000000000000000000e+00 2.494735296759121590e-01
1.282336669999999913e+03 0.000000000000000000e+00 2.499402903329447645e-01
1.283016720000000078e+03 0.000000000000000000e+00 2.495549530037990682e-01
1.283696779999999990e+03 0.000000000000000000e+00 2.484848697712529197e-01
1.284376710000000003e+03 0.000000000000000000e+00 2.474149910953931109e-01
1.285056640000000016e+03 0.000000000000000000e+00 2.466634311854463690e-01
1.285736570000000029e+03 0.000000000000000000e+00 2.459138257913298653e-01
1.286416500000000042e+03 0.000000000000000000e+00 2.439231755919614164e-01
1.287096309999999903e+03 0.000000000000000000e+00 2.403070601779364601e-01
1.287776249999999891e+03 0.000000000000000000e+00 2.366902532545128446e-01
1.288456050000000005e+03 0.000000000000000000e+00 2.358868061053340515e-01
1.289135860000000093e+03 0.000000000000000000e+00 2.354976348940116537e-01
1.289815669999999955e+03 0.000000000000000000e+00 2.344467329796786903e-01
1.290495359999999891e+03 0.000000000000000000e+00 2.319253405498721277e-01
1.291175169999999980e+03 0.000000000000000000e+00 2.294035029655216440e-01
1.291854859999999917e+03 0.000000000000000000e+00 2.277735153295516179e-01
1.292534550000000081e+03 0.000000000000000000e+00 2.264426588872420765e-01
1.293214230000000043e+03 0.000000000000000000e+00 2.245767303878513643e-01
1.293893919999999980e+03 0.000000000000000000e+00 2.203864873758875076e-01
1.294573489999999993e+03 0.000000000000000000e+00 2.161969841558304406e-01
1.295253169999999955e+03 0.000000000000000000e+00 2.139170996341086817e-01
1.295932739999999967e+03 0.000000000000000000e+00 2.127826926033350718e-01
1.296612300000000005e+03 0.000000000000000000e+00 2.115545948340834814e-01
1.297291870000000017e+03 0.000000000000000000e+00 2.089422004606625860e-01
1.297971309999999903e+03 0.000000000000000000e+00 2.063303058315930916e-01
1.298650879999999916e+03 0.000000000000000000e+00 2.044086508230596455e-01
1.299330320000000029e+03 0.000000000000000000e+00 2.031752516934608177e-01
1.300009769999999889e+03 0.000000000000000000e+00 2.019418344106902741e-01
1.300689210000000003e+03 0.000000000000000000e+00 1.981522583445560204e-01
1.301368649999999889e+03 0.000000000000000000e+00 1.941958758968137522e-01
1.302047970000000078e+03 0.000000000000000000e+00 1.906504263178151748e-01
1.302727290000000039e+03 0.000000000000000000e+00 1.877855123121534298e-01
1.303406739999999900e+03 0.000000000000000000e+00 1.849200500540915670e-01
1.304085939999999937e+03 0.000000000000000000e+00 1.830574183497583329e-01
1.304765259999999898e+03 0.000000000000000000e+00 1.814239708504239990e-01
1.305444580000000087e+03 0.000000000000000000e+00 1.794333801157171615e-01
1.306123779999999897e+03 0.000000000000000000e+00 1.763747203326734292e-01
1.306802979999999934e+03 0.000000000000000000e+00 1.733160605496286977e-01
1.307482299999999896e+03 0.000000000000000000e+00 1.714352369279046884e-01
1.308161380000000008e+03 0.000000000000000000e+00 1.700909302463355921e-01
1.308840580000000045e+03 0.000000000000000000e+00 1.685846752578935570e-01
1.309519780000000083e+03 0.000000000000000000e+00 1.659380777053498235e-01
1.310198849999999993e+03 0.000000000000000000e+00 1.632919867159423888e-01
1.310877930000000106e+03 0.000000000000000000e+00 1.608093936409079050e-01
1.311557009999999991e+03 0.000000000000000000e+00 1.584549465134729718e-01
1.312236079999999902e+03 0.000000000000000000e+00 1.561005340571684219e-01
1.312915040000000090e+03 0.000000000000000000e+00 1.544331600366976309e-01
1.313594119999999975e+03 0.000000000000000000e+00 1.527672283998866287e-01
1.314273069999999962e+03 0.000000000000000000e+00 1.512276074748633570e-01
1.314952029999999922e+03 0.000000000000000000e+00 1.498526274225329136e-01
1.315630979999999909e+03 0.000000000000000000e+00 1.484776676214697999e-01
1.316309809999999970e+03 0.000000000000000000e+00 1.456261513498383342e-01
1.316988769999999931e+03 0.000000000000000000e+00 1.425526435372761191e-01
1.317667599999999993e+03 0.000000000000000000e+00 1.399295742025251921e-01
1.318346440000000030e+03 0.000000000000000000e+00 1.383290476368952970e-01
1.319025270000000091e+03 0.000000000000000000e+00 1.367285446486409539e-01
1.319704099999999926e+03 0.000000000000000000e+00 1.349093898212833376e-01
1.320382810000000063e+03 0.000000000000000000e+00 1.330141670139112775e-01
1.321061519999999973e+03 0.000000000000000000e+00 1.311903863302169015e-01
1.321740360000000010e+03 0.000000000000000000e+00 1.296998006620165289e-01
1.322419069999999920e+03 0.000000000000000000e+00 1.282095004456708931e-01
1.323097659999999905e+03 0.000000000000000000e+00 1.270867337759685745e-01
1.323776370000000043e+03 0.000000000000000000e+00 1.261964924019084444e-01
1.324454960000000028e+03 0.000000000000000000e+00 1.252457651717258091e-01
1.325133669999999938e+03 0.000000000000000000e+00 1.230736431788119062e-01
1.325812259999999924e+03 0.000000000000000000e+00 1.209019052300980002e-01
1.326490720000000010e+03 0.000000000000000000e+00 1.192650812877961708e-01
1.327169309999999996e+03 0.000000000000000000e+00 1.182016250339127106e-01
1.327847899999999981e+03 0.000000000000000000e+00 1.171381687800292365e-01
1.328526370000000043e+03 0.000000000000000000e+00 1.153629766792064748e-01
1.329204829999999902e+03 0.000000000000000000e+00 1.135237258131185228e-01
1.329883299999999963e+03 0.000000000000000000e+00 1.122243321854080322e-01
1.330561770000000024e+03 0.000000000000000000e+00 1.119207252456469043e-01
1.331240109999999959e+03 0.000000000000000000e+00 1.116171764792791427e-01
1.331918580000000020e+03 0.000000000000000000e+00 1.105547662063573605e-01
1.332596919999999955e+03 0.000000000000000000e+00 1.092863127168079984e-01
1.333275270000000091e+03 0.000000000000000000e+00 1.080863955559859257e-01
1.333953610000000026e+03 0.000000000000000000e+00 1.071284179914989004e-01
1.334631840000000011e+03 0.000000000000000000e+00 1.061705957731982064e-01
1.335310179999999946e+03 0.000000000000000000e+00 1.045453211500623203e-01
1.335988399999999956e+03 0.000000000000000000e+00 1.025686909928876372e-01
1.336666629999999941e+03 0.000000000000000000e+00 1.006951561264475270e-01
1.337344849999999951e+03 0.000000000000000000e+00 9.987828080775219830e-02
1.338022950000000037e+03 0.000000000000000000e+00 9.906155002186065039e-02
1.338701170000000047e+03 0.000000000000000000e+00 9.782887284736091482e-02
1.339379269999999906e+03 0.000000000000000000e+00 9.621648600372130489e-02
1.340057369999999992e+03 0.000000000000000000e+00 9.460409916008113984e-02
1.340735470000000078e+03 0.000000000000000000e+00 9.412492403668007435e-02
1.341413569999999936e+03 0.000000000000000000e+00 9.369759384507676814e-02
1.342091550000000097e+03 0.000000000000000000e+00 9.341148827807352339e-02
1.342769649999999956e+03 0.000000000000000000e+00 9.334649179488431481e-02
1.343447629999999890e+03 0.000000000000000000e+00 9.328150681380095732e-02
1.344125610000000052e+03 0.000000000000000000e+00 9.283120594949119397e-02
1.344803589999999986e+03 0.000000000000000000e+00 9.229804104087369065e-02
1.345481449999999995e+03 0.000000000000000000e+00 9.148216490776055199e-02
1.346159419999999955e+03 0.000000000000000000e+00 8.984447894714973903e-02
1.346837279999999964e+03 0.000000000000000000e+00 8.820705869955806910e-02
1.347515139999999974e+03 0.000000000000000000e+00 8.676684541301020459e-02
1.348192990000000009e+03 0.000000000000000000e+00 8.541566786487492235e-02
1.348870850000000019e+03 0.000000000000000000e+00 8.431697965857483379e-02
1.349548579999999902e+03 0.000000000000000000e+00 8.503681800438761540e-02
1.350226319999999987e+03 0.000000000000000000e+00 8.575666697151508588e-02
1.350904170000000022e+03 0.000000000000000000e+00 8.628823170027337397e-02
1.351581789999999955e+03 0.000000000000000000e+00 8.666828461791536986e-02
1.352259520000000066e+03 0.000000000000000000e+00 8.704839923063868723e-02
1.352937259999999924e+03 0.000000000000000000e+00 8.608552540876862613e-02
1.353614870000000110e+03 0.000000000000000000e+00 8.510494332852736044e-02
1.354292480000000069e+03 0.000000000000000000e+00 8.407885849538698775e-02
1.354970090000000027e+03 0.000000000000000000e+00 8.298968426580904945e-02
1.355647709999999961e+03 0.000000000000000000e+00 8.190049396246854019e-02
1.356325319999999920e+03 0.000000000000000000e+00 8.145403707496776113e-02
1.357002809999999954e+03 0.000000000000000000e+00 8.111998987385909965e-02
1.357680299999999988e+03 0.000000000000000000e+00 8.061930097324233879e-02
1.358357790000000023e+03 0.000000000000000000e+00 7.969617686457559913e-02
1.359035280000000057e+03 0.000000000000000000e+00 7.877305275590885947e-02
1.359712770000000091e+03 0.000000000000000000e+00 7.803700307338173880e-02
1.360390139999999974e+03 0.000000000000000000e+00 7.737565429393554461e-02
1.361067630000000008e+03 0.000000000000000000e+00 7.676389607749126154e-02
1.361744999999999891e+03 0.000000000000000000e+00 7.644222763398104969e-02
1.362422360000000026e+03 0.000000000000000000e+00 7.612056393925564768e-02
1.363099609999999984e+03 0.000000000000000000e+00 7.613958612520572988e-02
1.363776980000000094e+03 0.000000000000000000e+00 7.640749291397455623e-02
1.364454220000000078e+03 0.000000000000000000e+00 7.665721733377647840e-02
1.365131470000000036e+03 0.000000000000000000e+00 7.487094956331409590e-02
1.365808719999999994e+03 0.000000000000000000e+00 7.308468179285171340e-02
1.366485959999999977e+03 0.000000000000000000e+00 7.238579760600494239e-02
1.367163209999999935e+03 0.000000000000000000e+00 7.307094783385852110e-02
1.367840329999999994e+03 0.000000000000000000e+00 7.375596654524173290e-02
