9.306945799999999736e+02 0.000000000000000000e+00 7.882481310963405929e-02
9.313851899999999659e+02 0.000000000000000000e+00 7.336713058362361040e-02
9.320757399999999961e+02 0.000000000000000000e+00 6.790992221951548669e-02
9.327663000000000011e+02 0.000000000000000000e+00 6.748255201630616595e-02
9.334568500000000313e+02 0.000000000000000000e+00 6.844691418275816730e-02
9.341473999999999478e+02 0.000000000000000000e+00 6.837289421747860807e-02
9.348378900000000158e+02 0.000000000000000000e+00 6.529616871011638402e-02
9.355283799999999701e+02 0.000000000000000000e+00 6.221944320275465956e-02
9.362188700000000381e+02 0.000000000000000000e+00 6.337634878210895994e-02
9.369093000000000302e+02 0.000000000000000000e+00 6.609573391600583048e-02
9.375997300000000223e+02 0.000000000000000000e+00 6.653182024668198580e-02
9.382901600000000144e+02 0.000000000000000000e+00 5.804558582617062867e-02
9.389805300000000443e+02 0.000000000000000000e+00 4.956008887950152930e-02
9.396708999999999605e+02 0.000000000000000000e+00 4.919870150655779317e-02
9.403612699999999904e+02 0.000000000000000000e+00 5.271420697919641796e-02
9.410515699999999697e+02 0.000000000000000000e+00 5.609693834172467530e-02
9.417418800000000374e+02 0.000000000000000000e+00 5.872852943396541375e-02
9.424321899999999914e+02 0.000000000000000000e+00 6.136012052620572199e-02
9.431224999999999454e+02 0.000000000000000000e+00 5.705107611720405814e-02
9.438127399999999625e+02 0.000000000000000000e+00 4.853793739962088127e-02
9.445029899999999543e+02 0.000000000000000000e+00 4.113571340720800773e-02
9.451931799999999839e+02 0.000000000000000000e+00 4.426715551083826999e-02
9.458833600000000388e+02 0.000000000000000000e+00 4.739855224374314030e-02
9.465735499999999547e+02 0.000000000000000000e+00 5.228233323921581410e-02
9.472637300000000096e+02 0.000000000000000000e+00 5.850020280590256805e-02
9.479538599999999633e+02 0.000000000000000000e+00 6.466231739757200003e-02
9.486439800000000560e+02 0.000000000000000000e+00 6.949936862821706751e-02
9.493341100000000097e+02 0.000000000000000000e+00 7.433648994886334072e-02
9.500241700000000264e+02 0.000000000000000000e+00 7.427607398054003607e-02
9.507142300000000432e+02 0.000000000000000000e+00 6.955370633304484851e-02
9.514043000000000347e+02 0.000000000000000000e+00 6.483127025138978039e-02
9.520943600000000515e+02 0.000000000000000000e+00 7.353520764195511927e-02
9.527843599999999924e+02 0.000000000000000000e+00 8.245307087353170861e-02
9.534743700000000217e+02 0.000000000000000000e+00 8.836826743406471507e-02
9.541643100000000004e+02 0.000000000000000000e+00 9.070214692662678657e-02
9.548542499999999791e+02 0.000000000000000000e+00 9.303602641918885807e-02
9.555441899999999578e+02 0.000000000000000000e+00 9.829334973208203596e-02
9.562341300000000501e+02 0.000000000000000000e+00 1.037784176844934042e-01
9.569240099999999529e+02 0.000000000000000000e+00 1.072575600360874126e-01
9.576138899999999694e+02 0.000000000000000000e+00 1.077182869464175102e-01
9.583037699999999859e+02 0.000000000000000000e+00 1.081790138567476078e-01
9.589935900000000402e+02 0.000000000000000000e+00 1.154705800586060260e-01
9.596834099999999808e+02 0.000000000000000000e+00 1.237786790823575539e-01
9.603731699999999591e+02 0.000000000000000000e+00 1.292944125044155901e-01
9.610629900000000134e+02 0.000000000000000000e+00 1.294265493900632336e-01
9.617527499999999918e+02 0.000000000000000000e+00 1.295586747825486496e-01
9.624424999999999955e+02 0.000000000000000000e+00 1.296487540734365118e-01
9.631322000000000116e+02 0.000000000000000000e+00 1.297291192170862417e-01
9.638219000000000278e+02 0.000000000000000000e+00 1.306282968120413834e-01
9.645116000000000440e+02 0.000000000000000000e+00 1.335991929266040212e-01
9.652012300000000096e+02 0.000000000000000000e+00 1.365697875148100537e-01
9.658908699999999499e+02 0.000000000000000000e+00 1.391789286970435413e-01
9.665805100000000039e+02 0.000000000000000000e+00 1.416699885377958601e-01
9.672701399999999694e+02 0.000000000000000000e+00 1.453857551385293878e-01
9.679597199999999475e+02 0.000000000000000000e+00 1.533372868099034947e-01
9.686492899999999509e+02 0.000000000000000000e+00 1.612887031714998753e-01
9.693388700000000426e+02 0.000000000000000000e+00 1.642034299841391709e-01
9.700283799999999701e+02 0.000000000000000000e+00 1.649038860035749177e-01
9.707178999999999860e+02 0.000000000000000000e+00 1.672683233650967272e-01
9.714073499999999513e+02 0.000000000000000000e+00 1.780683368922864052e-01
9.720968599999999924e+02 0.000000000000000000e+00 1.888692903002686940e-01
9.727863200000000461e+02 0.000000000000000000e+00 1.967895990782443649e-01
9.734757100000000491e+02 0.000000000000000000e+00 2.030514105648771606e-01
9.741651600000000144e+02 0.000000000000000000e+00 2.095055973545765782e-01
9.748545500000000175e+02 0.000000000000000000e+00 2.176051959248446466e-01
9.755438799999999446e+02 0.000000000000000000e+00 2.257040895589882412e-01
9.762332800000000361e+02 0.000000000000000000e+00 2.405832102514853799e-01
9.769226099999999633e+02 0.000000000000000000e+00 2.604941643066616130e-01
9.776119400000000041e+02 0.000000000000000000e+00 2.801514641082666346e-01
9.783012099999999691e+02 0.000000000000000000e+00 2.942150289772389460e-01
9.789904800000000478e+02 0.000000000000000000e+00 3.082785938462134778e-01
9.796797500000000127e+02 0.000000000000000000e+00 3.210781751602346801e-01
9.803690199999999777e+02 0.000000000000000000e+00 3.326760107634899044e-01
9.810582299999999805e+02 0.000000000000000000e+00 3.442728367912002985e-01
9.817474399999999832e+02 0.000000000000000000e+00 3.537543860970576159e-01
9.824365800000000490e+02 0.000000000000000000e+00 3.631954838820070641e-01
9.831257299999999759e+02 0.000000000000000000e+00 3.728018578078759471e-01
9.838148800000000165e+02 0.000000000000000000e+00 3.826096359668951230e-01
9.845040299999999434e+02 0.000000000000000000e+00 3.924174141259126336e-01
9.851931200000000217e+02 0.000000000000000000e+00 4.051842956606695467e-01
9.858822000000000116e+02 0.000000000000000000e+00 4.182107838329853222e-01
9.865712899999999763e+02 0.000000000000000000e+00 4.270164406312147443e-01
9.872603100000000040e+02 0.000000000000000000e+00 4.291601947097403169e-01
9.879493400000000065e+02 0.000000000000000000e+00 4.313039799013550502e-01
9.886383700000000090e+02 0.000000000000000000e+00 4.357913566930805005e-01
9.893273299999999608e+02 0.000000000000000000e+00 4.406714636620951975e-01
9.900163000000000011e+02 0.000000000000000000e+00 4.423299037588694915e-01
9.907052599999999529e+02 0.000000000000000000e+00 4.372820468341825362e-01
9.913941700000000310e+02 0.000000000000000000e+00 4.322345562483913550e-01
9.920830700000000206e+02 0.000000000000000000e+00 4.313080060981169250e-01
9.927719700000000103e+02 0.000000000000000000e+00 4.314609322935601954e-01
9.934608799999999746e+02 0.000000000000000000e+00 4.302491260316670951e-01
9.941497200000000021e+02 0.000000000000000000e+00 4.251632531655653024e-01
9.948385600000000295e+02 0.000000000000000000e+00 4.200773802994635653e-01
9.955273399999999810e+02 0.000000000000000000e+00 4.161250516677051925e-01
9.962161300000000210e+02 0.000000000000000000e+00 4.125957480949383749e-01
9.969049099999999726e+02 0.000000000000000000e+00 4.092252347618878239e-01
9.975936900000000378e+02 0.000000000000000000e+00 4.065072723924981757e-01
9.982824100000000271e+02 0.000000000000000000e+00 4.037895467862873677e-01
9.989711300000000165e+02 0.000000000000000000e+00 3.977588683477943921e-01
9.996597900000000436e+02 0.000000000000000000e+00 3.900460440495999159e-01
1.000348449999999957e+03 0.000000000000000000e+00 3.821445343813636430e-01
1.001037109999999984e+03 0.000000000000000000e+00 3.729834576363150189e-01
1.001725770000000011e+03 0.000000000000000000e+00 3.638223808912663948e-01
1.002414369999999963e+03 0.000000000000000000e+00 3.567227296196492925e-01
1.003102970000000028e+03 0.000000000000000000e+00 3.510122079907307957e-01
1.003791560000000004e+03 0.000000000000000000e+00 3.455141244927398270e-01
1.004480099999999993e+03 0.000000000000000000e+00 3.431132928205712918e-01
1.005168639999999982e+03 0.000000000000000000e+00 3.407124611484028121e-01
1.005857179999999971e+03 0.000000000000000000e+00 3.347358056163948214e-01
1.006545650000000023e+03 0.000000000000000000e+00 3.255993030839643976e-01
1.007234130000000050e+03 0.000000000000000000e+00 3.164626678441899710e-01
1.007922609999999963e+03 0.000000000000000000e+00 3.116302539679894901e-01
1.008611020000000053e+03 0.000000000000000000e+00 3.068098135185758357e-01
1.009299440000000004e+03 0.000000000000000000e+00 2.991195589952310163e-01
1.009987849999999980e+03 0.000000000000000000e+00 2.881103176360564899e-01
1.010676270000000045e+03 0.000000000000000000e+00 2.771009163541403031e-01
1.011364619999999945e+03 0.000000000000000000e+00 2.758054020848191845e-01
1.012052919999999972e+03 0.000000000000000000e+00 2.752415325192770212e-01
1.012741269999999986e+03 0.000000000000000000e+00 2.726480511854990629e-01
1.013429570000000012e+03 0.000000000000000000e+00 2.669569743482168578e-01
1.014117859999999951e+03 0.000000000000000000e+00 2.612659801940218074e-01
1.014806090000000040e+03 0.000000000000000000e+00 2.538382420834817133e-01
1.015494320000000016e+03 0.000000000000000000e+00 2.461319904635388411e-01
1.016182559999999967e+03 0.000000000000000000e+00 2.411192035210341367e-01
1.016870790000000056e+03 0.000000000000000000e+00 2.416394266460089590e-01
1.017558959999999956e+03 0.000000000000000000e+00 2.421596044178495333e-01
1.018247129999999970e+03 0.000000000000000000e+00 2.367274330250763170e-01
1.018935240000000022e+03 0.000000000000000000e+00 2.297411990048784103e-01
1.019623349999999959e+03 0.000000000000000000e+00 2.240760015082981227e-01
1.020311460000000011e+03 0.000000000000000000e+00 2.222078190746137605e-01
1.020999569999999949e+03 0.000000000000000000e+00 2.203396366409297036e-01
1.021687620000000038e+03 0.000000000000000000e+00 2.160181171267408218e-01
1.022375670000000014e+03 0.000000000000000000e+00 2.107585037503555137e-01
1.023063719999999989e+03 0.000000000000000000e+00 2.057952526541312055e-01
1.023751710000000003e+03 0.000000000000000000e+00 2.021088955209496274e-01
1.024439699999999903e+03 0.000000000000000000e+00 1.984225383877686599e-01
1.025127690000000030e+03 0.000000000000000000e+00 1.979398771736210205e-01
1.025815550000000030e+03 0.000000000000000000e+00 1.991571184560639862e-01
1.026503539999999930e+03 0.000000000000000000e+00 1.999502951934723216e-01
1.027191409999999905e+03 0.000000000000000000e+00 1.975613484946970588e-01
1.027879269999999906e+03 0.000000000000000000e+00 1.951724365255464722e-01
1.028567140000000109e+03 0.000000000000000000e+00 1.912578976024313648e-01
1.029255000000000109e+03 0.000000000000000000e+00 1.862488679665555147e-01
1.029942870000000084e+03 0.000000000000000000e+00 1.815874846272440835e-01
1.030630619999999908e+03 0.000000000000000000e+00 1.840284307970799504e-01
1.031318479999999909e+03 0.000000000000000000e+00 1.864697673763365815e-01
1.032006229999999960e+03 0.000000000000000000e+00 1.856037496901609130e-01
1.032693970000000036e+03 0.000000000000000000e+00 1.815710369736729390e-01
1.033381710000000112e+03 0.000000000000000000e+00 1.775383242571849651e-01
1.034069340000000011e+03 0.000000000000000000e+00 1.745768946667694554e-01
1.034757080000000087e+03 0.000000000000000000e+00 1.716426890130937077e-01
1.035444700000000012e+03 0.000000000000000000e+00 1.697117743031606452e-01
1.036132319999999936e+03 0.000000000000000000e+00 1.690649944650957637e-01
1.036820069999999987e+03 0.000000000000000000e+00 1.684180923481864156e-01
1.037507569999999987e+03 0.000000000000000000e+00 1.658053733212595249e-01
1.038195189999999911e+03 0.000000000000000000e+00 1.629789617901139243e-01
1.038882810000000063e+03 0.000000000000000000e+00 1.597809070121585240e-01
1.039570310000000063e+03 0.000000000000000000e+00 1.559384197234594815e-01
1.040257810000000063e+03 0.000000000000000000e+00 1.520959324347604391e-01
1.040945310000000063e+03 0.000000000000000000e+00 1.533492167138107709e-01
1.041632810000000063e+03 0.000000000000000000e+00 1.556548681078119556e-01
1.042320310000000063e+03 0.000000000000000000e+00 1.558127763500651020e-01
1.043007689999999911e+03 0.000000000000000000e+00 1.507659713900006138e-01
1.043695189999999911e+03 0.000000000000000000e+00 1.457182853792858834e-01
1.044382569999999987e+03 0.000000000000000000e+00 1.451092007955952778e-01
1.045069950000000063e+03 0.000000000000000000e+00 1.459393477957662832e-01
1.045757319999999936e+03 0.000000000000000000e+00 1.460980667843713721e-01
1.046444700000000012e+03 0.000000000000000000e+00 1.438443140260162179e-01
1.047131959999999935e+03 0.000000000000000000e+00 1.415909547186362527e-01
1.047819340000000011e+03 0.000000000000000000e+00 1.386567487905988605e-01
1.048506589999999960e+03 0.000000000000000000e+00 1.354034521841399608e-01
1.049193850000000111e+03 0.000000000000000000e+00 1.323675955474302168e-01
1.049881100000000060e+03 0.000000000000000000e+00 1.306390982218957608e-01
1.050568359999999984e+03 0.000000000000000000e+00 1.289105757454363232e-01
1.051255490000000009e+03 0.000000000000000000e+00 1.269214829996310467e-01
1.051942749999999933e+03 0.000000000000000000e+00 1.247615739023796438e-01
1.052629879999999957e+03 0.000000000000000000e+00 1.226243688479880661e-01
1.053317019999999957e+03 0.000000000000000000e+00 1.207977548384554373e-01
1.054004149999999981e+03 0.000000000000000000e+00 1.189711674117735346e-01
1.054691280000000006e+03 0.000000000000000000e+00 1.194111020692709552e-01
1.055378300000000081e+03 0.000000000000000000e+00 1.218711937567270309e-01
1.056065430000000106e+03 0.000000000000000000e+00 1.243316793338595100e-01
1.056752439999999979e+03 0.000000000000000000e+00 1.207645368942896480e-01
1.057439450000000079e+03 0.000000000000000000e+00 1.171411893717029112e-01
1.058126459999999952e+03 0.000000000000000000e+00 1.152608151163694861e-01
1.058813480000000027e+03 0.000000000000000000e+00 1.154919235855681181e-01
1.059500489999999900e+03 0.000000000000000000e+00 1.157230286908403211e-01
1.060187380000000076e+03 0.000000000000000000e+00 1.150752709982478944e-01
1.060874270000000024e+03 0.000000000000000000e+00 1.143444372664474962e-01
1.061561159999999973e+03 0.000000000000000000e+00 1.142978056179801000e-01
1.062248049999999921e+03 0.000000000000000000e+00 1.153933312796038280e-01
1.062934940000000097e+03 0.000000000000000000e+00 1.164888569412279168e-01
1.063621830000000045e+03 0.000000000000000000e+00 1.159140417546907081e-01
1.064308590000000095e+03 0.000000000000000000e+00 1.150116621040796067e-01
1.064995480000000043e+03 0.000000000000000000e+00 1.139011487406519363e-01
1.065682250000000067e+03 0.000000000000000000e+00 1.122981434395873002e-01
1.066369020000000091e+03 0.000000000000000000e+00 1.106951381385226502e-01
1.067055659999999989e+03 0.000000000000000000e+00 1.095988053111878330e-01
1.067742430000000013e+03 0.000000000000000000e+00 1.086643906001481391e-01
1.068429080000000113e+03 0.000000000000000000e+00 1.077470971764144247e-01
1.069115839999999935e+03 0.000000000000000000e+00 1.068905124887976205e-01
1.069802490000000034e+03 0.000000000000000000e+00 1.060340650024089032e-01
1.070489139999999907e+03 0.000000000000000000e+00 1.029837759241350320e-01
1.071175780000000032e+03 0.000000000000000000e+00 9.889354972036847047e-02
1.071862300000000005e+03 0.000000000000000000e+00 9.517829418165632549e-02
1.072548950000000104e+03 0.000000000000000000e+00 9.378711934085620650e-02
1.073235470000000078e+03 0.000000000000000000e+00 9.239620788421028241e-02
1.073922000000000025e+03 0.000000000000000000e+00 9.129500821302634350e-02
1.074608519999999999e+03 0.000000000000000000e+00 9.038803891602187335e-02
1.075295039999999972e+03 0.000000000000000000e+00 8.945984489182531862e-02
1.075981569999999920e+03 0.000000000000000000e+00 8.819110269192932672e-02
1.076667969999999968e+03 0.000000000000000000e+00 8.692260073861522718e-02
1.077354370000000017e+03 0.000000000000000000e+00 8.492050370885360910e-02
1.078040770000000066e+03 0.000000000000000000e+00 8.223642239293521561e-02
1.078727169999999887e+03 0.000000000000000000e+00 7.955234107701772417e-02
1.079413569999999936e+03 0.000000000000000000e+00 7.774783874836763142e-02
1.080099979999999960e+03 0.000000000000000000e+00 7.596347564092720273e-02
1.080786250000000109e+03 0.000000000000000000e+00 7.554682209660092129e-02
1.081472659999999905e+03 0.000000000000000000e+00 7.689180629129351019e-02
1.082158940000000030e+03 0.000000000000000000e+00 7.823653575784277059e-02
1.082845209999999952e+03 0.000000000000000000e+00 7.677776429356431009e-02
1.083531369999999924e+03 0.000000000000000000e+00 7.499494043292524725e-02
1.084217650000000049e+03 0.000000000000000000e+00 7.348337911941206502e-02
1.084903929999999946e+03 0.000000000000000000e+00 7.246517385832731972e-02
1.085590089999999918e+03 0.000000000000000000e+00 7.144714663628094764e-02
1.086276249999999891e+03 0.000000000000000000e+00 7.019930326152111488e-02
1.086962399999999889e+03 0.000000000000000000e+00 6.889893640743804948e-02
1.087648560000000089e+03 0.000000000000000000e+00 6.843014756753683370e-02
1.088334589999999935e+03 0.000000000000000000e+00 7.017663727180047106e-02
1.089020749999999907e+03 0.000000000000000000e+00 7.192345792902794799e-02
1.089706789999999955e+03 0.000000000000000000e+00 7.152282853200128687e-02
1.090392820000000029e+03 0.000000000000000000e+00 7.033335906257469350e-02
1.091078860000000077e+03 0.000000000000000000e+00 6.915764893847875516e-02
1.091764889999999923e+03 0.000000000000000000e+00 6.804087697655822331e-02
1.092450810000000047e+03 0.000000000000000000e+00 6.692428408102765736e-02
1.093136839999999893e+03 0.000000000000000000e+00 6.649350924940655716e-02
1.093822750000000042e+03 0.000000000000000000e+00 6.643618178081565906e-02
1.094508669999999938e+03 0.000000000000000000e+00 6.639487045171346691e-02
1.095194580000000087e+03 0.000000000000000000e+00 6.648905013223378735e-02
1.095880490000000009e+03 0.000000000000000000e+00 6.658322981275408003e-02
1.096566409999999905e+03 0.000000000000000000e+00 6.731729481902017087e-02
1.097252199999999903e+03 0.000000000000000000e+00 6.854690585756706422e-02
1.097937989999999900e+03 0.000000000000000000e+00 6.979364687883847507e-02
1.098623779999999897e+03 0.000000000000000000e+00 7.184568973525241875e-02
1.099309569999999894e+03 0.000000000000000000e+00 7.389773259166637631e-02
1.099995359999999891e+03 0.000000000000000000e+00 7.525070269472138029e-02
1.100681149999999889e+03 0.000000000000000000e+00 7.584220229898154531e-02
1.101366819999999962e+03 0.000000000000000000e+00 7.643359840223927504e-02
1.102052490000000034e+03 0.000000000000000000e+00 7.994743121441919009e-02
1.102738160000000107e+03 0.000000000000000000e+00 8.366199288912810894e-02
1.103423829999999953e+03 0.000000000000000000e+00 8.577606371766459403e-02
1.104109500000000025e+03 0.000000000000000000e+00 8.541726411736991209e-02
1.104795170000000098e+03 0.000000000000000000e+00 8.505846451707521627e-02
1.105480710000000045e+03 0.000000000000000000e+00 8.744427757823607095e-02
1.106166259999999966e+03 0.000000000000000000e+00 9.031485344675116433e-02
1.106851809999999887e+03 0.000000000000000000e+00 9.282992714330011441e-02
1.107537350000000060e+03 0.000000000000000000e+00 9.454108351723337911e-02
1.108222899999999981e+03 0.000000000000000000e+00 9.625226485187399206e-02
1.108908449999999903e+03 0.000000000000000000e+00 9.737755281659554729e-02
1.109593869999999924e+03 0.000000000000000000e+00 9.832103130363514798e-02
1.110279299999999921e+03 0.000000000000000000e+00 9.961992456150685349e-02
1.110964719999999943e+03 0.000000000000000000e+00 1.021818306493055689e-01
1.111650149999999940e+03 0.000000000000000000e+00 1.047437741142756701e-01
1.112335569999999962e+03 0.000000000000000000e+00 1.073281283753304283e-01
1.113020999999999958e+03 0.000000000000000000e+00 1.099232860165678671e-01
1.113706300000000056e+03 0.000000000000000000e+00 1.123679756147306225e-01
1.114391599999999926e+03 0.000000000000000000e+00 1.138264060942311556e-01
1.115076900000000023e+03 0.000000000000000000e+00 1.152848365737321606e-01
1.115762210000000096e+03 0.000000000000000000e+00 1.166432337247590434e-01
1.116447509999999966e+03 0.000000000000000000e+00 1.179315551181432525e-01
1.117132689999999911e+03 0.000000000000000000e+00 1.191995092079184276e-01
1.117817990000000009e+03 0.000000000000000000e+00 1.200262928914578309e-01
1.118503169999999955e+03 0.000000000000000000e+00 1.208529318003844361e-01
1.119188349999999900e+03 0.000000000000000000e+00 1.220257138623541682e-01
1.119873540000000048e+03 0.000000000000000000e+00 1.235457815065240522e-01
1.120558590000000095e+03 0.000000000000000000e+00 1.250655385660818797e-01
1.121243770000000040e+03 0.000000000000000000e+00 1.246368522111401950e-01
1.121928830000000062e+03 0.000000000000000000e+00 1.241155005846789339e-01
1.122613890000000083e+03 0.000000000000000000e+00 1.243124173713660852e-01
1.123298950000000104e+03 0.000000000000000000e+00 1.255436542691198143e-01
1.123984009999999898e+03 0.000000000000000000e+00 1.267748911668731548e-01
1.124669069999999920e+03 0.000000000000000000e+00 1.251043950694296358e-01
1.125354000000000042e+03 0.000000000000000000e+00 1.229811756492752983e-01
1.126039060000000063e+03 0.000000000000000000e+00 1.212488044837637946e-01
1.126723999999999933e+03 0.000000000000000000e+00 1.203492702980238915e-01
1.127408940000000030e+03 0.000000000000000000e+00 1.194497361122836832e-01
1.128093869999999924e+03 0.000000000000000000e+00 1.184282289972574814e-01
1.128778690000000097e+03 0.000000000000000000e+00 1.173713857666572047e-01
1.129463619999999992e+03 0.000000000000000000e+00 1.164164209031312153e-01
1.130148439999999937e+03 0.000000000000000000e+00 1.158047609718971249e-01
1.130833249999999907e+03 0.000000000000000000e+00 1.151931099723520757e-01
1.131518070000000080e+03 0.000000000000000000e+00 1.155200396158107268e-01
1.132202880000000050e+03 0.000000000000000000e+00 1.162817357319497341e-01
1.132887699999999995e+03 0.000000000000000000e+00 1.167280303878937137e-01
1.133572390000000041e+03 0.000000000000000000e+00 1.151980709824032417e-01
1.134257080000000087e+03 0.000000000000000000e+00 1.136681115769127698e-01
1.134941769999999906e+03 0.000000000000000000e+00 1.124886880755006369e-01
1.135626459999999952e+03 0.000000000000000000e+00 1.115511242673049297e-01
1.136311159999999973e+03 0.000000000000000000e+00 1.106614980583580932e-01
1.136995850000000019e+03 0.000000000000000000e+00 1.107744576858829683e-01
1.137680419999999913e+03 0.000000000000000000e+00 1.108873975159004738e-01
1.138364990000000034e+03 0.000000000000000000e+00 1.105183035886975335e-01
1.139049559999999929e+03 0.000000000000000000e+00 1.096657984447241968e-01
1.139734130000000050e+03 0.000000000000000000e+00 1.088132933007505687e-01
1.140418699999999944e+03 0.000000000000000000e+00 1.063888782108443204e-01
1.141103149999999914e+03 0.000000000000000000e+00 1.038869365911437304e-01
1.141787720000000036e+03 0.000000000000000000e+00 1.030064909596177247e-01
1.142472170000000006e+03 0.000000000000000000e+00 1.044984895759743931e-01
1.143156619999999975e+03 0.000000000000000000e+00 1.059904881923310616e-01
1.143841059999999970e+03 0.000000000000000000e+00 1.059908626044530761e-01
1.144525509999999940e+03 0.000000000000000000e+00 1.057466146962203479e-01
1.145209839999999986e+03 0.000000000000000000e+00 1.058669624942804449e-01
1.145894289999999955e+03 0.000000000000000000e+00 1.067907388304158989e-01
1.146578610000000026e+03 0.000000000000000000e+00 1.077143397104572686e-01
1.147262940000000071e+03 0.000000000000000000e+00 1.075044380814319245e-01
1.147947269999999889e+03 0.000000000000000000e+00 1.069468124504193013e-01
1.148631470000000036e+03 0.000000000000000000e+00 1.066425354532490460e-01
1.149315800000000081e+03 0.000000000000000000e+00 1.072485851728361417e-01
1.150000000000000000e+03 0.000000000000000000e+00 1.078545197630797481e-01
1.150684199999999919e+03 0.000000000000000000e+00 1.077040057146873842e-01
1.151368410000000040e+03 0.000000000000000000e+00 1.071813973681486482e-01
1.152052609999999959e+03 0.000000000000000000e+00 1.064832064502353737e-01
1.152736820000000080e+03 0.000000000000000000e+00 1.045279654153610654e-01
1.153420900000000074e+03 0.000000000000000000e+00 1.025730958765695006e-01
1.154104980000000069e+03 0.000000000000000000e+00 1.018363047629602947e-01
1.154789060000000063e+03 0.000000000000000000e+00 1.020013418569805652e-01
1.155473140000000058e+03 0.000000000000000000e+00 1.020835155206551437e-01
1.156157230000000027e+03 0.000000000000000000e+00 9.913118725775157958e-02
1.156841310000000021e+03 0.000000000000000000e+00 9.617890215186324088e-02
1.157525270000000091e+03 0.000000000000000000e+00 9.452962020027662338e-02
1.158209229999999934e+03 0.000000000000000000e+00 9.429989444037081836e-02
1.158893190000000004e+03 0.000000000000000000e+00 9.407016868046493008e-02
1.159577150000000074e+03 0.000000000000000000e+00 9.346612695551463623e-02
1.160261109999999917e+03 0.000000000000000000e+00 9.283392809638364718e-02
1.160945069999999987e+03 0.000000000000000000e+00 9.170478399086018362e-02
1.161628909999999905e+03 0.000000000000000000e+00 8.977060140357807916e-02
1.162312740000000076e+03 0.000000000000000000e+00 8.783644710043463089e-02
1.162996579999999994e+03 0.000000000000000000e+00 8.655811644954082562e-02
1.163680419999999913e+03 0.000000000000000000e+00 8.541135499013038923e-02
1.164364260000000058e+03 0.000000000000000000e+00 8.453979428193714174e-02
1.165047970000000078e+03 0.000000000000000000e+00 8.436205593055953744e-02
1.165731809999999996e+03 0.000000000000000000e+00 8.418428378417283642e-02
1.166415529999999990e+03 0.000000000000000000e+00 8.277929760336009968e-02
1.167099240000000009e+03 0.000000000000000000e+00 8.093156273322646421e-02
1.167782840000000078e+03 0.000000000000000000e+00 7.945035127896867000e-02
1.168466550000000097e+03 0.000000000000000000e+00 7.957678891364046436e-02
1.169150270000000091e+03 0.000000000000000000e+00 7.970322839759974576e-02
1.169833859999999959e+03 0.000000000000000000e+00 7.870665123320855217e-02
1.170517460000000028e+03 0.000000000000000000e+00 7.706802518576343075e-02
1.171201049999999896e+03 0.000000000000000000e+00 7.556192178933685000e-02
1.171884639999999990e+03 0.000000000000000000e+00 7.545318794123063999e-02
1.172568119999999908e+03 0.000000000000000000e+00 7.534447159004994954e-02
1.173251710000000003e+03 0.000000000000000000e+00 7.490777061276353288e-02
1.173935179999999946e+03 0.000000000000000000e+00 7.418818480730055009e-02
1.174618649999999889e+03 0.000000000000000000e+00 7.346859900183756731e-02
1.175302120000000059e+03 0.000000000000000000e+00 7.261831968058470033e-02
1.175985599999999977e+03 0.000000000000000000e+00 7.176627696325646455e-02
1.176668949999999995e+03 0.000000000000000000e+00 7.100962350585308946e-02
1.177352419999999938e+03 0.000000000000000000e+00 7.037565763152521525e-02
1.178035769999999957e+03 0.000000000000000000e+00 6.974180306552815733e-02
1.178719119999999975e+03 0.000000000000000000e+00 6.983271365128236596e-02
1.179402469999999994e+03 0.000000000000000000e+00 7.001635097805257446e-02
1.180085690000000113e+03 0.000000000000000000e+00 7.047957883829633619e-02
1.180769039999999904e+03 0.000000000000000000e+00 7.149497342103690312e-02
1.181452269999999999e+03 0.000000000000000000e+00 7.251018969493189248e-02
1.182135500000000093e+03 0.000000000000000000e+00 7.076934453220604104e-02
1.182818729999999960e+03 0.000000000000000000e+00 6.827553549332548988e-02
1.183501950000000079e+03 0.000000000000000000e+00 6.646486873552163999e-02
1.184185179999999946e+03 0.000000000000000000e+00 6.688304094620195484e-02
1.184868289999999888e+03 0.000000000000000000e+00 6.730113971065589118e-02
1.185551390000000083e+03 0.000000000000000000e+00 6.693711766310200817e-02
1.186234500000000025e+03 0.000000000000000000e+00 6.621126508022276425e-02
1.186917599999999993e+03 0.000000000000000000e+00 6.551762007848786762e-02
1.187600709999999935e+03 0.000000000000000000e+00 6.503459823454664501e-02
1.188283809999999903e+03 0.000000000000000000e+00 6.455158346152874149e-02
1.188966799999999921e+03 0.000000000000000000e+00 6.489502190999545117e-02
1.189649779999999964e+03 0.000000000000000000e+00 6.583383589771550637e-02
1.190332760000000007e+03 0.000000000000000000e+00 6.670471085062711081e-02
1.191015750000000025e+03 0.000000000000000000e+00 6.536694541266817315e-02
1.191698730000000069e+03 0.000000000000000000e+00 6.402919956160559034e-02
1.192381589999999960e+03 0.000000000000000000e+00 6.300082652424110474e-02
1.193064579999999978e+03 0.000000000000000000e+00 6.230965998903064545e-02
1.193747440000000097e+03 0.000000000000000000e+00 6.161862501013799787e-02
1.194430299999999988e+03 0.000000000000000000e+00 6.181165451550890699e-02
1.195113160000000107e+03 0.000000000000000000e+00 6.207478320901550078e-02
1.195795900000000074e+03 0.000000000000000000e+00 6.194205661528464496e-02
1.196478759999999966e+03 0.000000000000000000e+00 6.114781283103680465e-02
1.197161499999999933e+03 0.000000000000000000e+00 6.035370862042638979e-02
1.197844239999999900e+03 0.000000000000000000e+00 6.048478847507501865e-02
1.198526980000000094e+03 0.000000000000000000e+00 6.081582978729323241e-02
1.199209720000000061e+03 0.000000000000000000e+00 6.079935371354067142e-02
1.199892329999999902e+03 0.000000000000000000e+00 5.984340285899075046e-02
1.200575070000000096e+03 0.000000000000000000e+00 5.888726994790572516e-02
1.201257689999999911e+03 0.000000000000000000e+00 5.896211219256648067e-02
1.201940309999999954e+03 0.000000000000000000e+00 5.944291257071909057e-02
1.202622920000000022e+03 0.000000000000000000e+00 5.982171772426714967e-02
1.203305540000000065e+03 0.000000000000000000e+00 5.968325139909342464e-02
1.203988039999999955e+03 0.000000000000000000e+00 5.954480941536741817e-02
1.204670650000000023e+03 0.000000000000000000e+00 5.922816740934130214e-02
1.205353149999999914e+03 0.000000000000000000e+00 5.879852140612713135e-02
1.206035640000000058e+03 0.000000000000000000e+00 5.841472739076598170e-02
1.206718139999999948e+03 0.000000000000000000e+00 5.876427294488858338e-02
1.207400509999999940e+03 0.000000000000000000e+00 5.911375191890568676e-02
1.208083010000000058e+03 0.000000000000000000e+00 5.859389491086793023e-02
1.208765380000000050e+03 0.000000000000000000e+00 5.722366128769592469e-02
1.209447750000000042e+03 0.000000000000000000e+00 5.585342766452392610e-02
1.210130130000000008e+03 0.000000000000000000e+00 5.590813828465952123e-02
1.210812500000000000e+03 0.000000000000000000e+00 5.603404997603234072e-02
1.211494750000000067e+03 0.000000000000000000e+00 5.615101554493465152e-02
1.212177120000000059e+03 0.000000000000000000e+00 5.625453719853866497e-02
1.212859380000000101e+03 0.000000000000000000e+00 5.635804216415537388e-02
1.213541629999999941e+03 0.000000000000000000e+00 5.489165386526257545e-02
1.214223880000000008e+03 0.000000000000000000e+00 5.313742892247576982e-02
1.214906009999999924e+03 0.000000000000000000e+00 5.183669389337969974e-02
1.215588259999999991e+03 0.000000000000000000e+00 5.163918328584588685e-02
1.216270389999999907e+03 0.000000000000000000e+00 5.144170741817713499e-02
1.216952510000000075e+03 0.000000000000000000e+00 5.241992271716922058e-02
1.217634639999999990e+03 0.000000000000000000e+00 5.381783717355344276e-02
1.218316769999999906e+03 0.000000000000000000e+00 5.469195613914577814e-02
1.218998900000000049e+03 0.000000000000000000e+00 5.322304229587237340e-02
1.219680910000000040e+03 0.000000000000000000e+00 5.175438686325589677e-02
1.220363039999999955e+03 0.000000000000000000e+00 5.009659291834189093e-02
1.221045039999999972e+03 0.000000000000000000e+00 4.832740207522076559e-02
1.221727049999999963e+03 0.000000000000000000e+00 4.675450171591504639e-02
1.222408940000000030e+03 0.000000000000000000e+00 4.764092058030208743e-02
1.223090940000000046e+03 0.000000000000000000e+00 4.852748243853716864e-02
1.223772830000000113e+03 0.000000000000000000e+00 4.791811121500192533e-02
1.224454709999999977e+03 0.000000000000000000e+00 4.592236540812447143e-02
1.225136600000000044e+03 0.000000000000000000e+00 4.392659033296158338e-02
1.225818479999999909e+03 0.000000000000000000e+00 4.432087485553956596e-02
1.226500369999999975e+03 0.000000000000000000e+00 4.480436463630661087e-02
1.227182129999999916e+03 0.000000000000000000e+00 4.508860664586660655e-02
1.227864010000000007e+03 0.000000000000000000e+00 4.508501796340848994e-02
1.228545779999999922e+03 0.000000000000000000e+00 4.508142985987198537e-02
1.229227540000000090e+03 0.000000000000000000e+00 4.458005472422239823e-02
1.229909180000000106e+03 0.000000000000000000e+00 4.399348994478274877e-02
1.230590940000000046e+03 0.000000000000000000e+00 4.359950575540650491e-02
1.231272580000000062e+03 0.000000000000000000e+00 4.365916215142158496e-02
1.231954349999999977e+03 0.000000000000000000e+00 4.371882992489614650e-02
1.232635989999999993e+03 0.000000000000000000e+00 4.291632287075514141e-02
1.233317630000000008e+03 0.000000000000000000e+00 4.181535212575780008e-02
1.233999150000000100e+03 0.000000000000000000e+00 4.097755377575451607e-02
1.234680789999999888e+03 0.000000000000000000e+00 4.128446337530949223e-02
1.235362300000000005e+03 0.000000000000000000e+00 4.159131444213774731e-02
1.236043820000000096e+03 0.000000000000000000e+00 4.112335411000685864e-02
1.236725339999999960e+03 0.000000000000000000e+00 4.020197601153584904e-02
1.237406860000000052e+03 0.000000000000000000e+00 3.948038100305612669e-02
1.238088379999999916e+03 0.000000000000000000e+00 4.122742166838026107e-02
1.238769780000000083e+03 0.000000000000000000e+00 4.297415472001835796e-02
1.239451170000000047e+03 0.000000000000000000e+00 4.312104543553887254e-02
1.240132569999999987e+03 0.000000000000000000e+00 4.178092390060232642e-02
1.240813959999999952e+03 0.000000000000000000e+00 4.044082203284411758e-02
1.241495359999999891e+03 0.000000000000000000e+00 4.143378242766961039e-02
1.242176760000000058e+03 0.000000000000000000e+00 4.251886702139915514e-02
1.242858030000000099e+03 0.000000000000000000e+00 4.320062302175793623e-02
1.243539309999999887e+03 0.000000000000000000e+00 4.329132381515224393e-02
1.244220579999999927e+03 0.000000000000000000e+00 4.338202327721742135e-02
1.244901859999999942e+03 0.000000000000000000e+00 4.375315588032977626e-02
1.245583129999999983e+03 0.000000000000000000e+00 4.417431723503724428e-02
1.246264280000000099e+03 0.000000000000000000e+00 4.478185308796325814e-02
1.246945429999999988e+03 0.000000000000000000e+00 4.584239430299646978e-02
1.247626590000000078e+03 0.000000000000000000e+00 4.690295108789294121e-02
1.248307739999999967e+03 0.000000000000000000e+00 4.793484498286599421e-02
1.248988890000000083e+03 0.000000000000000000e+00 4.895636001169644674e-02
1.249670039999999972e+03 0.000000000000000000e+00 4.993798851491806218e-02
1.250351069999999936e+03 0.000000000000000000e+00 5.073385840922037260e-02
1.251032099999999900e+03 0.000000000000000000e+00 5.152972830352268996e-02
1.251713130000000092e+03 0.000000000000000000e+00 5.226320386220582176e-02
1.252394170000000031e+03 0.000000000000000000e+00 5.295833091209282972e-02
1.253075199999999995e+03 0.000000000000000000e+00 5.370069611543123317e-02
1.253756100000000060e+03 0.000000000000000000e+00 5.515729567490265661e-02
1.254437130000000025e+03 0.000000000000000000e+00 5.661417333386384310e-02
1.255118040000000065e+03 0.000000000000000000e+00 5.827040806728910755e-02
1.255798950000000104e+03 0.000000000000000000e+00 6.012313541455509280e-02
1.256479739999999993e+03 0.000000000000000000e+00 6.197553624688966617e-02
1.257160640000000058e+03 0.000000000000000000e+00 6.344249538407469025e-02
1.257841429999999946e+03 0.000000000000000000e+00 6.488714320007038516e-02
1.258522220000000061e+03 0.000000000000000000e+00 6.536004923246901965e-02
1.259202999999999975e+03 0.000000000000000000e+00 6.429806651828280650e-02
1.259883790000000090e+03 0.000000000000000000e+00 6.323606820459695688e-02
1.260564579999999978e+03 0.000000000000000000e+00 6.504916648164925375e-02
1.261245239999999967e+03 0.000000000000000000e+00 6.745434899727026368e-02
1.261926030000000083e+03 0.000000000000000000e+00 6.919736800958944944e-02
1.262606690000000071e+03 0.000000000000000000e+00 6.915574874073357470e-02
1.263287350000000060e+03 0.000000000000000000e+00 6.911412947187769995e-02
1.263968020000000024e+03 0.000000000000000000e+00 6.921562746733823934e-02
1.264648560000000089e+03 0.000000000000000000e+00 6.937499181642801938e-02
1.265329220000000078e+03 0.000000000000000000e+00 6.968697054194379625e-02
1.266009769999999889e+03 0.000000000000000000e+00 7.084248259815582871e-02
1.266690309999999954e+03 0.000000000000000000e+00 7.199797767527701953e-02
1.267370850000000019e+03 0.000000000000000000e+00 7.270393398376413796e-02
1.268051269999999931e+03 0.000000000000000000e+00 7.310243673906739736e-02
1.268731809999999996e+03 0.000000000000000000e+00 7.350398824350852511e-02
1.269412229999999909e+03 0.000000000000000000e+00 7.398807374984733842e-02
1.270092650000000049e+03 0.000000000000000000e+00 7.447215925618630439e-02
1.270773069999999962e+03 0.000000000000000000e+00 7.418598757086677931e-02
1.271453490000000102e+03 0.000000000000000000e+00 7.304991036436891960e-02
1.272133910000000014e+03 0.000000000000000000e+00 7.191383315787142072e-02
1.272814210000000003e+03 0.000000000000000000e+00 7.181220212740142828e-02
1.273494509999999991e+03 0.000000000000000000e+00 7.180560834049007357e-02
1.274174800000000005e+03 0.000000000000000000e+00 7.194682419580591959e-02
1.274855099999999993e+03 0.000000000000000000e+00 7.235543259613351486e-02
1.275535399999999981e+03 0.000000000000000000e+00 7.276404099646111012e-02
1.276215580000000045e+03 0.000000000000000000e+00 7.178830483768500192e-02
1.276895870000000059e+03 0.000000000000000000e+00 7.045746935878090256e-02
1.277576049999999896e+03 0.000000000000000000e+00 6.949967330029359347e-02
1.278256229999999960e+03 0.000000000000000000e+00 6.975001721570625590e-02
1.278936279999999897e+03 0.000000000000000000e+00 7.000031328391811969e-02
1.279616459999999961e+03 0.000000000000000000e+00 6.940326889534369215e-02
1.280296509999999898e+03 0.000000000000000000e+00 6.839938751569220321e-02
1.280976560000000063e+03 0.000000000000000000e+00 6.742605823215616634e-02
1.281656739999999900e+03 0.000000000000000000e+00 6.668716059518839390e-02
1.282336669999999913e+03 0.000000000000000000e+00 6.594853453987416236e-02
1.283016720000000078e+03 0.000000000000000000e+00 6.566375383977435254e-02
1.283696779999999990e+03 0.000000000000000000e+00 6.574374553147598055e-02
1.284376710000000003e+03 0.000000000000000000e+00 6.582372193199753641e-02
1.285056640000000016e+03 0.000000000000000000e+00 6.571483364354563372e-02
1.285736570000000029e+03 0.000000000000000000e+00 6.560478570299686785e-02
1.286416500000000042e+03 0.000000000000000000e+00 6.479620216493515994e-02
1.287096309999999903e+03 0.000000000000000000e+00 6.307265276874197968e-02
1.287776249999999891e+03 0.000000000000000000e+00 6.134877377836555484e-02
1.288456050000000005e+03 0.000000000000000000e+00 6.120279355337633620e-02
1.289135860000000093e+03 0.000000000000000000e+00 6.128917752787006734e-02
1.289815669999999955e+03 0.000000000000000000e+00 6.089944775146758499e-02
1.290495359999999891e+03 0.000000000000000000e+00 5.945163868462046558e-02
1.291175169999999980e+03 0.000000000000000000e+00 5.800357400552623444e-02
1.291854859999999917e+03 0.000000000000000000e+00 5.745466238515875568e-02
1.292534550000000081e+03 0.000000000000000000e+00 5.720739628880385647e-02
1.293214230000000043e+03 0.000000000000000000e+00 5.693165676985516982e-02
1.293893919999999980e+03 0.000000000000000000e+00 5.653221687990234168e-02
1.294573489999999993e+03 0.000000000000000000e+00 5.613284751149134194e-02
1.295253169999999955e+03 0.000000000000000000e+00 5.540168527137570575e-02
1.295932739999999967e+03 0.000000000000000000e+00 5.447179016458224277e-02
1.296612300000000005e+03 0.000000000000000000e+00 5.348873160371538094e-02
1.297291870000000017e+03 0.000000000000000000e+00 5.172010753891521928e-02
1.297971309999999903e+03 0.000000000000000000e+00 4.995182180736792293e-02
1.298650879999999916e+03 0.000000000000000000e+00 4.918452541024453950e-02
1.299330320000000029e+03 0.000000000000000000e+00 4.941457038569736782e-02
1.300009769999999889e+03 0.000000000000000000e+00 4.964461874695276500e-02
1.300689210000000003e+03 0.000000000000000000e+00 4.887364461679746808e-02
1.301368649999999889e+03 0.000000000000000000e+00 4.803734778830270891e-02
1.302047970000000078e+03 0.000000000000000000e+00 4.757145722041132563e-02
1.302727290000000039e+03 0.000000000000000000e+00 4.771978695862600511e-02
1.303406739999999900e+03 0.000000000000000000e+00 4.786814508238203952e-02
1.304085939999999937e+03 0.000000000000000000e+00 4.673925171839914822e-02
1.304765259999999898e+03 0.000000000000000000e+00 4.531754498570083473e-02
1.305444580000000087e+03 0.000000000000000000e+00 4.428057939221898692e-02
1.306123779999999897e+03 0.000000000000000000e+00 4.439477884848807426e-02
1.306802979999999934e+03 0.000000000000000000e+00 4.450897830475719630e-02
1.307482299999999896e+03 0.000000000000000000e+00 4.408319829390573014e-02
1.308161380000000008e+03 0.000000000000000000e+00 4.341201041717086817e-02
1.308840580000000045e+03 0.000000000000000000e+00 4.279454728699865623e-02
1.309519780000000083e+03 0.000000000000000000e+00 4.255677359716532326e-02
1.310198849999999993e+03 0.000000000000000000e+00 4.231904541760835720e-02
1.310877930000000106e+03 0.000000000000000000e+00 4.161435314030079852e-02
1.311557009999999991e+03 0.000000000000000000e+00 4.054375497126189165e-02
1.312236079999999902e+03 0.000000000000000000e+00 3.947317256764334981e-02
1.312915040000000090e+03 0.000000000000000000e+00 3.886974709493049712e-02
1.313594119999999975e+03 0.000000000000000000e+00 3.826739632798481505e-02
1.314273069999999962e+03 0.000000000000000000e+00 3.820334840066316046e-02
1.314952029999999922e+03 0.000000000000000000e+00 3.884267763239567656e-02
1.315630979999999909e+03 0.000000000000000000e+00 3.948199744782635023e-02
1.316309809999999970e+03 0.000000000000000000e+00 3.841266954735519240e-02
1.316988769999999931e+03 0.000000000000000000e+00 3.708694280523136544e-02
1.317667599999999993e+03 0.000000000000000000e+00 3.607397846701984601e-02
1.318346440000000030e+03 0.000000000000000000e+00 3.577138145701089927e-02
1.319025270000000091e+03 0.000000000000000000e+00 3.546878890456204442e-02
1.319704099999999926e+03 0.000000000000000000e+00 3.545343799887649971e-02
1.320382810000000063e+03 0.000000000000000000e+00 3.553844232747530724e-02
1.321061519999999973e+03 0.000000000000000000e+00 3.561788313098424724e-02
1.321740360000000010e+03 0.000000000000000000e+00 3.567136452635012028e-02
1.322419069999999920e+03 0.000000000000000000e+00 3.572483567986017849e-02
1.323097659999999905e+03 0.000000000000000000e+00 3.487289201989723225e-02
1.323776370000000043e+03 0.000000000000000000e+00 3.344707977441849917e-02
1.324454960000000028e+03 0.000000000000000000e+00 3.209515564847121444e-02
1.325133669999999938e+03 0.000000000000000000e+00 3.222586596374395207e-02
1.325812259999999924e+03 0.000000000000000000e+00 3.235655316864874398e-02
1.326490720000000010e+03 0.000000000000000000e+00 3.217688195359391656e-02
1.327169309999999996e+03 0.000000000000000000e+00 3.166409278409519634e-02
1.327847899999999981e+03 0.000000000000000000e+00 3.115130361459646918e-02
1.328526370000000043e+03 0.000000000000000000e+00 3.084444344781735528e-02
1.329204829999999902e+03 0.000000000000000000e+00 3.055611665837135865e-02
1.329883299999999963e+03 0.000000000000000000e+00 3.054803430955026558e-02
1.330561770000000024e+03 0.000000000000000000e+00 3.105685510195985502e-02
1.331240109999999959e+03 0.000000000000000000e+00 3.156557840044476454e-02
1.331918580000000020e+03 0.000000000000000000e+00 3.130026972249654732e-02
1.332596919999999955e+03 0.000000000000000000e+00 3.082459937158749108e-02
1.333275270000000091e+03 0.000000000000000000e+00 3.023830829356857763e-02
1.333953610000000026e+03 0.000000000000000000e+00 2.926168423599263477e-02
1.334631840000000011e+03 0.000000000000000000e+00 2.828521854832895602e-02
1.335310179999999946e+03 0.000000000000000000e+00 2.844634610008998921e-02
1.335988399999999956e+03 0.000000000000000000e+00 2.920700188186584750e-02
1.336666629999999941e+03 0.000000000000000000e+00 2.984167086549123146e-02
1.337344849999999951e+03 0.000000000000000000e+00 2.918533167633234268e-02
1.338022950000000037e+03 0.000000000000000000e+00 2.852910861571971921e-02
1.338701170000000047e+03 0.000000000000000000e+00 2.809870470035188278e-02
1.339379269999999906e+03 0.000000000000000000e+00 2.787481922251219824e-02
1.340057369999999992e+03 0.000000000000000000e+00 2.765093374467244083e-02
1.340735470000000078e+03 0.000000000000000000e+00 2.695467051883682075e-02
1.341413569999999936e+03 0.000000000000000000e+00 2.623679580444184326e-02
1.342091550000000097e+03 0.000000000000000000e+00 2.596773251636560684e-02
1.342769649999999956e+03 0.000000000000000000e+00 2.640164403957629205e-02
1.343447629999999890e+03 0.000000000000000000e+00 2.683547877561288236e-02
1.344125610000000052e+03 0.000000000000000000e+00 2.728832855186182765e-02
1.344803589999999986e+03 0.000000000000000000e+00 2.774526760447646248e-02
1.345481449999999995e+03 0.000000000000000000e+00 2.763303560841303547e-02
1.346159419999999955e+03 0.000000000000000000e+00 2.586732251738768640e-02
1.346837279999999964e+03 0.000000000000000000e+00 2.410189591166393697e-02
1.347515139999999974e+03 0.000000000000000000e+00 2.358777363276930161e-02
1.348192990000000009e+03 0.000000000000000000e+00 2.363846769728256830e-02
1.348870850000000019e+03 0.000000000000000000e+00 2.383104585278723875e-02
1.349548579999999902e+03 0.000000000000000000e+00 2.504528709408687312e-02
1.350226319999999987e+03 0.000000000000000000e+00 2.625954625168453252e-02
1.350904170000000022e+03 0.000000000000000000e+00 2.633044907422074990e-02
1.351581789999999955e+03 0.000000000000000000e+00 2.548277896758361846e-02
1.352259520000000066e+03 0.000000000000000000e+00 2.463497125622425565e-02
1.352937259999999924e+03 0.000000000000000000e+00 2.347072654483682921e-02
1.353614870000000110e+03 0.000000000000000000e+00 2.230248937148933061e-02
1.354292480000000069e+03 0.000000000000000000e+00 2.242072316539832355e-02
1.354970090000000027e+03 0.000000000000000000e+00 2.432264413616861895e-02
1.355647709999999961e+03 0.000000000000000000e+00 2.622459317501592280e-02
1.356325319999999920e+03 0.000000000000000000e+00 2.596708599696805758e-02
1.357002809999999954e+03 0.000000000000000000e+00 2.533221137981513452e-02
1.357680299999999988e+03 0.000000000000000000e+00 2.487305015629528646e-02
1.358357790000000023e+03 0.000000000000000000e+00 2.485932080376368480e-02
1.359035280000000057e+03 0.000000000000000000e+00 2.484559145123208315e-02
1.359712770000000091e+03 0.000000000000000000e+00 2.438525420229113033e-02
1.360390139999999974e+03 0.000000000000000000e+00 2.374697422182286272e-02
1.361067630000000008e+03 0.000000000000000000e+00 2.342979760057569208e-02
1.361744999999999891e+03 0.000000000000000000e+00 2.498656691726525159e-02
1.362422360000000026e+03 0.000000000000000000e+00 2.654331325140055903e-02
1.363099609999999984e+03 0.000000000000000000e+00 2.629158972793434884e-02
1.363776980000000094e+03 0.000000000000000000e+00 2.471866235841191362e-02
1.364454220000000078e+03 0.000000000000000000e+00 2.315088706852846956e-02
1.365131470000000036e+03 0.000000000000000000e+00 2.212773724115486146e-02
1.365808719999999994e+03 0.000000000000000000e+00 2.110458741378125336e-02
1.366485959999999977e+03 0.000000000000000000e+00 2.060897323103765347e-02
1.367163209999999935e+03 0.000000000000000000e+00 2.078480727040912454e-02
1.367840329999999994e+03 0.000000000000000000e+00 2.096060755795320363e-02
