9.306945799999999736e+02 0.000000000000000000e+00 7.621812466331250036e-02
9.313851899999999659e+02 0.000000000000000000e+00 7.472799851657875581e-02
9.320757399999999961e+02 0.000000000000000000e+00 7.323800183157991306e-02
9.327663000000000011e+02 0.000000000000000000e+00 6.855649985679214409e-02
9.334568500000000313e+02 0.000000000000000000e+00 6.299201506521670546e-02
9.341473999999999478e+02 0.000000000000000000e+00 6.014427933548444072e-02
9.348378900000000158e+02 0.000000000000000000e+00 6.515287280919200563e-02
9.355283799999999701e+02 0.000000000000000000e+00 7.016146628289873788e-02
9.362188700000000381e+02 0.000000000000000000e+00 7.207459884157199625e-02
9.369093000000000302e+02 0.000000000000000000e+00 7.284506939669567471e-02
9.375997300000000223e+02 0.000000000000000000e+00 7.309539714974681857e-02
9.382901600000000144e+02 0.000000000000000000e+00 7.131319157427946920e-02
9.389805300000000443e+02 0.000000000000000000e+00 6.953114087669177990e-02
9.396708999999999605e+02 0.000000000000000000e+00 6.739382126886826752e-02
9.403612699999999904e+02 0.000000000000000000e+00 6.508696437405274426e-02
9.410515699999999697e+02 0.000000000000000000e+00 6.408108451854574450e-02
9.417418800000000374e+02 0.000000000000000000e+00 7.045414787645948307e-02
9.424321899999999914e+02 0.000000000000000000e+00 7.682721123437216693e-02
9.431224999999999454e+02 0.000000000000000000e+00 7.768683936665116141e-02
9.438127399999999625e+02 0.000000000000000000e+00 7.520642525452209126e-02
9.445029899999999543e+02 0.000000000000000000e+00 7.344553703365093444e-02
9.451931799999999839e+02 0.000000000000000000e+00 7.850649529293553253e-02
9.458833600000000388e+02 0.000000000000000000e+00 8.356738022519068221e-02
9.465735499999999547e+02 0.000000000000000000e+00 8.480747062877008746e-02
9.472637300000000096e+02 0.000000000000000000e+00 8.313849018338743957e-02
9.479538599999999633e+02 0.000000000000000000e+00 8.167788872387726773e-02
9.486439800000000560e+02 0.000000000000000000e+00 8.520671147732232498e-02
9.493341100000000097e+02 0.000000000000000000e+00 8.873558536423263587e-02
9.500241700000000264e+02 0.000000000000000000e+00 9.145038611465529377e-02
9.507142300000000432e+02 0.000000000000000000e+00 9.339053609746697515e-02
9.514043000000000347e+02 0.000000000000000000e+00 9.533071419594942031e-02
9.520943600000000515e+02 0.000000000000000000e+00 9.838754450111074357e-02
9.527843599999999924e+02 0.000000000000000000e+00 1.014619644055332059e-01
9.534743700000000217e+02 0.000000000000000000e+00 1.084059876100851166e-01
9.541643100000000004e+02 0.000000000000000000e+00 1.199636042011319459e-01
9.548542499999999791e+02 0.000000000000000000e+00 1.315212207921787613e-01
9.555441899999999578e+02 0.000000000000000000e+00 1.331396767082943244e-01
9.562341300000000501e+02 0.000000000000000000e+00 1.339838435652961623e-01
9.569240099999999529e+02 0.000000000000000000e+00 1.358846951947265680e-01
9.576138899999999694e+02 0.000000000000000000e+00 1.393760813445026059e-01
9.583037699999999859e+02 0.000000000000000000e+00 1.428674674942786715e-01
9.589935900000000402e+02 0.000000000000000000e+00 1.512158565749875672e-01
9.596834099999999808e+02 0.000000000000000000e+00 1.602870825417967993e-01
9.603731699999999591e+02 0.000000000000000000e+00 1.689741005747439628e-01
9.610629900000000134e+02 0.000000000000000000e+00 1.769223969068890734e-01
9.617527499999999918e+02 0.000000000000000000e+00 1.848700019024818730e-01
9.624424999999999955e+02 0.000000000000000000e+00 1.896667822395237402e-01
9.631322000000000116e+02 0.000000000000000000e+00 1.937357449134387566e-01
9.638219000000000278e+02 0.000000000000000000e+00 1.994865654075884398e-01
9.645116000000000440e+02 0.000000000000000000e+00 2.094927388680639380e-01
9.652012300000000096e+02 0.000000000000000000e+00 2.194978967679439008e-01
9.658908699999999499e+02 0.000000000000000000e+00 2.276174419118189018e-01
9.665805100000000039e+02 0.000000000000000000e+00 2.351210120003460191e-01
9.672701399999999694e+02 0.000000000000000000e+00 2.421763351583525459e-01
9.679597199999999475e+02 0.000000000000000000e+00 2.476811654956663222e-01
9.686492899999999509e+02 0.000000000000000000e+00 2.531859160042390644e-01
9.693388700000000426e+02 0.000000000000000000e+00 2.610887361004435858e-01
9.700283799999999701e+02 0.000000000000000000e+00 2.700448129099967676e-01
9.707178999999999860e+02 0.000000000000000000e+00 2.805931950004127984e-01
9.714073499999999513e+02 0.000000000000000000e+00 2.992123400902915176e-01
9.720968599999999924e+02 0.000000000000000000e+00 3.178331055278484918e-01
9.727863200000000461e+02 0.000000000000000000e+00 3.316849254022965487e-01
9.734757100000000491e+02 0.000000000000000000e+00 3.427910366935182362e-01
9.741651600000000144e+02 0.000000000000000000e+00 3.546853197207571751e-01
9.748545500000000175e+02 0.000000000000000000e+00 3.733330722695955006e-01
9.755438799999999446e+02 0.000000000000000000e+00 3.919792018399247402e-01
9.762332800000000361e+02 0.000000000000000000e+00 4.130870401331438457e-01
9.769226099999999633e+02 0.000000000000000000e+00 4.360190160140169913e-01
9.776119400000000041e+02 0.000000000000000000e+00 4.589617629452772962e-01
9.783012099999999691e+02 0.000000000000000000e+00 4.821399698904396680e-01
9.789904800000000478e+02 0.000000000000000000e+00 5.053181768356058701e-01
9.796797500000000127e+02 0.000000000000000000e+00 5.274885186929078040e-01
9.803690199999999777e+02 0.000000000000000000e+00 5.487006221762824598e-01
9.810582299999999805e+02 0.000000000000000000e+00 5.699108791753937364e-01
9.817474399999999832e+02 0.000000000000000000e+00 5.855821792315323293e-01
9.824365800000000490e+02 0.000000000000000000e+00 6.011484849710331257e-01
9.831257299999999759e+02 0.000000000000000000e+00 6.184494089479735113e-01
9.838148800000000165e+02 0.000000000000000000e+00 6.378656034601600799e-01
9.845040299999999434e+02 0.000000000000000000e+00 6.572817979723434290e-01
9.851931200000000217e+02 0.000000000000000000e+00 6.719929857743074386e-01
9.858822000000000116e+02 0.000000000000000000e+00 6.862911556474434738e-01
9.865712899999999763e+02 0.000000000000000000e+00 6.992855637739966435e-01
9.872603100000000040e+02 0.000000000000000000e+00 7.102209148982890907e-01
9.879493400000000065e+02 0.000000000000000000e+00 7.211564247313431153e-01
9.886383700000000090e+02 0.000000000000000000e+00 7.287359011747803761e-01
9.893273299999999608e+02 0.000000000000000000e+00 7.357515634521102355e-01
9.900163000000000011e+02 0.000000000000000000e+00 7.427493787449156448e-01
9.907052599999999529e+02 0.000000000000000000e+00 7.497097307529621002e-01
9.913941700000000310e+02 0.000000000000000000e+00 7.566695776263133721e-01
9.920830700000000206e+02 0.000000000000000000e+00 7.585734915748851837e-01
9.927719700000000103e+02 0.000000000000000000e+00 7.591530117200431249e-01
9.934608799999999746e+02 0.000000000000000000e+00 7.581447211860701252e-01
9.941497200000000021e+02 0.000000000000000000e+00 7.526290544503054791e-01
9.948385600000000295e+02 0.000000000000000000e+00 7.471133877145409441e-01
9.955273399999999810e+02 0.000000000000000000e+00 7.489113035472327873e-01
9.962161300000000210e+02 0.000000000000000000e+00 7.534398444724897947e-01
9.969049099999999726e+02 0.000000000000000000e+00 7.556387315305437280e-01
9.975936900000000378e+02 0.000000000000000000e+00 7.482610497044810405e-01
9.982824100000000271e+02 0.000000000000000000e+00 7.408840105522912500e-01
9.989711300000000165e+02 0.000000000000000000e+00 7.396969065785735653e-01
9.996597900000000436e+02 0.000000000000000000e+00 7.416538161349437441e-01
1.000348449999999957e+03 0.000000000000000000e+00 7.422049891421824697e-01
1.001037109999999984e+03 0.000000000000000000e+00 7.333721835423253621e-01
1.001725770000000011e+03 0.000000000000000000e+00 7.245393779424682545e-01
1.002414369999999963e+03 0.000000000000000000e+00 7.171748025216237998e-01
1.003102970000000028e+03 0.000000000000000000e+00 7.107994855810001456e-01
1.003791560000000004e+03 0.000000000000000000e+00 7.043332099196299989e-01
1.004480099999999993e+03 0.000000000000000000e+00 6.965395697305544198e-01
1.005168639999999982e+03 0.000000000000000000e+00 6.887459295414789517e-01
1.005857179999999971e+03 0.000000000000000000e+00 6.816428771825335797e-01
1.006545650000000023e+03 0.000000000000000000e+00 6.751509158001336441e-01
1.007234130000000050e+03 0.000000000000000000e+00 6.686588601222469563e-01
1.007922609999999963e+03 0.000000000000000000e+00 6.625544230791381439e-01
1.008611020000000053e+03 0.000000000000000000e+00 6.564516407197461545e-01
1.009299440000000004e+03 0.000000000000000000e+00 6.491278956186203875e-01
1.009987849999999980e+03 0.000000000000000000e+00 6.403922141042696081e-01
1.010676270000000045e+03 0.000000000000000000e+00 6.316564056934241833e-01
1.011364619999999945e+03 0.000000000000000000e+00 6.217164485753099434e-01
1.012052919999999972e+03 0.000000000000000000e+00 6.116864519523205201e-01
1.012741269999999986e+03 0.000000000000000000e+00 6.010194910075271624e-01
1.013429570000000012e+03 0.000000000000000000e+00 5.893822026484529797e-01
1.014117859999999951e+03 0.000000000000000000e+00 5.777450833622898019e-01
1.014806090000000040e+03 0.000000000000000000e+00 5.658120166596151135e-01
1.015494320000000016e+03 0.000000000000000000e+00 5.538313411720334756e-01
1.016182559999999967e+03 0.000000000000000000e+00 5.413427509010828587e-01
1.016870790000000056e+03 0.000000000000000000e+00 5.278113803263874138e-01
1.017558959999999956e+03 0.000000000000000000e+00 5.142811894187174770e-01
1.018247129999999970e+03 0.000000000000000000e+00 5.094965017153633147e-01
1.018935240000000022e+03 0.000000000000000000e+00 5.069962372650532734e-01
1.019623349999999959e+03 0.000000000000000000e+00 5.016997029894662008e-01
1.020311460000000011e+03 0.000000000000000000e+00 4.883659354832356470e-01
1.020999569999999949e+03 0.000000000000000000e+00 4.750321679770072025e-01
1.021687620000000038e+03 0.000000000000000000e+00 4.666439514664560972e-01
1.022375670000000014e+03 0.000000000000000000e+00 4.601462181061408141e-01
1.023063719999999989e+03 0.000000000000000000e+00 4.536638242450775071e-01
1.023751710000000003e+03 0.000000000000000000e+00 4.472480643825544333e-01
1.024439699999999903e+03 0.000000000000000000e+00 4.408323045200323587e-01
1.025127690000000030e+03 0.000000000000000000e+00 4.345157055084595266e-01
1.025815550000000030e+03 0.000000000000000000e+00 4.282529126459592717e-01
1.026503539999999930e+03 0.000000000000000000e+00 4.220003589883352113e-01
1.027191409999999905e+03 0.000000000000000000e+00 4.158345610350730470e-01
1.027879269999999906e+03 0.000000000000000000e+00 4.096688527179040418e-01
1.028567140000000109e+03 0.000000000000000000e+00 4.043848910079601011e-01
1.029255000000000109e+03 0.000000000000000000e+00 3.997336861625709892e-01
1.029942870000000084e+03 0.000000000000000000e+00 3.950462502224222350e-01
1.030630619999999908e+03 0.000000000000000000e+00 3.896210602618950802e-01
1.031318479999999909e+03 0.000000000000000000e+00 3.841950025865055185e-01
1.032006229999999960e+03 0.000000000000000000e+00 3.770574711522541311e-01
1.032693970000000036e+03 0.000000000000000000e+00 3.682803265158910433e-01
1.033381710000000112e+03 0.000000000000000000e+00 3.595031818795279555e-01
1.034069340000000011e+03 0.000000000000000000e+00 3.556066261514708171e-01
1.034757080000000087e+03 0.000000000000000000e+00 3.518356728301921810e-01
1.035444700000000012e+03 0.000000000000000000e+00 3.476922657927491445e-01
1.036132319999999936e+03 0.000000000000000000e+00 3.430710608103130776e-01
1.036820069999999987e+03 0.000000000000000000e+00 3.384489821525210607e-01
1.037507569999999987e+03 0.000000000000000000e+00 3.321932800196242264e-01
1.038195189999999911e+03 0.000000000000000000e+00 3.257591222331677749e-01
1.038882810000000063e+03 0.000000000000000000e+00 3.202017909354580305e-01
1.039570310000000063e+03 0.000000000000000000e+00 3.161671707280858667e-01
1.040257810000000063e+03 0.000000000000000000e+00 3.121325505207137585e-01
1.040945310000000063e+03 0.000000000000000000e+00 3.099828269235132550e-01
1.041632810000000063e+03 0.000000000000000000e+00 3.082223678726634386e-01
1.042320310000000063e+03 0.000000000000000000e+00 3.049950835666280780e-01
1.043007689999999911e+03 0.000000000000000000e+00 2.982137641816872686e-01
1.043695189999999911e+03 0.000000000000000000e+00 2.914312609416339073e-01
1.044382569999999987e+03 0.000000000000000000e+00 2.873847284767080401e-01
1.045069950000000063e+03 0.000000000000000000e+00 2.842251360117366010e-01
1.045757319999999936e+03 0.000000000000000000e+00 2.808068486695752819e-01
1.046444700000000012e+03 0.000000000000000000e+00 2.764588262286395981e-01
1.047131959999999935e+03 0.000000000000000000e+00 2.721115628477486781e-01
1.047819340000000011e+03 0.000000000000000000e+00 2.682410022779129211e-01
1.048506589999999960e+03 0.000000000000000000e+00 2.645954633535503309e-01
1.049193850000000111e+03 0.000000000000000000e+00 2.608036389553081147e-01
1.049881100000000060e+03 0.000000000000000000e+00 2.561328673203699946e-01
1.050568359999999984e+03 0.000000000000000000e+00 2.514620277222216482e-01
1.051255490000000009e+03 0.000000000000000000e+00 2.469006266142037831e-01
1.051942749999999933e+03 0.000000000000000000e+00 2.424092797639866015e-01
1.052629879999999957e+03 0.000000000000000000e+00 2.380332149295075472e-01
1.053317019999999957e+03 0.000000000000000000e+00 2.352513669808422858e-01
1.054004149999999981e+03 0.000000000000000000e+00 2.324695595166189621e-01
1.054691280000000006e+03 0.000000000000000000e+00 2.289533467049929272e-01
1.055378300000000081e+03 0.000000000000000000e+00 2.247830965735559128e-01
1.056065430000000106e+03 0.000000000000000000e+00 2.206121787359178743e-01
1.056752439999999979e+03 0.000000000000000000e+00 2.194439633982280813e-01
1.057439450000000079e+03 0.000000000000000000e+00 2.183037421954894253e-01
1.058126459999999952e+03 0.000000000000000000e+00 2.162914567695042867e-01
1.058813480000000027e+03 0.000000000000000000e+00 2.132226872895483516e-01
1.059500489999999900e+03 0.000000000000000000e+00 2.101539624774265702e-01
1.060187380000000076e+03 0.000000000000000000e+00 2.081297955850468784e-01
1.060874270000000024e+03 0.000000000000000000e+00 2.062043212177346319e-01
1.061561159999999973e+03 0.000000000000000000e+00 2.041849995722322952e-01
1.062248049999999921e+03 0.000000000000000000e+00 2.020090160903690590e-01
1.062934940000000097e+03 0.000000000000000000e+00 1.998330326085050734e-01
1.063621830000000045e+03 0.000000000000000000e+00 1.960703999307320256e-01
1.064308590000000095e+03 0.000000000000000000e+00 1.919972240276230924e-01
1.064995480000000043e+03 0.000000000000000000e+00 1.892007067829245548e-01
1.065682250000000067e+03 0.000000000000000000e+00 1.894310431868770628e-01
1.066369020000000091e+03 0.000000000000000000e+00 1.896613795908295708e-01
1.067055659999999989e+03 0.000000000000000000e+00 1.863351362914875131e-01
1.067742430000000013e+03 0.000000000000000000e+00 1.818695564887473359e-01
1.068429080000000113e+03 0.000000000000000000e+00 1.777608675736139787e-01
1.069115839999999935e+03 0.000000000000000000e+00 1.749294621096828817e-01
1.069802490000000034e+03 0.000000000000000000e+00 1.720985101587697852e-01
1.070489139999999907e+03 0.000000000000000000e+00 1.709699993484069258e-01
1.071175780000000032e+03 0.000000000000000000e+00 1.706485401663593027e-01
1.071862300000000005e+03 0.000000000000000000e+00 1.701171663340045881e-01
1.072548950000000104e+03 0.000000000000000000e+00 1.682814052949618833e-01
1.073235470000000078e+03 0.000000000000000000e+00 1.664459918113481429e-01
1.073922000000000025e+03 0.000000000000000000e+00 1.639897774070677994e-01
1.074608519999999999e+03 0.000000000000000000e+00 1.611174789657168482e-01
1.075295039999999972e+03 0.000000000000000000e+00 1.582227691159115157e-01
1.075981569999999920e+03 0.000000000000000000e+00 1.549684430445854577e-01
1.076667969999999968e+03 0.000000000000000000e+00 1.517147332061828391e-01
1.077354370000000017e+03 0.000000000000000000e+00 1.493541177691483368e-01
1.078040770000000066e+03 0.000000000000000000e+00 1.478237646489455326e-01
1.078727169999999887e+03 0.000000000000000000e+00 1.462934115287432280e-01
1.079413569999999936e+03 0.000000000000000000e+00 1.453919700689494665e-01
1.080099979999999960e+03 0.000000000000000000e+00 1.445049341071406868e-01
1.080786250000000109e+03 0.000000000000000000e+00 1.437004457895220133e-01
1.081472659999999905e+03 0.000000000000000000e+00 1.430019167294324656e-01
1.082158940000000030e+03 0.000000000000000000e+00 1.423035199645856508e-01
1.082845209999999952e+03 0.000000000000000000e+00 1.397499717503606353e-01
1.083531369999999924e+03 0.000000000000000000e+00 1.369822413066999478e-01
1.084217650000000049e+03 0.000000000000000000e+00 1.356962779576433853e-01
1.084903929999999946e+03 0.000000000000000000e+00 1.371030490225156051e-01
1.085590089999999918e+03 0.000000000000000000e+00 1.385095741053867513e-01
1.086276249999999891e+03 0.000000000000000000e+00 1.380358683996574243e-01
1.086962399999999889e+03 0.000000000000000000e+00 1.371323022647340795e-01
1.087648560000000089e+03 0.000000000000000000e+00 1.363646130682392432e-01
1.088334589999999935e+03 0.000000000000000000e+00 1.359590503999766609e-01
1.089020749999999907e+03 0.000000000000000000e+00 1.355534108791756898e-01
1.089706789999999955e+03 0.000000000000000000e+00 1.354410076844539679e-01
1.090392820000000029e+03 0.000000000000000000e+00 1.354363130428052064e-01
1.091078860000000077e+03 0.000000000000000000e+00 1.355188131812510299e-01
1.091764889999999923e+03 0.000000000000000000e+00 1.359742327628516989e-01
1.092450810000000047e+03 0.000000000000000000e+00 1.364295793211824648e-01
1.093136839999999893e+03 0.000000000000000000e+00 1.365039138021093279e-01
1.093822750000000042e+03 0.000000000000000000e+00 1.363708196740001377e-01
1.094508669999999938e+03 0.000000000000000000e+00 1.364135001890983134e-01
1.095194580000000087e+03 0.000000000000000000e+00 1.379431050790463353e-01
1.095880490000000009e+03 0.000000000000000000e+00 1.394727099689938299e-01
1.096566409999999905e+03 0.000000000000000000e+00 1.410188590302161871e-01
1.097252199999999903e+03 0.000000000000000000e+00 1.425775136981014546e-01
1.097937989999999900e+03 0.000000000000000000e+00 1.441407850254015632e-01
1.098623779999999897e+03 0.000000000000000000e+00 1.459210912650411307e-01
1.099309569999999894e+03 0.000000000000000000e+00 1.477013975046806982e-01
1.099995359999999891e+03 0.000000000000000000e+00 1.500622730258908688e-01
1.100681149999999889e+03 0.000000000000000000e+00 1.530555382065440229e-01
1.101366819999999962e+03 0.000000000000000000e+00 1.560482796236231096e-01
1.102052490000000034e+03 0.000000000000000000e+00 1.584232297094401443e-01
1.102738160000000107e+03 0.000000000000000000e+00 1.607557465234515093e-01
1.103423829999999953e+03 0.000000000000000000e+00 1.638147169891786548e-01
1.104109500000000025e+03 0.000000000000000000e+00 1.679961092154212410e-01
1.104795170000000098e+03 0.000000000000000000e+00 1.721775014416638272e-01
1.105480710000000045e+03 0.000000000000000000e+00 1.740188169849777311e-01
1.106166259999999966e+03 0.000000000000000000e+00 1.754470065428310188e-01
1.106851809999999887e+03 0.000000000000000000e+00 1.779764131099510760e-01
1.107537350000000060e+03 0.000000000000000000e+00 1.829959139229332954e-01
1.108222899999999981e+03 0.000000000000000000e+00 1.880154879555771819e-01
1.108908449999999903e+03 0.000000000000000000e+00 1.929340973307536455e-01
1.109593869999999924e+03 0.000000000000000000e+00 1.978204802692328235e-01
1.110279299999999921e+03 0.000000000000000000e+00 2.024971664173701724e-01
1.110964719999999943e+03 0.000000000000000000e+00 2.064283059942853826e-01
1.111650149999999940e+03 0.000000000000000000e+00 2.103595029249336057e-01
1.112335569999999962e+03 0.000000000000000000e+00 2.121508875366807934e-01
1.113020999999999958e+03 0.000000000000000000e+00 2.129161164497349046e-01
1.113706300000000056e+03 0.000000000000000000e+00 2.141843408441700125e-01
1.114391599999999926e+03 0.000000000000000000e+00 2.187612782915781262e-01
1.115076900000000023e+03 0.000000000000000000e+00 2.233382157389877665e-01
1.115762210000000096e+03 0.000000000000000000e+00 2.254717194707500372e-01
1.116447509999999966e+03 0.000000000000000000e+00 2.258943092370732653e-01
1.117132689999999911e+03 0.000000000000000000e+00 2.263191439259789328e-01
1.117817990000000009e+03 0.000000000000000000e+00 2.267948706503547518e-01
1.118503169999999955e+03 0.000000000000000000e+00 2.272705140722251216e-01
1.119188349999999900e+03 0.000000000000000000e+00 2.274953012997648072e-01
1.119873540000000048e+03 0.000000000000000000e+00 2.274684200792053412e-01
1.120558590000000095e+03 0.000000000000000000e+00 2.274415443510945378e-01
1.121243770000000040e+03 0.000000000000000000e+00 2.266924537405881068e-01
1.121928830000000062e+03 0.000000000000000000e+00 2.259091242843598302e-01
1.122613890000000083e+03 0.000000000000000000e+00 2.254931635417120883e-01
1.123298950000000104e+03 0.000000000000000000e+00 2.256062207005581077e-01
1.123984009999999898e+03 0.000000000000000000e+00 2.257192778594040994e-01
1.124669069999999920e+03 0.000000000000000000e+00 2.248336337361762916e-01
1.125354000000000042e+03 0.000000000000000000e+00 2.237922329404699318e-01
1.126039060000000063e+03 0.000000000000000000e+00 2.227294630907707407e-01
1.126723999999999933e+03 0.000000000000000000e+00 2.216218293313276522e-01
1.127408940000000030e+03 0.000000000000000000e+00 2.205141955718842028e-01
1.128093869999999924e+03 0.000000000000000000e+00 2.176241625549032721e-01
1.128778690000000097e+03 0.000000000000000000e+00 2.142158782652919258e-01
1.129463619999999992e+03 0.000000000000000000e+00 2.111641817857616565e-01
1.130148439999999937e+03 0.000000000000000000e+00 2.093138943691205123e-01
1.130833249999999907e+03 0.000000000000000000e+00 2.074636339710742017e-01
1.131518070000000080e+03 0.000000000000000000e+00 2.054638564525781974e-01
1.132202880000000050e+03 0.000000000000000000e+00 2.033948616835774825e-01
1.132887699999999995e+03 0.000000000000000000e+00 2.016326951716727600e-01
1.133572390000000041e+03 0.000000000000000000e+00 2.017934380255253790e-01
1.134257080000000087e+03 0.000000000000000000e+00 2.019541808793780258e-01
1.134941769999999906e+03 0.000000000000000000e+00 2.001438646326000881e-01
1.135626459999999952e+03 0.000000000000000000e+00 1.969735742894594965e-01
1.136311159999999973e+03 0.000000000000000000e+00 1.939077577299989918e-01
1.136995850000000019e+03 0.000000000000000000e+00 1.930273076468338733e-01
1.137680419999999913e+03 0.000000000000000000e+00 1.921470118729329268e-01
1.138364990000000034e+03 0.000000000000000000e+00 1.908965767826693583e-01
1.139049559999999929e+03 0.000000000000000000e+00 1.892749446660214330e-01
1.139734130000000050e+03 0.000000000000000000e+00 1.876533125493729526e-01
1.140418699999999944e+03 0.000000000000000000e+00 1.859132326097428234e-01
1.141103149999999914e+03 0.000000000000000000e+00 1.841675838280865396e-01
1.141787720000000036e+03 0.000000000000000000e+00 1.823282829033295860e-01
1.142472170000000006e+03 0.000000000000000000e+00 1.803527736221175737e-01
1.143156619999999975e+03 0.000000000000000000e+00 1.783772643409055614e-01
1.143841059999999970e+03 0.000000000000000000e+00 1.786529087307365538e-01
1.144525509999999940e+03 0.000000000000000000e+00 1.792977409090458496e-01
1.145209839999999986e+03 0.000000000000000000e+00 1.795909949542801864e-01
1.145894289999999955e+03 0.000000000000000000e+00 1.791097361005634658e-01
1.146578610000000026e+03 0.000000000000000000e+00 1.786285686540363959e-01
1.147262940000000071e+03 0.000000000000000000e+00 1.775961701042503560e-01
1.147947269999999889e+03 0.000000000000000000e+00 1.763946748330037229e-01
1.148631470000000036e+03 0.000000000000000000e+00 1.755778745533589091e-01
1.149315800000000081e+03 0.000000000000000000e+00 1.761430421351506681e-01
1.150000000000000000e+03 0.000000000000000000e+00 1.767081023538490114e-01
1.150684199999999919e+03 0.000000000000000000e+00 1.759683555610533634e-01
1.151368410000000040e+03 0.000000000000000000e+00 1.745867719896793124e-01
1.152052609999999959e+03 0.000000000000000000e+00 1.731765385023006365e-01
1.152736820000000080e+03 0.000000000000000000e+00 1.715610367951581061e-01
1.153420900000000074e+03 0.000000000000000000e+00 1.699458420335763775e-01
1.154104980000000069e+03 0.000000000000000000e+00 1.692695023988772529e-01
1.154789060000000063e+03 0.000000000000000000e+00 1.692882625367347071e-01
1.155473140000000058e+03 0.000000000000000000e+00 1.692316917645967644e-01
1.156157230000000027e+03 0.000000000000000000e+00 1.664164619606900153e-01
1.156841310000000021e+03 0.000000000000000000e+00 1.636012733096987859e-01
1.157525270000000091e+03 0.000000000000000000e+00 1.623702297874903833e-01
1.158209229999999934e+03 0.000000000000000000e+00 1.628651804482084964e-01
1.158893190000000004e+03 0.000000000000000000e+00 1.633601311089268038e-01
1.159577150000000074e+03 0.000000000000000000e+00 1.636735506518104122e-01
1.160261109999999917e+03 0.000000000000000000e+00 1.639733148967098542e-01
1.160945069999999987e+03 0.000000000000000000e+00 1.635287559966562554e-01
1.161628909999999905e+03 0.000000000000000000e+00 1.618781940728367952e-01
1.162312740000000076e+03 0.000000000000000000e+00 1.602276562856850273e-01
1.162996579999999994e+03 0.000000000000000000e+00 1.584588062220779747e-01
1.163680419999999913e+03 0.000000000000000000e+00 1.566662266029867634e-01
1.164364260000000058e+03 0.000000000000000000e+00 1.552379895310821434e-01
1.165047970000000078e+03 0.000000000000000000e+00 1.547283668068236140e-01
1.165731809999999996e+03 0.000000000000000000e+00 1.542186471833620343e-01
1.166415529999999990e+03 0.000000000000000000e+00 1.531911304905083648e-01
1.167099240000000009e+03 0.000000000000000000e+00 1.519767841659214747e-01
1.167782840000000078e+03 0.000000000000000000e+00 1.507657050987983027e-01
1.168466550000000097e+03 0.000000000000000000e+00 1.495679180262260155e-01
1.169150270000000091e+03 0.000000000000000000e+00 1.483701134347192585e-01
1.169833859999999959e+03 0.000000000000000000e+00 1.481385840958438505e-01
1.170517460000000028e+03 0.000000000000000000e+00 1.484593574446036179e-01
1.171201049999999896e+03 0.000000000000000000e+00 1.486988725714215587e-01
1.171884639999999990e+03 0.000000000000000000e+00 1.480814643881613046e-01
1.172568119999999908e+03 0.000000000000000000e+00 1.474641555552430316e-01
1.173251710000000003e+03 0.000000000000000000e+00 1.468360598102552705e-01
1.173935179999999946e+03 0.000000000000000000e+00 1.461988533739805307e-01
1.174618649999999889e+03 0.000000000000000000e+00 1.455616469377057909e-01
1.175302120000000059e+03 0.000000000000000000e+00 1.450021778719813581e-01
1.175985599999999977e+03 0.000000000000000000e+00 1.444437421004652056e-01
1.176668949999999995e+03 0.000000000000000000e+00 1.442544456833853295e-01
1.177352419999999938e+03 0.000000000000000000e+00 1.445410810719685302e-01
1.178035769999999957e+03 0.000000000000000000e+00 1.448276661346462602e-01
1.178719119999999975e+03 0.000000000000000000e+00 1.444846767324064196e-01
1.179402469999999994e+03 0.000000000000000000e+00 1.440611393233844351e-01
1.180085690000000113e+03 0.000000000000000000e+00 1.438932836016365291e-01
1.180769039999999904e+03 0.000000000000000000e+00 1.442300420347642498e-01
1.181452269999999999e+03 0.000000000000000000e+00 1.445667413312681504e-01
1.182135500000000093e+03 0.000000000000000000e+00 1.448034962038426965e-01
1.182818729999999960e+03 0.000000000000000000e+00 1.450129459736200777e-01
1.183501950000000079e+03 0.000000000000000000e+00 1.452137574911198381e-01
1.184185179999999946e+03 0.000000000000000000e+00 1.453863967076109709e-01
1.184868289999999888e+03 0.000000000000000000e+00 1.455590056023861878e-01
1.185551390000000083e+03 0.000000000000000000e+00 1.447812862487943830e-01
1.186234500000000025e+03 0.000000000000000000e+00 1.435639118055616892e-01
1.186917599999999993e+03 0.000000000000000000e+00 1.424854112376468807e-01
1.187600709999999935e+03 0.000000000000000000e+00 1.423152947665428381e-01
1.188283809999999903e+03 0.000000000000000000e+00 1.421451807857620209e-01
1.188966799999999921e+03 0.000000000000000000e+00 1.408366702299422291e-01
1.189649779999999964e+03 0.000000000000000000e+00 1.387079759626349829e-01
1.190332760000000007e+03 0.000000000000000000e+00 1.365797239909268268e-01
1.191015750000000025e+03 0.000000000000000000e+00 1.344658195957065261e-01
1.191698730000000069e+03 0.000000000000000000e+00 1.323519461512233097e-01
1.192381589999999960e+03 0.000000000000000000e+00 1.305702347078054326e-01
1.193064579999999978e+03 0.000000000000000000e+00 1.291503103209754311e-01
1.193747440000000097e+03 0.000000000000000000e+00 1.277306562018948044e-01
1.194430299999999988e+03 0.000000000000000000e+00 1.267195687231121581e-01
1.195113160000000107e+03 0.000000000000000000e+00 1.257408772859007484e-01
1.195795900000000074e+03 0.000000000000000000e+00 1.246301036611474622e-01
1.196478759999999966e+03 0.000000000000000000e+00 1.232981056861136848e-01
1.197161499999999933e+03 0.000000000000000000e+00 1.219663417850583298e-01
1.197844239999999900e+03 0.000000000000000000e+00 1.189842621944770112e-01
1.198526980000000094e+03 0.000000000000000000e+00 1.156454973310727108e-01
1.199209720000000061e+03 0.000000000000000000e+00 1.133326469396183783e-01
1.199892329999999902e+03 0.000000000000000000e+00 1.137936923979065845e-01
1.200575070000000096e+03 0.000000000000000000e+00 1.142548256602259893e-01
1.201257689999999911e+03 0.000000000000000000e+00 1.136709339268754948e-01
1.201940309999999954e+03 0.000000000000000000e+00 1.126755166109267847e-01
1.202622920000000022e+03 0.000000000000000000e+00 1.115525097646673652e-01
1.203305540000000065e+03 0.000000000000000000e+00 1.097822871991259441e-01
1.203988039999999955e+03 0.000000000000000000e+00 1.080123758267932388e-01
1.204670650000000023e+03 0.000000000000000000e+00 1.065976451984607387e-01
1.205353149999999914e+03 0.000000000000000000e+00 1.054086882546464432e-01
1.206035640000000058e+03 0.000000000000000000e+00 1.041879610458216615e-01
1.206718139999999948e+03 0.000000000000000000e+00 1.024587418696906449e-01
1.207400509999999940e+03 0.000000000000000000e+00 1.007298520686405324e-01
1.208083010000000058e+03 0.000000000000000000e+00 1.000511239000377722e-01
1.208765380000000050e+03 0.000000000000000000e+00 1.004001467915749818e-01
1.209447750000000042e+03 0.000000000000000000e+00 1.007491696831122052e-01
1.210130130000000008e+03 0.000000000000000000e+00 1.002153601081300360e-01
1.210812500000000000e+03 0.000000000000000000e+00 9.963744518879474876e-02
1.211494750000000067e+03 0.000000000000000000e+00 9.863273661816092386e-02
1.212177120000000059e+03 0.000000000000000000e+00 9.698375233738742995e-02
1.212859380000000101e+03 0.000000000000000000e+00 9.533503387760665360e-02
1.213541629999999941e+03 0.000000000000000000e+00 9.400768881516860520e-02
1.214223880000000008e+03 0.000000000000000000e+00 9.273926251865799442e-02
1.214906009999999924e+03 0.000000000000000000e+00 9.148316028345346296e-02
1.215588259999999991e+03 0.000000000000000000e+00 9.025630175356966212e-02
1.216270389999999907e+03 0.000000000000000000e+00 8.902965901412010497e-02
1.216952510000000075e+03 0.000000000000000000e+00 8.857685030651750446e-02
1.217634639999999990e+03 0.000000000000000000e+00 8.840026366392107759e-02
1.218316769999999906e+03 0.000000000000000000e+00 8.806525718852639684e-02
1.218998900000000049e+03 0.000000000000000000e+00 8.702160989367710431e-02
1.219680910000000040e+03 0.000000000000000000e+00 8.597814619678648129e-02
1.220363039999999955e+03 0.000000000000000000e+00 8.520559835309676755e-02
1.221045039999999972e+03 0.000000000000000000e+00 8.459353908622679885e-02
1.221727049999999963e+03 0.000000000000000000e+00 8.397803589296475024e-02
1.222408940000000030e+03 0.000000000000000000e+00 8.331961508875022904e-02
1.223090940000000046e+03 0.000000000000000000e+00 8.266108807050055740e-02
1.223772830000000113e+03 0.000000000000000000e+00 8.219437293173761927e-02
1.224454709999999977e+03 0.000000000000000000e+00 8.190534837618324016e-02
1.225136600000000044e+03 0.000000000000000000e+00 8.161631958198625747e-02
1.225818479999999909e+03 0.000000000000000000e+00 8.120000902887318517e-02
1.226500369999999975e+03 0.000000000000000000e+00 8.077894186825466949e-02
1.227182129999999916e+03 0.000000000000000000e+00 8.009356254111858753e-02
1.227864010000000007e+03 0.000000000000000000e+00 7.902588156418571819e-02
1.228545779999999922e+03 0.000000000000000000e+00 7.795837282416791247e-02
1.229227540000000090e+03 0.000000000000000000e+00 7.675358838177955001e-02
1.229909180000000106e+03 0.000000000000000000e+00 7.552549606836320151e-02
1.230590940000000046e+03 0.000000000000000000e+00 7.512188379006924654e-02
1.231272580000000062e+03 0.000000000000000000e+00 7.665964945675543540e-02
1.231954349999999977e+03 0.000000000000000000e+00 7.819770840073832219e-02
1.232635989999999993e+03 0.000000000000000000e+00 7.740513135378221388e-02
1.233317630000000008e+03 0.000000000000000000e+00 7.580583640762970921e-02
1.233999150000000100e+03 0.000000000000000000e+00 7.458678445494186515e-02
1.234680789999999888e+03 0.000000000000000000e+00 7.502164857186530145e-02
1.235362300000000005e+03 0.000000000000000000e+00 7.545642975302344069e-02
1.236043820000000096e+03 0.000000000000000000e+00 7.630683655779484098e-02
1.236725339999999960e+03 0.000000000000000000e+00 7.740046133069973522e-02
1.237406860000000052e+03 0.000000000000000000e+00 7.834794006003034661e-02
1.238088379999999916e+03 0.000000000000000000e+00 7.748955355437599224e-02
1.238769780000000083e+03 0.000000000000000000e+00 7.663131819084573193e-02
1.239451170000000047e+03 0.000000000000000000e+00 7.643725137275687864e-02
1.240132569999999987e+03 0.000000000000000000e+00 7.686050834467229864e-02
1.240813959999999952e+03 0.000000000000000000e+00 7.728375910500903667e-02
1.241495359999999891e+03 0.000000000000000000e+00 7.913424447575886922e-02
1.242176760000000058e+03 0.000000000000000000e+00 8.104108546403734903e-02
1.242858030000000099e+03 0.000000000000000000e+00 8.213707851478138644e-02
1.243539309999999887e+03 0.000000000000000000e+00 8.204473899807060433e-02
1.244220579999999927e+03 0.000000000000000000e+00 8.195240083674255882e-02
1.244901859999999942e+03 0.000000000000000000e+00 8.426627948706277849e-02
1.245583129999999983e+03 0.000000000000000000e+00 8.700943780663288052e-02
1.246264280000000099e+03 0.000000000000000000e+00 8.928855715162209439e-02
1.246945429999999988e+03 0.000000000000000000e+00 9.044139737215244057e-02
1.247626590000000078e+03 0.000000000000000000e+00 9.159425451759278802e-02
1.248307739999999967e+03 0.000000000000000000e+00 9.348076989052561681e-02
1.248988890000000083e+03 0.000000000000000000e+00 9.563309428794013189e-02
1.249670039999999972e+03 0.000000000000000000e+00 9.779708487987667787e-02
1.250351069999999936e+03 0.000000000000000000e+00 1.000149751873018050e-01
1.251032099999999900e+03 0.000000000000000000e+00 1.022328654947269461e-01
1.251713130000000092e+03 0.000000000000000000e+00 1.039175367105976966e-01
1.252394170000000031e+03 0.000000000000000000e+00 1.052744160494851616e-01
1.253075199999999995e+03 0.000000000000000000e+00 1.066935200226638569e-01
1.253756100000000060e+03 0.000000000000000000e+00 1.090534656033285976e-01
1.254437130000000025e+03 0.000000000000000000e+00 1.114138617537175913e-01
1.255118040000000065e+03 0.000000000000000000e+00 1.137346961058076089e-01
1.255798950000000104e+03 0.000000000000000000e+00 1.160169966565393618e-01
1.256479739999999993e+03 0.000000000000000000e+00 1.182988949866157630e-01
1.257160640000000058e+03 0.000000000000000000e+00 1.200227837325946734e-01
1.257841429999999946e+03 0.000000000000000000e+00 1.217144403454921420e-01
1.258522220000000061e+03 0.000000000000000000e+00 1.233344141253028825e-01
1.259202999999999975e+03 0.000000000000000000e+00 1.248411399200749089e-01
1.259883790000000090e+03 0.000000000000000000e+00 1.263478878471925582e-01
1.260564579999999978e+03 0.000000000000000000e+00 1.279576799777190355e-01
1.261245239999999967e+03 0.000000000000000000e+00 1.295883975714188785e-01
1.261926030000000083e+03 0.000000000000000000e+00 1.306604190160147450e-01
1.262606690000000071e+03 0.000000000000000000e+00 1.302269446604787939e-01
1.263287350000000060e+03 0.000000000000000000e+00 1.297934703049428429e-01
1.263968020000000024e+03 0.000000000000000000e+00 1.303736213975579816e-01
1.264648560000000089e+03 0.000000000000000000e+00 1.313636372136187946e-01
1.265329220000000078e+03 0.000000000000000000e+00 1.320855624623942515e-01
1.266009769999999889e+03 0.000000000000000000e+00 1.313242487279475679e-01
1.266690309999999954e+03 0.000000000000000000e+00 1.305629461802427504e-01
1.267370850000000019e+03 0.000000000000000000e+00 1.307879099020073932e-01
1.268051269999999931e+03 0.000000000000000000e+00 1.316870990426070032e-01
1.268731809999999996e+03 0.000000000000000000e+00 1.324892652195767684e-01
1.269412229999999909e+03 0.000000000000000000e+00 1.305960582073085741e-01
1.270092650000000049e+03 0.000000000000000000e+00 1.287028511950397136e-01
1.270773069999999962e+03 0.000000000000000000e+00 1.278894532407192641e-01
1.271453490000000102e+03 0.000000000000000000e+00 1.282675218382294258e-01
1.272133910000000014e+03 0.000000000000000000e+00 1.286455904357394764e-01
1.272814210000000003e+03 0.000000000000000000e+00 1.268926101445199683e-01
1.273494509999999991e+03 0.000000000000000000e+00 1.249438130828135901e-01
1.274174800000000005e+03 0.000000000000000000e+00 1.239405431253999129e-01
1.274855099999999993e+03 0.000000000000000000e+00 1.246476843324415273e-01
1.275535399999999981e+03 0.000000000000000000e+00 1.253548255394831556e-01
1.276215580000000045e+03 0.000000000000000000e+00 1.242629256717827368e-01
1.276895870000000059e+03 0.000000000000000000e+00 1.227095888021479397e-01
1.277576049999999896e+03 0.000000000000000000e+00 1.209387576313177837e-01
1.278256229999999960e+03 0.000000000000000000e+00 1.184623204824503812e-01
1.278936279999999897e+03 0.000000000000000000e+00 1.159863566448089411e-01
1.279616459999999961e+03 0.000000000000000000e+00 1.149639163806835396e-01
1.280296509999999898e+03 0.000000000000000000e+00 1.146399412989959204e-01
1.280976560000000063e+03 0.000000000000000000e+00 1.142547903437087092e-01
1.281656739999999900e+03 0.000000000000000000e+00 1.133997798805679025e-01
1.282336669999999913e+03 0.000000000000000000e+00 1.125450836763227241e-01
1.283016720000000078e+03 0.000000000000000000e+00 1.114719371489627936e-01
1.283696779999999990e+03 0.000000000000000000e+00 1.102233677992337652e-01
1.284376710000000003e+03 0.000000000000000000e+00 1.089750371255264610e-01
1.285056640000000016e+03 0.000000000000000000e+00 1.071971525922873203e-01
1.285736570000000029e+03 0.000000000000000000e+00 1.054160165341233579e-01
1.286416500000000042e+03 0.000000000000000000e+00 1.038444234257674681e-01
1.287096309999999903e+03 0.000000000000000000e+00 1.025476170288776856e-01
1.287776249999999891e+03 0.000000000000000000e+00 1.012505626438268691e-01
1.288456050000000005e+03 0.000000000000000000e+00 9.936801511445805812e-02
1.289135860000000093e+03 0.000000000000000000e+00 9.739915958866116052e-02
1.289815669999999955e+03 0.000000000000000000e+00 9.569620880567435151e-02
1.290495359999999891e+03 0.000000000000000000e+00 9.458452369405702387e-02
1.291175169999999980e+03 0.000000000000000000e+00 9.347264231323820782e-02
1.291854859999999917e+03 0.000000000000000000e+00 9.270414369228496820e-02
1.292534550000000081e+03 0.000000000000000000e+00 9.205080911948387845e-02
1.293214230000000043e+03 0.000000000000000000e+00 9.123590165127232199e-02
1.293893919999999980e+03 0.000000000000000000e+00 8.971911338201753183e-02
1.294573489999999993e+03 0.000000000000000000e+00 8.820259290336168734e-02
1.295253169999999955e+03 0.000000000000000000e+00 8.594671864805975003e-02
1.295932739999999967e+03 0.000000000000000000e+00 8.324815833751493532e-02
1.296612300000000005e+03 0.000000000000000000e+00 8.071777112132773324e-02
1.297291870000000017e+03 0.000000000000000000e+00 8.067107107703934410e-02
1.297971309999999903e+03 0.000000000000000000e+00 8.062437996634981563e-02
1.298650879999999916e+03 0.000000000000000000e+00 8.023124308695288309e-02
1.299330320000000029e+03 0.000000000000000000e+00 7.949317453011746359e-02
1.300009769999999889e+03 0.000000000000000000e+00 7.875509511038703003e-02
1.300689210000000003e+03 0.000000000000000000e+00 7.698969445327223660e-02
1.301368649999999889e+03 0.000000000000000000e+00 7.515725401189687904e-02
1.302047970000000078e+03 0.000000000000000000e+00 7.416056894040158609e-02
1.302727290000000039e+03 0.000000000000000000e+00 7.454977792569507378e-02
1.303406739999999900e+03 0.000000000000000000e+00 7.493906139307071612e-02
1.304085939999999937e+03 0.000000000000000000e+00 7.328736795247307867e-02
1.304765259999999898e+03 0.000000000000000000e+00 7.116781474331458635e-02
1.305444580000000087e+03 0.000000000000000000e+00 6.930398585267080747e-02
1.306123779999999897e+03 0.000000000000000000e+00 6.820550461334169701e-02
1.306802979999999934e+03 0.000000000000000000e+00 6.710702337401221185e-02
1.307482299999999896e+03 0.000000000000000000e+00 6.667024112172482975e-02
1.308161380000000008e+03 0.000000000000000000e+00 6.653460102943069276e-02
1.308840580000000045e+03 0.000000000000000000e+00 6.622828315374285069e-02
1.309519780000000083e+03 0.000000000000000000e+00 6.471855856271144236e-02
1.310198849999999993e+03 0.000000000000000000e+00 6.320912293545659366e-02
1.310877930000000106e+03 0.000000000000000000e+00 6.180985452265166241e-02
1.311557009999999991e+03 0.000000000000000000e+00 6.049692951110074990e-02
1.312236079999999902e+03 0.000000000000000000e+00 5.918402383342814821e-02
1.312915040000000090e+03 0.000000000000000000e+00 5.913303266631505378e-02
1.313594119999999975e+03 0.000000000000000000e+00 5.908522428851978314e-02
1.314273069999999962e+03 0.000000000000000000e+00 5.898826113547921829e-02
1.314952029999999922e+03 0.000000000000000000e+00 5.882704231542614653e-02
1.315630979999999909e+03 0.000000000000000000e+00 5.866582586986965331e-02
1.316309809999999970e+03 0.000000000000000000e+00 5.879188736878301208e-02
1.316988769999999931e+03 0.000000000000000000e+00 5.896104594288730655e-02
1.317667599999999993e+03 0.000000000000000000e+00 5.872231675957249181e-02
1.318346440000000030e+03 0.000000000000000000e+00 5.755646319170276692e-02
1.319025270000000091e+03 0.000000000000000000e+00 5.639062679803558131e-02
1.319704099999999926e+03 0.000000000000000000e+00 5.486503034685870361e-02
1.320382810000000063e+03 0.000000000000000000e+00 5.321401558087958394e-02
1.321061519999999973e+03 0.000000000000000000e+00 5.190925491633477384e-02
1.321740360000000010e+03 0.000000000000000000e+00 5.222081297486587392e-02
1.322419069999999920e+03 0.000000000000000000e+00 5.253231136904654153e-02
1.323097659999999905e+03 0.000000000000000000e+00 5.271135700290243559e-02
1.323776370000000043e+03 0.000000000000000000e+00 5.280653936113428176e-02
1.324454960000000028e+03 0.000000000000000000e+00 5.287538549878273431e-02
1.325133669999999938e+03 0.000000000000000000e+00 5.241422704750097611e-02
1.325812259999999924e+03 0.000000000000000000e+00 5.195315013180012986e-02
1.326490720000000010e+03 0.000000000000000000e+00 5.141098552983297543e-02
1.327169309999999996e+03 0.000000000000000000e+00 5.078159011695675129e-02
1.327847899999999981e+03 0.000000000000000000e+00 5.015219470408052022e-02
1.328526370000000043e+03 0.000000000000000000e+00 5.001409645355344574e-02
1.329204829999999902e+03 0.000000000000000000e+00 4.992021509242734051e-02
1.329883299999999963e+03 0.000000000000000000e+00 4.971103020119310711e-02
1.330561770000000024e+03 0.000000000000000000e+00 4.928917690614582209e-02
1.331240109999999959e+03 0.000000000000000000e+00 4.886740444139082290e-02
1.331918580000000020e+03 0.000000000000000000e+00 4.896699935503732309e-02
1.332596919999999955e+03 0.000000000000000000e+00 4.920830758257112997e-02
1.333275270000000091e+03 0.000000000000000000e+00 4.921955538507280514e-02
1.333953610000000026e+03 0.000000000000000000e+00 4.841893671498304075e-02
1.334631840000000011e+03 0.000000000000000000e+00 4.761844787367186527e-02
1.335310179999999946e+03 0.000000000000000000e+00 4.669030561373625765e-02
1.335988399999999956e+03 0.000000000000000000e+00 4.569512691259371151e-02
1.336666629999999941e+03 0.000000000000000000e+00 4.479011358025426076e-02
1.337344849999999951e+03 0.000000000000000000e+00 4.480911488554816663e-02
1.338022950000000037e+03 0.000000000000000000e+00 4.482811282887009391e-02
1.338701170000000047e+03 0.000000000000000000e+00 4.479455452209697014e-02
1.339379269999999906e+03 0.000000000000000000e+00 4.471297721990170199e-02
1.340057369999999992e+03 0.000000000000000000e+00 4.463139991770640608e-02
1.340735470000000078e+03 0.000000000000000000e+00 4.482384072712440604e-02
1.341413569999999936e+03 0.000000000000000000e+00 4.502881798498720861e-02
1.342091550000000097e+03 0.000000000000000000e+00 4.479921051457919773e-02
1.342769649999999956e+03 0.000000000000000000e+00 4.388868889780003779e-02
1.343447629999999890e+03 0.000000000000000000e+00 4.297832841152367245e-02
1.344125610000000052e+03 0.000000000000000000e+00 4.351448587164253451e-02
1.344803589999999986e+03 0.000000000000000000e+00 4.436172401236702922e-02
1.345481449999999995e+03 0.000000000000000000e+00 4.455733357078325158e-02
1.346159419999999955e+03 0.000000000000000000e+00 4.286013648406335197e-02
1.346837279999999964e+03 0.000000000000000000e+00 4.116321476598727713e-02
1.347515139999999974e+03 0.000000000000000000e+00 4.090341353993885709e-02
1.348192990000000009e+03 0.000000000000000000e+00 4.129229786539621860e-02
1.348870850000000019e+03 0.000000000000000000e+00 4.156708047540403489e-02
1.349548579999999902e+03 0.000000000000000000e+00 4.102012417884659534e-02
1.350226319999999987e+03 0.000000000000000000e+00 4.047315981187309120e-02
1.350904170000000022e+03 0.000000000000000000e+00 4.032724372834973342e-02
1.351581789999999955e+03 0.000000000000000000e+00 4.050358684598545644e-02
1.352259520000000066e+03 0.000000000000000000e+00 4.067995858990577918e-02
1.352937259999999924e+03 0.000000000000000000e+00 4.007352139388398182e-02
1.353614870000000110e+03 0.000000000000000000e+00 3.945677098211086697e-02
1.354292480000000069e+03 0.000000000000000000e+00 3.937157186853611907e-02
1.354970090000000027e+03 0.000000000000000000e+00 4.002336663867276517e-02
1.355647709999999961e+03 0.000000000000000000e+00 4.067517102783464039e-02
1.356325319999999920e+03 0.000000000000000000e+00 4.050872519359470514e-02
1.357002809999999954e+03 0.000000000000000000e+00 4.019930121791632366e-02
1.357680299999999988e+03 0.000000000000000000e+00 3.998607582322511594e-02
1.358357790000000023e+03 0.000000000000000000e+00 4.001671296530224381e-02
1.359035280000000057e+03 0.000000000000000000e+00 4.004735010737937168e-02
1.359712770000000091e+03 0.000000000000000000e+00 4.084099165010580956e-02
1.360390139999999974e+03 0.000000000000000000e+00 4.193863704102047951e-02
1.361067630000000008e+03 0.000000000000000000e+00 4.277658750054305625e-02
1.361744999999999891e+03 0.000000000000000000e+00 4.209826518724123917e-02
1.362422360000000026e+03 0.000000000000000000e+00 4.141995288799815711e-02
1.363099609999999984e+03 0.000000000000000000e+00 4.008718037703898340e-02
1.363776980000000094e+03 0.000000000000000000e+00 3.827591514237996956e-02
1.364454220000000078e+03 0.000000000000000000e+00 3.648484276360315637e-02
1.365131470000000036e+03 0.000000000000000000e+00 3.692224389177606314e-02
1.365808719999999994e+03 0.000000000000000000e+00 3.735964501994896297e-02
1.366485959999999977e+03 0.000000000000000000e+00 3.739534665834246679e-02
1.367163209999999935e+03 0.000000000000000000e+00 3.691975306891355502e-02
1.367840329999999994e+03 0.000000000000000000e+00 3.644425077098198407e-02
