9.306945799999999736e+02 8.707772874252660278e-02 8.707772874252660278e-02
9.313851899999999659e+02 8.949488104156784474e-02 8.732845062351685117e-02
9.320757399999999961e+02 9.191182333910628832e-02 8.757915072186153727e-02
9.327663000000000011e+02 7.902187073686703367e-02 8.782985445064714347e-02
9.334568500000000313e+02 6.189683524674478160e-02 8.808055454899182957e-02
9.341473999999999478e+02 5.211399060636469349e-02 8.833125464733646015e-02
9.348378900000000158e+02 6.356356737608449825e-02 8.858193296303559783e-02
9.355283799999999701e+02 7.501314414580241563e-02 8.883261127873467999e-02
9.362188700000000381e+02 7.235056068604622803e-02 8.908328959443380379e-02
9.369093000000000302e+02 6.447958741922686643e-02 8.933394612748732366e-02
9.375997300000000223e+02 6.120317276194628398e-02 8.958460266054085741e-02
9.382901600000000144e+02 7.588066127608183997e-02 8.983525919359437728e-02
9.389805300000000443e+02 9.055687428175124287e-02 8.994784930903566844e-02
9.396708999999999605e+02 9.207319381982784212e-02 8.768504887034742068e-02
9.403612699999999904e+02 8.730950243853675963e-02 8.542224843165879822e-02
9.410515699999999697e+02 8.234170989645897554e-02 8.315967742940399976e-02
9.417418800000000374e+02 7.621326421937849038e-02 8.089707365051554411e-02
9.424321899999999914e+02 7.008481854229900443e-02 7.863446987162744928e-02
9.431224999999999454e+02 6.583792758098599984e-02 7.637186609273935445e-02
9.438127399999999625e+02 6.273128445576521550e-02 7.410949175028472280e-02
9.445029899999999543e+02 5.968894365004910607e-02 7.184708463119679478e-02
9.451931799999999839e+02 5.725690208083920874e-02 6.958487417190901969e-02
9.458833600000000388e+02 5.482489574890547085e-02 6.732269648925454097e-02
9.465735499999999547e+02 5.742534009100318249e-02 6.506048602996714059e-02
9.472637300000000096e+02 6.385727618706869835e-02 6.309020579431913467e-02
9.479538599999999633e+02 6.985457785772819506e-02 6.358457217540368356e-02
9.486439800000000560e+02 6.545007618777885783e-02 6.407893139310778807e-02
9.493341100000000097e+02 6.104551069557240250e-02 6.457329777419232308e-02
9.500241700000000264e+02 6.421951546939975997e-02 6.506761401161313685e-02
9.507142300000000432e+02 7.460783696999910564e-02 6.556193024903395061e-02
9.514043000000000347e+02 8.499630901289149942e-02 6.605625364983529202e-02
9.520943600000000515e+02 9.018694693806084128e-02 6.655056988725611966e-02
9.527843599999999924e+02 9.529402412236549769e-02 6.704484314439364268e-02
9.534743700000000217e+02 9.194547332792091243e-02 6.753912356491177660e-02
9.541643100000000004e+02 7.851416748168126014e-02 6.803335384176611988e-02
9.548542499999999791e+02 6.508286163544162173e-02 6.852758411862044929e-02
9.555441899999999578e+02 7.027676261233410659e-02 6.973834166301907944e-02
9.562341300000000501e+02 7.692162049983060357e-02 7.491797050666648694e-02
9.569240099999999529e+02 8.276310624698657303e-02 8.009714890863546544e-02
9.576138899999999694e+02 8.739630042104487573e-02 8.527632731060531823e-02
9.583037699999999859e+02 9.202949459510316454e-02 9.045550571257515715e-02
9.589935900000000402e+02 9.946772469932116389e-02 9.563423367286830179e-02
9.596834099999999808e+02 1.073234443472890626e-01 1.008129616331605860e-01
9.603731699999999591e+02 1.115367415444226823e-01 1.059912391517761621e-01
9.610629900000000134e+02 1.087267987618308618e-01 1.111699671120693067e-01
9.617527499999999918e+02 1.059171003858482424e-01 1.163482446306848966e-01
9.624424999999999955e+02 1.136142471707403401e-01 1.215264470756878545e-01
9.631322000000000116e+02 1.237367608760680665e-01 1.267042741526267224e-01
9.638219000000000278e+02 1.321691225211328313e-01 1.319638472487063008e-01
9.645116000000000440e+02 1.363251455264794798e-01 1.375587251058684735e-01
9.652012300000000096e+02 1.404807467229083895e-01 1.431530351198375406e-01
9.658908699999999499e+02 1.423872417360084186e-01 1.487474262542625159e-01
9.665805100000000039e+02 1.435590557646634069e-01 1.543418173886883793e-01
9.672701399999999694e+02 1.468343603358194527e-01 1.599361274026574464e-01
9.679597199999999475e+02 1.573848568919963553e-01 1.655300318143461402e-01
9.686492899999999509e+02 1.679352004492966899e-01 1.711238551055789259e-01
9.693388700000000426e+02 1.740843381109969668e-01 1.767177595172685078e-01
9.700283799999999701e+02 1.782981928970989172e-01 1.823110960857640683e-01
9.707178999999999860e+02 1.831506366962438181e-01 1.879045137747164529e-01
9.714073499999999513e+02 1.912397256657092648e-01 1.934973636204757597e-01
9.720968599999999924e+02 1.993295185953441184e-01 1.992312172592294039e-01
9.727863200000000461e+02 2.025132771484577932e-01 2.054217545890607566e-01
9.734757100000000491e+02 2.028730602007144113e-01 2.116116634014822417e-01
9.741651600000000144e+02 2.043338891546611358e-01 2.178021109431114710e-01
9.748545500000000175e+02 2.152416941917623949e-01 2.239920197555329562e-01
9.755438799999999446e+02 2.261485498848014308e-01 2.301813898387456980e-01
9.762332800000000361e+02 2.343585531212148965e-01 2.363713884393693343e-01
9.769226099999999633e+02 2.405646321898958495e-01 2.425607585225820761e-01
9.776119400000000041e+02 2.466610952126173928e-01 2.487501286057958449e-01
9.783012099999999691e+02 2.503404485500447252e-01 2.549389599598008704e-01
9.789904800000000478e+02 2.540198018874726960e-01 2.611277913138069229e-01
9.796797500000000127e+02 2.625643285264475657e-01 2.673166226678119761e-01
9.803690199999999777e+02 2.757344700512853741e-01 2.740040379653187474e-01
9.810582299999999805e+02 2.889034651335230519e-01 2.820373990954827548e-01
9.817474399999999832e+02 2.930432427254104355e-01 2.900707602256467621e-01
9.824365800000000490e+02 2.970140401375686023e-01 2.981033054429850782e-01
9.831257299999999759e+02 3.033678256640441329e-01 3.061359672192969783e-01
9.838148800000000165e+02 3.126278409382777790e-01 3.141686289956101552e-01
9.845040299999999434e+02 3.218878562125098708e-01 3.222012907719220554e-01
9.851931200000000217e+02 3.283377542605453447e-01 3.302332531943845129e-01
9.858822000000000116e+02 3.345409888415123989e-01 3.382650990578707217e-01
9.865712899999999763e+02 3.425981121069970325e-01 3.462970614803317915e-01
9.872603100000000040e+02 3.535798157170597089e-01 3.543282079899671699e-01
9.879493400000000065e+02 3.645616787086147226e-01 3.623594710585774648e-01
9.886383700000000090e+02 3.688178915115895573e-01 3.681638630566795856e-01
9.893273299999999608e+02 3.719453047161183079e-01 3.688025513920468734e-01
9.900163000000000011e+02 3.756674500291537488e-01 3.694412489977396130e-01
9.907052599999999529e+02 3.806274234162311809e-01 3.700799373331069009e-01
9.913941700000000310e+02 3.855870368423983119e-01 3.707185793168475962e-01
9.920830700000000206e+02 3.889608918664763104e-01 3.713572120302628399e-01
9.927719700000000103e+02 3.919193704900187369e-01 3.719958447436780835e-01
9.934608799999999746e+02 3.927677440509402262e-01 3.726344867274186123e-01
9.941497200000000021e+02 3.876257727247123808e-01 3.732730638188818117e-01
9.948385600000000295e+02 3.824838013984845353e-01 3.739116409103449556e-01
9.955273399999999810e+02 3.794478283914957673e-01 3.745501623798559443e-01
9.962161300000000210e+02 3.771979912059233442e-01 3.751886931196923847e-01
9.969049099999999726e+02 3.746471084808205565e-01 3.740080810279337586e-01
9.975936900000000378e+02 3.708585408078530210e-01 3.691040456735794062e-01
9.982824100000000271e+02 3.670703031590741294e-01 3.642004375124096027e-01
9.989711300000000165e+02 3.617975733974936325e-01 3.592968293512397993e-01
9.996597900000000436e+02 3.557713193612884184e-01 3.543936483832537121e-01
1.000348449999999957e+03 3.503274637512129308e-01 3.494904674152684576e-01
1.001037109999999984e+03 3.487714023191965107e-01 3.445872864472823149e-01
1.001725770000000011e+03 3.472153408871800906e-01 3.396841054792962278e-01
1.002414369999999963e+03 3.401453121330046403e-01 3.347813517044946896e-01
1.003102970000000028e+03 3.293580639889909789e-01 3.298785979296922632e-01
1.003791560000000004e+03 3.191589178195436416e-01 3.249759153537545298e-01
1.004480099999999993e+03 3.175347311748800694e-01 3.200735887721366524e-01
1.005168639999999982e+03 3.159105445302164972e-01 3.149758545992186742e-01
1.005857179999999971e+03 3.100376343465265916e-01 3.095170076343443100e-01
1.006545650000000023e+03 3.004101312538335899e-01 3.040587156398234514e-01
1.007234130000000050e+03 2.907824883220325729e-01 2.986003443638236554e-01
1.007922609999999963e+03 2.842094212101288764e-01 2.931419730878247476e-01
1.008611020000000053e+03 2.776451709023725622e-01 2.876841567821784018e-01
1.009299440000000004e+03 2.727735204979860884e-01 2.822262611950540623e-01
1.009987849999999980e+03 2.698596842204890600e-01 2.767684448894086602e-01
1.010676270000000045e+03 2.669458056159441095e-01 2.713105493022834325e-01
1.011364619999999945e+03 2.608714616052166813e-01 2.658532086855134868e-01
1.012052919999999972e+03 2.545594951465592337e-01 2.603962644761382283e-01
1.012741269999999986e+03 2.511955990648298553e-01 2.549389238593673945e-01
1.013429570000000012e+03 2.523323595686453036e-01 2.503131892819038251e-01
1.014117859999999951e+03 2.534691035569804352e-01 2.471029029349831319e-01
1.014806090000000040e+03 2.464600983522447220e-01 2.438928964369347641e-01
1.015494320000000016e+03 2.381451863504434885e-01 2.406828899388868959e-01
1.016182559999999967e+03 2.328061305010495075e-01 2.374728367993603484e-01
1.016870790000000056e+03 2.335801743958288712e-01 2.342628303013119528e-01
1.017558959999999956e+03 2.343541508093391346e-01 2.310531036521374926e-01
1.018247129999999970e+03 2.301871114179835920e-01 2.278433770029625050e-01
1.018935240000000022e+03 2.247300224389747192e-01 2.246339302026603424e-01
1.019623349999999959e+03 2.200564109481485675e-01 2.214244834023587349e-01
1.020311460000000011e+03 2.176347249498304381e-01 2.182150366020565724e-01
1.020999569999999949e+03 2.152130389515127251e-01 2.150055898017549649e-01
1.021687620000000038e+03 2.114763946383511062e-01 2.124689604070073567e-01
1.022375670000000014e+03 2.072368962704562168e-01 2.110081124584894385e-01
1.023063719999999989e+03 2.038390507065158119e-01 2.095472645099714926e-01
1.023751710000000003e+03 2.040665818964392531e-01 2.080865439517258775e-01
1.024439699999999903e+03 2.042941130863626387e-01 2.066258233934804844e-01
1.025127690000000030e+03 2.011296150006477157e-01 2.051651028352346195e-01
1.025815550000000030e+03 1.961659779937425796e-01 2.037046582892458324e-01
1.026503539999999930e+03 1.919655145724549761e-01 2.022439377310004394e-01
1.027191409999999905e+03 1.934962172910163758e-01 2.007834719532996526e-01
1.027879269999999906e+03 1.950268977567870543e-01 1.993230274073108932e-01
1.028567140000000109e+03 1.956502076988851091e-01 1.978625616296096068e-01
1.029255000000000109e+03 1.956224928042561428e-01 1.964021170836208197e-01
1.029942870000000084e+03 1.956604238832138631e-01 1.953723380048899005e-01
1.030630619999999908e+03 1.970390535046065705e-01 1.950015406169942067e-01
1.031318479999999909e+03 1.984179036265570351e-01 1.946306839230821650e-01
1.032006229999999960e+03 1.995409292732509277e-01 1.942598865351863324e-01
1.032693970000000036e+03 2.004191753911751250e-01 1.938890945387465037e-01
1.033381710000000112e+03 2.012974215090993502e-01 1.935183025423066749e-01
1.034069340000000011e+03 2.001939470642570829e-01 1.931475698518831663e-01
1.034757080000000087e+03 1.990390321242302696e-01 1.927767778554433653e-01
1.035444700000000012e+03 1.968869606210184031e-01 1.924060505564758605e-01
1.036132319999999936e+03 1.934576961114325699e-01 1.920353232575083835e-01
1.036820069999999987e+03 1.900277832722654658e-01 1.916645258696125509e-01
1.037507569999999987e+03 1.904656969674438927e-01 1.912938632681172868e-01
1.038195189999999911e+03 1.913230533079051665e-01 1.906012242760594666e-01
1.038882810000000063e+03 1.910474276274591043e-01 1.894290185444991170e-01
1.039570310000000063e+03 1.888055482744369351e-01 1.882570173804149760e-01
1.040257810000000063e+03 1.865636689214147659e-01 1.870850162163308072e-01
1.040945310000000063e+03 1.853122317734822444e-01 1.859130150522466385e-01
1.041632810000000063e+03 1.842653384894255009e-01 1.847410138881624697e-01
1.042320310000000063e+03 1.836836839156120449e-01 1.835690127240783009e-01
1.043007689999999911e+03 1.842295567570049752e-01 1.823972161274702852e-01
1.043695189999999911e+03 1.847755248946547635e-01 1.812252149633861442e-01
1.044382569999999987e+03 1.823376261867353798e-01 1.800534183667777399e-01
1.045069950000000063e+03 1.789320373387027763e-01 1.788816217701693634e-01
1.045757319999999936e+03 1.765350671331749333e-01 1.777098422208509831e-01
1.046444700000000012e+03 1.777619658946660020e-01 1.760204100710039965e-01
1.047131959999999935e+03 1.789886504691694247e-01 1.735675635894040336e-01
1.047819340000000011e+03 1.787604950429733386e-01 1.711142888250898608e-01
1.048506589999999960e+03 1.778488652229868461e-01 1.686614780337159503e-01
1.049193850000000111e+03 1.763829029948987825e-01 1.662086315521151825e-01
1.049881100000000060e+03 1.715849524505883017e-01 1.637558207607412719e-01
1.050568359999999984e+03 1.667869320925196297e-01 1.613029742791413090e-01
1.051255490000000009e+03 1.624316680257172074e-01 1.588505917704807757e-01
1.051942749999999933e+03 1.583642327411083628e-01 1.563977452888808128e-01
1.052629879999999957e+03 1.543657422693768821e-01 1.539453627802203073e-01
1.053317019999999957e+03 1.513170182922147777e-01 1.514929445813337217e-01
1.054004149999999981e+03 1.482683386833614503e-01 1.490405620726732161e-01
1.054691280000000006e+03 1.476572608942567366e-01 1.471455036762854551e-01
1.055378300000000081e+03 1.492189975169733451e-01 1.460797783243048265e-01
1.056065430000000106e+03 1.507809841921315397e-01 1.450138823371336094e-01
1.056752439999999979e+03 1.482132120364485217e-01 1.439481724974433774e-01
1.057439450000000079e+03 1.456069314239712420e-01 1.428824626577527845e-01
1.058126459999999952e+03 1.441090801629002771e-01 1.418167528180625525e-01
1.058813480000000027e+03 1.439540043808768266e-01 1.407510274660819516e-01
1.059500489999999900e+03 1.437989308560770896e-01 1.396853176263917196e-01
1.060187380000000076e+03 1.389834015912504994e-01 1.386197939341817786e-01
1.060874270000000024e+03 1.337273118212603251e-01 1.375542702419721985e-01
1.061561159999999973e+03 1.312100880671195346e-01 1.364887465497626184e-01
1.062248049999999921e+03 1.332649284992258876e-01 1.354232228575530383e-01
1.062934940000000097e+03 1.353197689313329066e-01 1.348121455291976800e-01
1.063621830000000045e+03 1.348140775918235945e-01 1.348949598160925356e-01
1.064308590000000095e+03 1.338061786261384445e-01 1.349777584296520672e-01
1.064995480000000043e+03 1.338862778254841790e-01 1.350605727165469228e-01
1.065682250000000067e+03 1.365443969534426982e-01 1.351433725357476523e-01
1.066369020000000091e+03 1.392025160814012175e-01 1.352261723549483818e-01
1.067055659999999989e+03 1.382014454880884646e-01 1.353089565008137596e-01
1.067742430000000013e+03 1.360287727946730141e-01 1.353917563200144891e-01
1.068429080000000113e+03 1.343171315376450459e-01 1.354745416715210926e-01
1.069115839999999935e+03 1.342583151645619921e-01 1.355573402850805964e-01
1.069802490000000034e+03 1.341995082122387772e-01 1.356401256365871999e-01
1.070489139999999907e+03 1.350246729957104985e-01 1.357229109880937756e-01
1.071175780000000032e+03 1.362688689133598197e-01 1.355523735406204133e-01
1.071862300000000005e+03 1.374284689764809220e-01 1.349779817609319255e-01
1.072548950000000104e+03 1.380641508968077080e-01 1.344034812139366653e-01
1.073235470000000078e+03 1.386997124666652370e-01 1.338290894342481774e-01
1.073922000000000025e+03 1.387211831379467075e-01 1.332546892878437861e-01
1.074608519999999999e+03 1.383310074439937087e-01 1.326802975081552982e-01
1.075295039999999972e+03 1.379212230493446489e-01 1.321059057284667826e-01
1.075981569999999920e+03 1.371968259501384624e-01 1.315315055820624190e-01
1.076667969999999968e+03 1.364725660213732261e-01 1.309572142029646058e-01
1.077354370000000017e+03 1.347403800159791276e-01 1.303829228238667925e-01
1.078040770000000066e+03 1.320711787988728403e-01 1.298086314447689793e-01
1.078727169999999887e+03 1.294019775817674411e-01 1.292343400656713603e-01
1.079413569999999936e+03 1.287636279593796784e-01 1.284473771274734222e-01
1.080099979999999960e+03 1.281718289934498933e-01 1.272992472909047212e-01
1.080786250000000109e+03 1.276193514973809340e-01 1.261513516265901913e-01
1.081472659999999905e+03 1.271172685559060489e-01 1.250032217900218789e-01
1.082158940000000030e+03 1.266152807045117790e-01 1.238553093991178050e-01
1.082845209999999952e+03 1.242208507519305810e-01 1.227074137348036498e-01
1.083531369999999924e+03 1.216078998865283839e-01 1.215597020629749780e-01
1.084217650000000049e+03 1.193686570456048979e-01 1.204117896720708902e-01
1.084903929999999946e+03 1.178091417711712302e-01 1.192638772811671910e-01
1.085590089999999918e+03 1.162498991869409803e-01 1.181161656093385193e-01
1.086276249999999891e+03 1.157637753373015194e-01 1.169684539375098614e-01
1.086962399999999889e+03 1.155230000969973275e-01 1.158207589922707614e-01
1.087648560000000089e+03 1.145408470222592512e-01 1.150101627670035570e-01
1.088334589999999935e+03 1.115840233865564857e-01 1.148208984087967233e-01
1.089020749999999907e+03 1.086266394443467093e-01 1.146315981857347066e-01
1.089706789999999955e+03 1.093751168680449221e-01 1.144423310686927958e-01
1.090392820000000029e+03 1.114849009422310550e-01 1.142530667104858927e-01
1.091078860000000077e+03 1.129286546924681139e-01 1.140637995934439958e-01
1.091764889999999923e+03 1.115237337069262952e-01 1.138745352352371482e-01
1.092450810000000047e+03 1.101190379904077171e-01 1.136853012242153432e-01
1.093136839999999893e+03 1.104764605905167729e-01 1.134960368660085095e-01
1.093822750000000042e+03 1.117930225994024779e-01 1.133068056138216984e-01
1.094508669999999938e+03 1.129637254234357735e-01 1.131175716027999628e-01
1.095194580000000087e+03 1.129004003453674965e-01 1.129283403506131656e-01
1.095880490000000009e+03 1.128370752672992333e-01 1.131510971297710055e-01
1.096566409999999905e+03 1.133349820120663487e-01 1.142164305055705237e-01
1.097252199999999903e+03 1.142675525065374315e-01 1.152815619724903706e-01
1.097937989999999900e+03 1.151688095766376652e-01 1.163466934394102037e-01
1.098623779999999897e+03 1.145979835444970452e-01 1.174118249063300506e-01
1.099309569999999894e+03 1.140271575123564252e-01 1.184769563732498837e-01
1.099995359999999891e+03 1.155923800712731903e-01 1.195420878401697307e-01
1.100681149999999889e+03 1.194843103702172837e-01 1.206072193070895637e-01
1.101366819999999962e+03 1.233755596565546397e-01 1.216721643965819888e-01
1.102052490000000034e+03 1.228354117631089287e-01 1.227371094860744138e-01
1.102738160000000107e+03 1.219908913874136053e-01 1.238020545755668389e-01
1.103423829999999953e+03 1.230114917206005243e-01 1.248669996650589031e-01
1.104109500000000025e+03 1.269138341507387580e-01 1.267487018047087632e-01
1.104795170000000098e+03 1.308161765808769916e-01 1.305292315779139622e-01
1.105480710000000045e+03 1.345830055513339285e-01 1.343090445793907739e-01
1.106166259999999966e+03 1.383260864180744232e-01 1.380889127171542052e-01
1.106851809999999887e+03 1.417027930582275830e-01 1.418687808549176366e-01
1.107537350000000060e+03 1.442509853324966673e-01 1.456485938563957250e-01
1.108222899999999981e+03 1.467992147773496681e-01 1.494284619941591563e-01
1.108908449999999903e+03 1.513592502117964422e-01 1.532083301319225876e-01
1.109593869999999924e+03 1.565419748446266468e-01 1.569874814979588806e-01
1.110279299999999921e+03 1.612294602593938586e-01 1.607666880002818210e-01
1.110964719999999943e+03 1.641566167260943843e-01 1.645458393663181140e-01
1.111650149999999940e+03 1.670838158988212641e-01 1.683250458686410267e-01
1.112335569999999962e+03 1.728753000943936136e-01 1.726505678959780188e-01
1.113020999999999958e+03 1.800405405985512075e-01 1.784621827147188644e-01
1.113706300000000056e+03 1.869476206209942926e-01 1.842726952911799276e-01
1.114391599999999926e+03 1.921659431179794097e-01 1.900832078676390480e-01
1.115076900000000023e+03 1.973842656149662755e-01 1.958937204441000834e-01
1.115762210000000096e+03 2.035173280986735667e-01 2.017043178084286792e-01
1.116447509999999966e+03 2.102907276659319036e-01 2.075148303848877995e-01
1.117132689999999911e+03 2.170071443170185632e-01 2.133243255069346422e-01
1.117817990000000009e+03 2.225019855517060829e-01 2.191348380833957055e-01
1.118503169999999955e+03 2.279958646078601159e-01 2.249443332054425482e-01
1.119188349999999900e+03 2.330334395400920910e-01 2.307538283274893909e-01
1.119873540000000048e+03 2.376133004238268343e-01 2.365634082374056812e-01
1.120558590000000095e+03 2.421922255371560251e-01 2.419345765516975055e-01
1.121243770000000040e+03 2.481816551474002319e-01 2.458629007917450260e-01
1.121928830000000062e+03 2.542371204936874074e-01 2.497905370389899016e-01
1.122613890000000083e+03 2.602211880117565879e-01 2.537181732862348049e-01
1.123298950000000104e+03 2.661024413056993776e-01 2.576458095334796528e-01
1.123984009999999898e+03 2.719836945996402244e-01 2.615734457807232238e-01
1.124669069999999920e+03 2.759144819182101083e-01 2.655010820279681272e-01
1.125354000000000042e+03 2.795400019332222041e-01 2.694279729496769082e-01
1.126039060000000063e+03 2.827120540384301939e-01 2.733556091969218116e-01
1.126723999999999933e+03 2.849171634780287565e-01 2.772825574513627100e-01
1.127408940000000030e+03 2.871222729176280963e-01 2.812095057058049963e-01
1.128093869999999924e+03 2.879563779961464842e-01 2.851363966275124451e-01
1.128778690000000097e+03 2.883913712008335239e-01 2.880855618086161640e-01
1.129463619999999992e+03 2.886091077781214875e-01 2.869160909117021152e-01
1.130148439999999937e+03 2.880960176258205441e-01 2.857468078322272786e-01
1.130833249999999907e+03 2.875829349658555745e-01 2.845775418270649615e-01
1.131518070000000080e+03 2.869709471489294561e-01 2.834082587475896808e-01
1.132202880000000050e+03 2.863131571257859220e-01 2.822389927424274192e-01
1.132887699999999995e+03 2.856523306251087524e-01 2.810697096629525271e-01
1.133572390000000041e+03 2.849726651651400267e-01 2.799006485495420526e-01
1.134257080000000087e+03 2.842929997051712454e-01 2.787315874361315227e-01
1.134941769999999906e+03 2.826353105728389714e-01 2.775625263227214368e-01
1.135626459999999952e+03 2.803028132322600285e-01 2.763934652093109068e-01
1.136311159999999973e+03 2.778788127840824962e-01 2.752243870215878019e-01
1.136995850000000019e+03 2.735423992544244176e-01 2.738622234937860278e-01
1.137680419999999913e+03 2.692067457323963908e-01 2.713772963815123673e-01
1.138364990000000034e+03 2.652423112557937834e-01 2.688923692692378742e-01
1.139049559999999929e+03 2.616501566200754025e-01 2.664074421569642137e-01
1.139734130000000050e+03 2.580580019843558004e-01 2.639225150446897206e-01
1.140418699999999944e+03 2.574375728906253546e-01 2.614375879324160601e-01
1.141103149999999914e+03 2.569646213634534937e-01 2.589530964092761622e-01
1.141787720000000036e+03 2.558255160086426727e-01 2.564681692970016691e-01
1.142472170000000006e+03 2.537123951797858323e-01 2.539836777738617712e-01
1.143156619999999975e+03 2.515992743509289364e-01 2.514991862507218179e-01
1.143841059999999970e+03 2.490522525971974599e-01 2.490147310266763447e-01
1.144525509999999940e+03 2.464340289517057692e-01 2.465302395035364191e-01
1.145209839999999986e+03 2.440951772701986378e-01 2.443087204407942137e-01
1.145894289999999955e+03 2.423705882025532776e-01 2.445303927242975239e-01
1.146578610000000026e+03 2.406463266921854416e-01 2.447520229048030793e-01
1.147262940000000071e+03 2.411638526036652130e-01 2.449736563240007547e-01
1.147947269999999889e+03 2.423690900706228779e-01 2.451952897431983469e-01
1.148631470000000036e+03 2.430084197076402552e-01 2.454168810593982120e-01
1.149315800000000081e+03 2.416143066150680807e-01 2.456385144785958874e-01
1.150000000000000000e+03 2.402204583577394748e-01 2.458601057947956969e-01
1.150684199999999919e+03 2.415948057417773576e-01 2.460816971109955065e-01
1.151368410000000040e+03 2.443308303987925811e-01 2.463032916658875193e-01
1.152052609999999959e+03 2.467444680355689035e-01 2.465248829820873289e-01
1.152736820000000080e+03 2.468504776333103889e-01 2.467464775369793695e-01
1.153420900000000074e+03 2.469564670892127889e-01 2.469207841356755861e-01
1.154104980000000069e+03 2.464315925501086302e-01 2.460440830708591486e-01
1.154789060000000063e+03 2.454396455022786194e-01 2.451673820060427111e-01
1.155473140000000058e+03 2.444528207368592276e-01 2.442906809412262736e-01
1.156157230000000027e+03 2.436535622667168610e-01 2.434139670606417505e-01
1.156841310000000021e+03 2.428543154801025006e-01 2.425372659958253130e-01
1.157525270000000091e+03 2.436705276352967853e-01 2.416607187202260698e-01
1.158209229999999934e+03 2.462472477753123168e-01 2.407841714446271320e-01
1.158893190000000004e+03 2.488239679153287087e-01 2.399076241690279165e-01
1.159577150000000074e+03 2.450471558621490076e-01 2.390310768934286734e-01
1.160261109999999917e+03 2.407924126620444860e-01 2.381545296178297355e-01
1.160945069999999987e+03 2.376752225339885394e-01 2.372779823422305201e-01
1.161628909999999905e+03 2.364018394350261287e-01 2.364015888558487766e-01
1.162312740000000076e+03 2.351284749571310451e-01 2.330529956906833844e-01
1.162996579999999994e+03 2.325515729274516274e-01 2.296654484351616232e-01
1.163680419999999913e+03 2.297131744802391184e-01 2.262779011796398343e-01
1.164364260000000058e+03 2.269523858182137255e-01 2.228903539241169351e-01
1.165047970000000078e+03 2.243877411699163882e-01 2.195034506513146300e-01
1.165731809999999996e+03 2.218226088824094278e-01 2.161159033957928688e-01
1.166415529999999990e+03 2.172586506207275781e-01 2.127289505858583896e-01
1.167099240000000009e+03 2.119734542437479718e-01 2.093420473130560566e-01
1.167782840000000078e+03 2.069874519465277618e-01 2.059556889487088593e-01
1.168466550000000097e+03 2.033105024584601073e-01 2.025687856759065542e-01
1.169150270000000091e+03 1.996334991910199419e-01 1.991818328659720472e-01
1.169833859999999959e+03 1.958292376679832969e-01 1.957955240387581619e-01
1.170517460000000028e+03 1.919517650413318510e-01 1.934620905471662877e-01
1.171201049999999896e+03 1.882064336051865461e-01 1.912184127065647554e-01
1.171884639999999990e+03 1.858541033243175378e-01 1.889747348659624737e-01
1.172568119999999908e+03 1.835021515690725413e-01 1.867314180671584278e-01
1.173251710000000003e+03 1.805808829485893996e-01 1.844877402265561739e-01
1.173935179999999946e+03 1.771692619726376872e-01 1.822444562497336495e-01
1.174618649999999889e+03 1.737576409966859747e-01 1.800011722729111530e-01
1.175302120000000059e+03 1.736246530547879974e-01 1.777578882960879070e-01
1.175985599999999977e+03 1.735355883790937193e-01 1.755145714972838611e-01
1.176668949999999995e+03 1.726292454987016223e-01 1.732716813842403725e-01
1.177352419999999938e+03 1.706686269535740152e-01 1.710283974074178759e-01
1.178035769999999957e+03 1.687083526433436897e-01 1.687855072943743873e-01
1.178719119999999975e+03 1.671056195336887984e-01 1.676049838336447495e-01
1.179402469999999994e+03 1.655486303870655207e-01 1.666061498529661233e-01
1.180085690000000113e+03 1.643725457823893288e-01 1.656075058897271413e-01
1.180769039999999904e+03 1.639476915282133684e-01 1.646086719090488759e-01
1.181452269999999999e+03 1.635229118807694781e-01 1.636100133290837866e-01
1.182135500000000093e+03 1.636076913940460453e-01 1.626113547491187250e-01
1.182818729999999960e+03 1.638316839290964722e-01 1.616126961691539965e-01
1.183501950000000079e+03 1.634344967778648960e-01 1.606140522059150144e-01
1.184185179999999946e+03 1.610105040327686754e-01 1.596153936259502859e-01
1.184868289999999888e+03 1.585869370288273128e-01 1.586169104466991220e-01
1.185551390000000083e+03 1.573133415578858718e-01 1.576184418841737045e-01
1.186234500000000025e+03 1.565717157235563539e-01 1.566199587049225128e-01
1.186917599999999993e+03 1.559696100652668005e-01 1.561681466182929801e-01
1.187600709999999935e+03 1.562801691553980798e-01 1.558689687053196049e-01
1.188283809999999903e+03 1.565907236992763463e-01 1.555697951719909600e-01
1.188966799999999921e+03 1.568438025864298535e-01 1.552706698147546249e-01
1.189649779999999964e+03 1.570555041827544351e-01 1.549715488371630479e-01
1.190332760000000007e+03 1.572133611521691898e-01 1.546724278595714430e-01
1.191015750000000025e+03 1.556207671811051796e-01 1.543733025023351080e-01
1.191698730000000069e+03 1.540281965280101972e-01 1.540741815247435309e-01
1.192381589999999960e+03 1.532077903276811148e-01 1.537751131028890772e-01
1.193064579999999978e+03 1.532296860965857710e-01 1.534759877456527422e-01
1.193747440000000097e+03 1.532515776978599364e-01 1.531769193237982052e-01
1.194430299999999988e+03 1.528959647737623551e-01 1.528778509019437515e-01
1.195113160000000107e+03 1.525104187834493419e-01 1.519538474785708249e-01
1.195795900000000074e+03 1.517035292458402684e-01 1.507687518782593050e-01
1.196478759999999966e+03 1.501922163904286511e-01 1.495834479827373720e-01
1.197161499999999933e+03 1.486811691202651609e-01 1.483983523824258799e-01
1.197844239999999900e+03 1.476438976218049370e-01 1.472132567821143601e-01
1.198526980000000094e+03 1.467090240108873400e-01 1.460281611818024516e-01
1.199209720000000061e+03 1.457241484858956271e-01 1.448430655814909318e-01
1.199892329999999902e+03 1.446042853997072108e-01 1.436581956343243593e-01
1.200575070000000096e+03 1.434842090406373560e-01 1.424731000340124509e-01
1.201257689999999911e+03 1.419941682795556881e-01 1.412882127289117329e-01
1.201940309999999954e+03 1.403583485677349918e-01 1.401033254238106263e-01
1.202622920000000022e+03 1.388572108779668468e-01 1.389184554766436652e-01
1.203305540000000065e+03 1.380390275907372732e-01 1.374772245687903294e-01
1.203988039999999955e+03 1.372209881346210525e-01 1.358817292209251737e-01
1.204670650000000023e+03 1.348937741581953398e-01 1.342859767236262436e-01
1.205353149999999914e+03 1.316094369014985666e-01 1.326904813757610879e-01
1.206035640000000058e+03 1.284659374846597313e-01 1.310950094051165637e-01
1.206718139999999948e+03 1.275744566337720654e-01 1.294995140572514081e-01
1.207400509999999940e+03 1.266831455887606206e-01 1.279043226132617894e-01
1.208083010000000058e+03 1.253750733521263871e-01 1.263088272653961064e-01
1.208765380000000050e+03 1.236597280965784224e-01 1.247136358214065016e-01
1.209447750000000042e+03 1.219443828410304714e-01 1.231184443774168968e-01
1.210130130000000008e+03 1.208216540327839844e-01 1.215232295562061332e-01
1.210812500000000000e+03 1.197285544828384923e-01 1.199280381122165284e-01
1.211494750000000067e+03 1.185168734615302810e-01 1.184474593510133622e-01
1.212177120000000059e+03 1.171257737280374106e-01 1.170648204062452041e-01
1.212859380000000101e+03 1.157348982438090312e-01 1.156824043468381580e-01
1.213541629999999941e+03 1.139694523298436651e-01 1.143000085497370699e-01
1.214223880000000008e+03 1.121353259074937270e-01 1.129176127526355378e-01
1.214906009999999924e+03 1.106596639144733912e-01 1.115354601032010617e-01
1.215588259999999991e+03 1.100557833918514306e-01 1.101530643060995296e-01
1.216270389999999907e+03 1.094520090849316341e-01 1.087709116566650536e-01
1.216952510000000075e+03 1.073334648986017381e-01 1.073887792695356475e-01
1.217634639999999990e+03 1.046741598967706327e-01 1.060066266201011714e-01
1.218316769999999906e+03 1.024979557588472506e-01 1.046244739706667093e-01
1.218998900000000049e+03 1.024827499380642076e-01 1.032423213212317892e-01
1.219680910000000040e+03 1.024675467922822603e-01 1.023269147511669669e-01
1.220363039999999955e+03 1.029312326650794474e-01 1.019874960524178725e-01
1.221045039999999972e+03 1.036780699096355174e-01 1.016481420399174412e-01
1.221727049999999963e+03 1.042857262785907568e-01 1.013087830515517346e-01
1.222408940000000030e+03 1.031497710160594744e-01 1.009694837735694295e-01
1.223090940000000046e+03 1.020136325053814103e-01 1.006301297610689982e-01
1.223772830000000113e+03 1.010293656431482390e-01 1.002908304830866792e-01
1.224454709999999977e+03 1.001857066715853561e-01 9.995153618096976056e-02
1.225136600000000044e+03 9.934203532747908072e-02 9.961223690298744160e-02
1.225818479999999909e+03 9.908108587987557447e-02 9.927294260087052291e-02
1.226500369999999975e+03 9.884188018884630667e-02 9.893364332288820395e-02
1.227182129999999916e+03 9.858055199578362460e-02 9.859440873115467296e-02
1.227864010000000007e+03 9.828713366236081772e-02 9.819635889079530999e-02
1.228545779999999922e+03 9.799376266280425407e-02 9.769037963336449359e-02
1.229227540000000090e+03 9.684868353317284406e-02 9.718440779748706293e-02
1.229909180000000106e+03 9.555789569652491100e-02 9.667852502025252315e-02
1.230590940000000046e+03 9.487382150946346848e-02 9.617255318437524514e-02
1.231272580000000062e+03 9.561858594586855609e-02 9.566667040714070536e-02
1.231954349999999977e+03 9.636349242114557179e-02 9.516069114970988896e-02
1.232635989999999993e+03 9.490377483564119143e-02 9.465480837247534918e-02
1.233317630000000008e+03 9.268090979756689329e-02 9.414892559524080939e-02
1.233999150000000100e+03 9.100692148689523697e-02 9.364313187664900784e-02
1.234680789999999888e+03 9.172042424843024344e-02 9.313724909941463459e-02
1.235362300000000005e+03 9.243379093321101025e-02 9.263146280237637142e-02
1.236043820000000096e+03 9.208794525541380560e-02 9.241250021725419539e-02
1.236725339999999960e+03 9.112224852818766319e-02 9.304310391648289158e-02
1.237406860000000052e+03 9.032237379288712842e-02 9.367370761571180982e-02
1.238088379999999916e+03 9.157149171650875996e-02 9.430431131494051988e-02
1.238769780000000083e+03 9.282038969918889049e-02 9.493480397935921689e-02
1.239451170000000047e+03 9.435395295171640495e-02 9.556528739087687130e-02
1.240132569999999987e+03 9.615214940721958370e-02 9.619578005529536013e-02
1.240813959999999952e+03 9.795031947298910024e-02 9.682626346681301455e-02
1.241495359999999891e+03 9.787463088947143119e-02 9.745675613123150338e-02
1.242176760000000058e+03 9.772494998024271184e-02 9.808724879565020038e-02
1.242858030000000099e+03 9.804501049548949854e-02 9.871762117235764744e-02
1.243539309999999887e+03 9.905377845414424509e-02 9.934800280196570688e-02
1.244220579999999927e+03 1.000625316058483538e-01 1.001859948699814346e-01
1.244901859999999942e+03 1.016644034168451560e-01 1.022203841022893966e-01
1.245583129999999983e+03 1.033720723647827688e-01 1.042547434733181871e-01
1.246264280000000099e+03 1.052081135638474191e-01 1.062887445089962801e-01
1.246945429999999988e+03 1.073567854428072593e-01 1.083227455446736931e-01
1.247626590000000078e+03 1.095054888665358273e-01 1.103567764416309438e-01
1.248307739999999967e+03 1.108067416496226060e-01 1.123907774773083568e-01
1.248988890000000083e+03 1.118009762074597957e-01 1.144247785129864498e-01
1.249670039999999972e+03 1.130166655895346733e-01 1.164587795486638627e-01
1.250351069999999936e+03 1.152625349480299599e-01 1.184924222489905782e-01
1.251032099999999900e+03 1.175084043065252326e-01 1.205260649493172936e-01
1.251713130000000092e+03 1.207758381096380035e-01 1.225597076496446891e-01
1.252394170000000031e+03 1.246713652899471420e-01 1.246308898287486477e-01
1.253075199999999995e+03 1.284894694322207820e-01 1.276357483399330472e-01
1.253756100000000060e+03 1.311371046169263754e-01 1.306400332616924065e-01
1.254437130000000025e+03 1.337852452981421192e-01 1.336448917728768060e-01
1.255118040000000065e+03 1.365432095629242060e-01 1.366492208168995359e-01
1.255798950000000104e+03 1.394097395222036739e-01 1.396535498609222936e-01
1.256479739999999993e+03 1.422757642993069949e-01 1.426573494377823548e-01
1.257160640000000058e+03 1.452062208049322289e-01 1.456616343595416863e-01
1.257841429999999946e+03 1.481398645488004595e-01 1.486654339364017474e-01
1.258522220000000061e+03 1.513034467274768091e-01 1.516692335132628078e-01
1.259202999999999975e+03 1.548301738985319309e-01 1.546729889678594705e-01
1.259883790000000090e+03 1.583569528738004439e-01 1.576767885447205586e-01
1.260564579999999978e+03 1.607472753227139617e-01 1.606805881215805920e-01
1.261245239999999967e+03 1.629029678184128194e-01 1.626155837426921658e-01
1.261926030000000083e+03 1.651988754511545254e-01 1.644638212653186937e-01
1.262606690000000071e+03 1.678708061716288058e-01 1.663117058584395180e-01
1.263287350000000060e+03 1.705427368921030584e-01 1.681595904515603424e-01
1.263968020000000024e+03 1.720732439857877438e-01 1.700075021931045927e-01
1.264648560000000089e+03 1.731417804400520177e-01 1.718550610051437777e-01
1.265329220000000078e+03 1.744845355096774631e-01 1.737029455982646298e-01
1.266009769999999889e+03 1.773420684390752955e-01 1.755505315587266024e-01
1.266690309999999954e+03 1.801995593798924322e-01 1.773980903707657875e-01
1.267370850000000019e+03 1.817980052910448119e-01 1.792456491828049725e-01
1.268051269999999931e+03 1.825354179128475807e-01 1.810928822137619076e-01
1.268731809999999996e+03 1.832470957240117382e-01 1.829404410258010927e-01
1.269412229999999909e+03 1.832413122978601150e-01 1.833805409228115857e-01
1.270092650000000049e+03 1.832355288717084640e-01 1.834815618135539617e-01
1.270773069999999962e+03 1.837099425962798460e-01 1.835825827042963376e-01
1.271453490000000102e+03 1.847142081860120577e-01 1.836836035950387414e-01
1.272133910000000014e+03 1.857184737757439086e-01 1.837846244857811173e-01
1.272814210000000003e+03 1.872050842967448725e-01 1.838856275603115986e-01
1.273494509999999991e+03 1.887360339530299580e-01 1.839866306348421077e-01
1.274174800000000005e+03 1.896458162393145075e-01 1.840876322246882690e-01
1.274855099999999993e+03 1.894319482222049378e-01 1.841886352992187781e-01
1.275535399999999981e+03 1.892180802050953403e-01 1.842896383737492594e-01
1.276215580000000045e+03 1.874155078424863952e-01 1.843906236320679015e-01
1.276895870000000059e+03 1.852052743637792320e-01 1.844916252219140629e-01
1.277576049999999896e+03 1.833341037052576006e-01 1.840200623460931106e-01
1.278256229999999960e+03 1.825605107852294740e-01 1.832818968151868344e-01
1.278936279999999897e+03 1.817870657188279115e-01 1.825438723668162122e-01
1.279616459999999961e+03 1.810802170035538117e-01 1.818057068359099360e-01
1.280296509999999898e+03 1.804055567280022088e-01 1.810676823875393415e-01
1.280976560000000063e+03 1.798645885399104416e-01 1.803296579391684695e-01
1.281656739999999900e+03 1.803501742053247869e-01 1.795914924082624431e-01
1.282336669999999913e+03 1.808355813938414547e-01 1.788535981899245508e-01
1.283016720000000078e+03 1.801289052631520893e-01 1.781155737415537066e-01
1.283696779999999990e+03 1.784642923325275576e-01 1.773775384406803823e-01
1.284376710000000003e+03 1.767999976086507274e-01 1.766396442223424901e-01
1.285056640000000016e+03 1.759199190723647055e-01 1.759017500040045978e-01
1.285736570000000029e+03 1.750446557185846574e-01 1.746162537299626727e-01
1.286416500000000042e+03 1.736214101836539292e-01 1.728896167037013709e-01
1.287096309999999903e+03 1.714805380513836908e-01 1.711632844094616024e-01
1.287776249999999891e+03 1.693392565203439559e-01 1.694366219888652769e-01
1.288456050000000005e+03 1.679182704220145150e-01 1.677103150889599492e-01
1.289135860000000093e+03 1.666032953218321011e-01 1.659839827947196256e-01
1.289815669999999955e+03 1.651108171145818093e-01 1.642576505004798570e-01
1.290495359999999891e+03 1.632241071940347399e-01 1.625316229382610667e-01
1.291175169999999980e+03 1.613370641728230082e-01 1.608052906440207430e-01
1.291854859999999917e+03 1.595186138114172147e-01 1.590792630818019526e-01
1.292534550000000081e+03 1.577230695007140193e-01 1.573532355195825794e-01
1.293214230000000043e+03 1.558562391519064672e-01 1.556272333516988404e-01
1.293893919999999980e+03 1.536796201571340725e-01 1.536465490051035498e-01
1.294573489999999993e+03 1.515033854467842944e-01 1.513154925704877085e-01
1.295253169999999955e+03 1.499254980323995734e-01 1.489840588146132960e-01
1.295932739999999967e+03 1.487067505015181590e-01 1.466530023799974547e-01
1.296612300000000005e+03 1.474045109877325788e-01 1.443219802473141578e-01
1.297291870000000017e+03 1.448686149836436732e-01 1.419909238126983164e-01
1.297971309999999903e+03 1.423332040899640827e-01 1.396603133032068844e-01
1.298650879999999916e+03 1.410661293936648908e-01 1.373292568685910431e-01
1.299330320000000029e+03 1.410628812104544327e-01 1.349986463590988617e-01
1.300009769999999889e+03 1.410596329794372161e-01 1.326680015476748853e-01
1.300689210000000003e+03 1.354879401896909585e-01 1.303373910381826761e-01
1.301368649999999889e+03 1.295528718907116850e-01 1.280067805286912719e-01
1.302047970000000078e+03 1.255284322185007129e-01 1.259376585017124572e-01
1.302727290000000039e+03 1.246717871433327962e-01 1.245316435437062025e-01
1.303406739999999900e+03 1.238149781338486743e-01 1.231253595196568629e-01
1.304085939999999937e+03 1.226391169006345316e-01 1.217195929303058199e-01
1.304765259999999898e+03 1.213898788005783880e-01 1.203135779722995791e-01
1.305444580000000087e+03 1.200022708222246021e-01 1.189075630142928663e-01
1.306123779999999897e+03 1.182009641286087681e-01 1.175017964249422953e-01
1.306802979999999934e+03 1.163996574349923374e-01 1.160960298355912523e-01
1.307482299999999896e+03 1.150803043491310518e-01 1.146900148775850115e-01
1.308161380000000008e+03 1.139807246651352857e-01 1.132844966568891804e-01
1.308840580000000045e+03 1.127824636691828752e-01 1.118787300675381374e-01
1.309519780000000083e+03 1.108896976938188589e-01 1.104729634781870945e-01
1.310198849999999993e+03 1.089972939969840460e-01 1.090657813417671984e-01
1.310877930000000106e+03 1.069718067455759924e-01 1.076481895231382047e-01
1.311557009999999991e+03 1.048420583207071294e-01 1.062305977045096828e-01
1.312236079999999902e+03 1.027123412580992490e-01 1.048130267610625083e-01
1.312915040000000090e+03 1.010497792623171187e-01 1.033956854446101692e-01
1.313594119999999975e+03 9.938810434082820389e-02 1.019780936259816473e-01
1.314273069999999962e+03 9.810386525907587030e-02 1.005607731847111413e-01
1.314952029999999922e+03 9.731247702179895986e-02 9.914343186825927412e-02
1.315630979999999909e+03 9.652110044041098402e-02 9.772611142698876818e-02
1.316309809999999970e+03 9.550255682699998472e-02 9.630904148789491692e-02
1.316988769999999931e+03 9.444973358244515560e-02 9.489170017144306357e-02
1.317667599999999993e+03 9.332968067316992078e-02 9.347463023234921231e-02
1.318346440000000030e+03 9.205632918915777896e-02 9.205753941807401364e-02
1.319025270000000091e+03 9.078299646290123592e-02 9.098062220279672097e-02
1.319704099999999926e+03 8.936341406884862337e-02 8.990658123350572795e-02
1.320382810000000063e+03 8.789298793142932831e-02 8.883273012753248321e-02
1.321061519999999973e+03 8.648690200661544869e-02 8.775887902155958542e-02
1.321740360000000010e+03 8.538093416180456141e-02 8.668482223032508704e-02
1.322419069999999920e+03 8.427517811332264908e-02 8.561097112435220313e-02
1.323097659999999905e+03 8.375657411052161994e-02 8.453730988169742833e-02
1.323776370000000043e+03 8.360980848386864728e-02 8.346345877572416971e-02
1.324454960000000028e+03 8.339986774106543377e-02 8.238979753306939491e-02
1.325133669999999938e+03 8.191715438137360528e-02 8.131594642709651100e-02
1.325812259999999924e+03 8.043470317429932126e-02 8.024228518444173619e-02
1.326490720000000010e+03 7.916969451260218171e-02 7.916882962704821503e-02
1.327169309999999996e+03 7.813752162437330451e-02 7.836515983312003497e-02
1.327847899999999981e+03 7.710534873614442730e-02 7.761340859024129513e-02
1.328526370000000043e+03 7.670555464703462945e-02 7.686179028499659505e-02
1.329204829999999902e+03 7.636267457437673212e-02 7.611018305788830318e-02
1.329883299999999963e+03 7.595185979756523265e-02 7.535856475264360310e-02
1.330561770000000024e+03 7.541575255424128044e-02 7.460694644739890302e-02
1.331240109999999959e+03 7.487974803313303396e-02 7.385547215792465092e-02
1.331918580000000020e+03 7.429291351632261176e-02 7.310385385267995084e-02
1.332596919999999955e+03 7.369240349867504924e-02 7.235237956320571262e-02
1.333275270000000091e+03 7.291610877634602250e-02 7.160089419559506618e-02
1.333953610000000026e+03 7.151953504498746728e-02 7.084941990612081408e-02
1.334631840000000011e+03 7.012318778281896592e-02 7.009806747614447109e-02
1.335310179999999946e+03 6.957359997153084175e-02 6.949598476371285360e-02
1.335988399999999956e+03 6.947044240372581003e-02 6.896396004938168400e-02
1.336666629999999941e+03 6.929322676109020418e-02 6.843192749062375346e-02
1.337344849999999951e+03 6.835721666395673524e-02 6.789990277629258386e-02
1.338022950000000037e+03 6.742137217858874820e-02 6.736797219508294798e-02
1.338701170000000047e+03 6.646555028270652310e-02 6.683594748075179226e-02
1.339379269999999906e+03 6.549179500528898301e-02 6.630401689954232292e-02
1.340057369999999992e+03 6.451803972787112373e-02 6.577208631833268704e-02
1.340735470000000078e+03 6.393042124069583942e-02 6.524015573712305116e-02
1.341413569999999936e+03 6.336046868054666381e-02 6.470822515591359569e-02
1.342091550000000097e+03 6.307958379758772660e-02 6.417638870782547966e-02
1.342769649999999956e+03 6.325141769231809596e-02 6.364445812661602420e-02
1.343447629999999890e+03 6.342322117845482221e-02 6.312944780750279206e-02
1.344125610000000052e+03 6.297091073437809106e-02 6.263007524543796889e-02
1.344803589999999986e+03 6.238438157101761083e-02 6.213070268337330532e-02
1.345481449999999995e+03 6.149962561197790806e-02 6.163141850844013753e-02
1.346159419999999955e+03 5.974794149317074615e-02 6.113205331196975428e-02
1.346837279999999964e+03 5.799654158347752192e-02 6.063276913703658649e-02
1.347515139999999974e+03 5.808837692018974097e-02 6.013348496210342564e-02
1.348192990000000009e+03 5.901220307987542490e-02 5.963420815276453818e-02
1.348870850000000019e+03 5.973487945346227929e-02 5.913492397783137039e-02
1.349548579999999902e+03 5.900884222574100807e-02 5.863573555562413830e-02
1.350226319999999987e+03 5.828279428523968492e-02 5.813653976782247323e-02
1.350904170000000022e+03 5.766001700051819057e-02 5.763726295848357883e-02
1.351581789999999955e+03 5.712049689782001255e-02 5.719483551476026162e-02
1.352259520000000066e+03 5.658088921327450449e-02 5.685737128745661784e-02
1.352937259999999924e+03 5.640474510516526457e-02 5.651990208082169342e-02
1.353614870000000110e+03 5.623347738059155526e-02 5.618249760549487437e-02
1.354292480000000069e+03 5.618867768433849497e-02 5.584509313016815940e-02
1.354970090000000027e+03 5.631922543559099437e-02 5.550768865484145137e-02
1.355647709999999961e+03 5.644977511343475529e-02 5.517027920018335169e-02
1.356325319999999920e+03 5.556013007159611022e-02 5.483287472485663672e-02
1.357002809999999954e+03 5.449233886279252620e-02 5.449553000150675341e-02
1.357680299999999988e+03 5.361671285256559838e-02 5.415818527815686317e-02
1.358357790000000023e+03 5.322822389075040905e-02 5.382084055480697293e-02
1.359035280000000057e+03 5.283973492893522667e-02 5.348349583145708269e-02
1.359712770000000091e+03 5.334272558734806657e-02 5.316952270390966351e-02
1.360390139999999974e+03 5.420098362768636935e-02 5.296364655749594141e-02
1.361067630000000008e+03 5.480383649000838964e-02 5.275773393893611746e-02
1.361744999999999891e+03 5.391573088319112639e-02 5.255185779252238842e-02
1.362422360000000026e+03 5.302763838745915698e-02 5.234598468545408750e-02
1.363099609999999984e+03 5.262435470900766327e-02 5.214014501118638401e-02
1.363776980000000094e+03 5.257511586233720724e-02 5.193426886477258558e-02
1.364454220000000078e+03 5.252478151942659851e-02 5.172843222985037959e-02
1.365131470000000036e+03 5.235036769645755317e-02 5.152259255558268303e-02
1.365808719999999994e+03 5.217595387348850783e-02 5.131675288131497953e-02
1.366485959999999977e+03 5.182960016235584749e-02 5.111091624639277353e-02
1.367163209999999935e+03 5.126438403845772623e-02 5.090507657212507697e-02
1.367840329999999994e+03 5.069927640934889651e-02 5.069927640934889651e-02
