9.306945799999999736e+02 0.000000000000000000e+00 8.854153871918819807e-02
9.313851899999999659e+02 0.000000000000000000e+00 8.244158556568807750e-02
9.320757399999999961e+02 0.000000000000000000e+00 7.634216237437932429e-02
9.327663000000000011e+02 0.000000000000000000e+00 7.736225652471569181e-02
9.334568500000000313e+02 0.000000000000000000e+00 8.035225732259829168e-02
9.341473999999999478e+02 0.000000000000000000e+00 8.589559846205946370e-02
9.348378900000000158e+02 0.000000000000000000e+00 9.882200721161121804e-02
9.355283799999999701e+02 0.000000000000000000e+00 1.117484159611608630e-01
9.362188700000000381e+02 0.000000000000000000e+00 1.128731989142225389e-01
9.369093000000000302e+02 0.000000000000000000e+00 1.096420522096877292e-01
9.375997300000000223e+02 0.000000000000000000e+00 1.037010743092284804e-01
9.382901600000000144e+02 0.000000000000000000e+00 8.717103856075228419e-02
9.389805300000000443e+02 0.000000000000000000e+00 7.064243931147845545e-02
9.396708999999999605e+02 0.000000000000000000e+00 6.686577711965657755e-02
9.403612699999999904e+02 0.000000000000000000e+00 6.917444564582939104e-02
9.410515699999999697e+02 0.000000000000000000e+00 7.114863450279242107e-02
9.417418800000000374e+02 0.000000000000000000e+00 7.122671737885173660e-02
9.424321899999999914e+02 0.000000000000000000e+00 7.130480025491103824e-02
9.431224999999999454e+02 0.000000000000000000e+00 7.564401572342747959e-02
9.438127399999999625e+02 0.000000000000000000e+00 8.256412039511826229e-02
9.445029899999999543e+02 0.000000000000000000e+00 8.809169939481541201e-02
9.451931799999999839e+02 0.000000000000000000e+00 8.041622549376589713e-02
9.458833600000000388e+02 0.000000000000000000e+00 7.274086280084575418e-02
9.465735499999999547e+02 0.000000000000000000e+00 6.854511661049628168e-02
9.472637300000000096e+02 0.000000000000000000e+00 6.699875390611972903e-02
9.479538599999999633e+02 0.000000000000000000e+00 6.592726716927428676e-02
9.486439800000000560e+02 0.000000000000000000e+00 7.623009026416126266e-02
9.493341100000000097e+02 0.000000000000000000e+00 8.653306264935936576e-02
9.500241700000000264e+02 0.000000000000000000e+00 8.317826639399429622e-02
9.507142300000000432e+02 0.000000000000000000e+00 6.682237172319685503e-02
9.514043000000000347e+02 0.000000000000000000e+00 5.046624003105882467e-02
9.520943600000000515e+02 0.000000000000000000e+00 6.196201003307503369e-02
9.527843599999999924e+02 0.000000000000000000e+00 7.390212035546181446e-02
9.534743700000000217e+02 0.000000000000000000e+00 7.610349178186320840e-02
9.541643100000000004e+02 0.000000000000000000e+00 6.669136732810974910e-02
9.548542499999999791e+02 0.000000000000000000e+00 5.727924287435627593e-02
9.555441899999999578e+02 0.000000000000000000e+00 7.214239392977614407e-02
9.562341300000000501e+02 0.000000000000000000e+00 8.889665841504157395e-02
9.569240099999999529e+02 0.000000000000000000e+00 9.585920381907682419e-02
9.576138899999999694e+02 0.000000000000000000e+00 8.808635374728718270e-02
9.583037699999999859e+02 0.000000000000000000e+00 8.031350367549754121e-02
9.589935900000000402e+02 0.000000000000000000e+00 8.615720038064313135e-02
9.596834099999999808e+02 0.000000000000000000e+00 9.402713394237065259e-02
9.603731699999999591e+02 0.000000000000000000e+00 1.012781961465572533e-01
9.610629900000000134e+02 0.000000000000000000e+00 1.073376287854790889e-01
9.617527499999999918e+02 0.000000000000000000e+00 1.133965343797243563e-01
9.624424999999999955e+02 0.000000000000000000e+00 1.113152343777163433e-01
9.631322000000000116e+02 0.000000000000000000e+00 1.073546066329313098e-01
9.638219000000000278e+02 0.000000000000000000e+00 1.043783525032437876e-01
9.645116000000000440e+02 0.000000000000000000e+00 1.038927115113502803e-01
9.652012300000000096e+02 0.000000000000000000e+00 1.034071198088136606e-01
9.658908699999999499e+02 0.000000000000000000e+00 1.115347579481719004e-01
9.665805100000000039e+02 0.000000000000000000e+00 1.224758745545687921e-01
9.672701399999999694e+02 0.000000000000000000e+00 1.317014219467095293e-01
9.679597199999999475e+02 0.000000000000000000e+00 1.349931871535674233e-01
9.686492899999999509e+02 0.000000000000000000e+00 1.382849046246267255e-01
9.693388700000000426e+02 0.000000000000000000e+00 1.422015797036635942e-01
9.700283799999999701e+02 0.000000000000000000e+00 1.463925422046357117e-01
9.707178999999999860e+02 0.000000000000000000e+00 1.509965841533111031e-01
9.714073499999999513e+02 0.000000000000000000e+00 1.576940348377073031e-01
9.720968599999999924e+02 0.000000000000000000e+00 1.643920683737121191e-01
9.727863200000000461e+02 0.000000000000000000e+00 1.668226686647568402e-01
9.734757100000000491e+02 0.000000000000000000e+00 1.667969006039009272e-01
9.741651600000000144e+02 0.000000000000000000e+00 1.678903202441899001e-01
9.748545500000000175e+02 0.000000000000000000e+00 1.785866990610956162e-01
9.755438799999999446e+02 0.000000000000000000e+00 1.892821469350955410e-01
9.762332800000000361e+02 0.000000000000000000e+00 1.909298920568222868e-01
9.769226099999999633e+02 0.000000000000000000e+00 1.858592297118503989e-01
9.776119400000000041e+02 0.000000000000000000e+00 1.813243530967596773e-01
9.783012099999999691e+02 0.000000000000000000e+00 1.886017236997938051e-01
9.789904800000000478e+02 0.000000000000000000e+00 1.958790943028291265e-01
9.796797500000000127e+02 0.000000000000000000e+00 2.051351139726044492e-01
9.803690199999999777e+02 0.000000000000000000e+00 2.162723551343471162e-01
9.810582299999999805e+02 0.000000000000000000e+00 2.274086268146539025e-01
9.817474399999999832e+02 0.000000000000000000e+00 2.333987268088466294e-01
9.824365800000000490e+02 0.000000000000000000e+00 2.392921483776528357e-01
9.831257299999999759e+02 0.000000000000000000e+00 2.457392278135990260e-01
9.838148800000000165e+02 0.000000000000000000e+00 2.528614458785327646e-01
9.845040299999999434e+02 0.000000000000000000e+00 2.599836639434652819e-01
9.851931200000000217e+02 0.000000000000000000e+00 2.666613173786486213e-01
9.858822000000000116e+02 0.000000000000000000e+00 2.732999094270492368e-01
9.865712899999999763e+02 0.000000000000000000e+00 2.816139901855886363e-01
9.872603100000000040e+02 0.000000000000000000e+00 2.925710899976421975e-01
9.879493400000000065e+02 0.000000000000000000e+00 3.035283488341041225e-01
9.886383700000000090e+02 0.000000000000000000e+00 3.102999875023741971e-01
9.893273299999999608e+02 0.000000000000000000e+00 3.163687137000829597e-01
9.900163000000000011e+02 0.000000000000000000e+00 3.224814535961471051e-01
9.907052599999999529e+02 0.000000000000000000e+00 3.286855390130483112e-01
9.913941700000000310e+02 0.000000000000000000e+00 3.348891741799058797e-01
9.920830700000000206e+02 0.000000000000000000e+00 3.390129475601580955e-01
9.927719700000000103e+02 0.000000000000000000e+00 3.425919170671565817e-01
9.934608799999999746e+02 0.000000000000000000e+00 3.444602595273232315e-01
9.941497200000000021e+02 0.000000000000000000e+00 3.414721605029361062e-01
9.948385600000000295e+02 0.000000000000000000e+00 3.384840614785489810e-01
9.955273399999999810e+02 0.000000000000000000e+00 3.369790744308017727e-01
9.962161300000000210e+02 0.000000000000000000e+00 3.360277393761563758e-01
9.969049099999999726e+02 0.000000000000000000e+00 3.330780238786370528e-01
9.975936900000000378e+02 0.000000000000000000e+00 3.219132251804106559e-01
9.982824100000000271e+02 0.000000000000000000e+00 3.107493990538656714e-01
9.989711300000000165e+02 0.000000000000000000e+00 3.033834363326374239e-01
9.996597900000000436e+02 0.000000000000000000e+00 2.979470759344440833e-01
1.000348449999999957e+03 0.000000000000000000e+00 2.919556379879275632e-01
1.001037109999999984e+03 0.000000000000000000e+00 2.822587860774832813e-01
1.001725770000000011e+03 0.000000000000000000e+00 2.725619341670390550e-01
1.002414369999999963e+03 0.000000000000000000e+00 2.626167475164776222e-01
1.003102970000000028e+03 0.000000000000000000e+00 2.525035815583435705e-01
1.003791560000000004e+03 0.000000000000000000e+00 2.425032799214341672e-01
1.004480099999999993e+03 0.000000000000000000e+00 2.341475037925593305e-01
1.005168639999999982e+03 0.000000000000000000e+00 2.257917276636844939e-01
1.005857179999999971e+03 0.000000000000000000e+00 2.179086861533119091e-01
1.006545650000000023e+03 0.000000000000000000e+00 2.104442676282793634e-01
1.007234130000000050e+03 0.000000000000000000e+00 2.029797406828580675e-01
1.007922609999999963e+03 0.000000000000000000e+00 1.947475922323617381e-01
1.008611020000000053e+03 0.000000000000000000e+00 1.865142330357402178e-01
1.009299440000000004e+03 0.000000000000000000e+00 1.789063040618316947e-01
1.009987849999999980e+03 0.000000000000000000e+00 1.720219861876225442e-01
1.010676270000000045e+03 0.000000000000000000e+00 1.651375683102476177e-01
1.011364619999999945e+03 0.000000000000000000e+00 1.621047205975755245e-01
1.012052919999999972e+03 0.000000000000000000e+00 1.593621347549807332e-01
1.012741269999999986e+03 0.000000000000000000e+00 1.530292630990545411e-01
1.013429570000000012e+03 0.000000000000000000e+00 1.412172139116785186e-01
1.014117859999999951e+03 0.000000000000000000e+00 1.294053363362346609e-01
1.014806090000000040e+03 0.000000000000000000e+00 1.255696040463713248e-01
1.015494320000000016e+03 0.000000000000000000e+00 1.230124385448698870e-01
1.016182559999999967e+03 0.000000000000000000e+00 1.208984464946388088e-01
1.016870790000000056e+03 0.000000000000000000e+00 1.196948941771097258e-01
1.017558959999999956e+03 0.000000000000000000e+00 1.184914467854619319e-01
1.018247129999999970e+03 0.000000000000000000e+00 1.135014132161070444e-01
1.018935240000000022e+03 0.000000000000000000e+00 1.075228966776673317e-01
1.019623349999999959e+03 0.000000000000000000e+00 1.027675618906947197e-01
1.020311460000000011e+03 0.000000000000000000e+00 1.015279811740651961e-01
1.020999569999999949e+03 0.000000000000000000e+00 1.002884004574358806e-01
1.021687620000000038e+03 0.000000000000000000e+00 1.021720869129019715e-01
1.022375670000000014e+03 0.000000000000000000e+00 1.052499108848443388e-01
1.023063719999999989e+03 0.000000000000000000e+00 1.071729930203691034e-01
1.023751710000000003e+03 0.000000000000000000e+00 1.041223221046105457e-01
1.024439699999999903e+03 0.000000000000000000e+00 1.010716511888525015e-01
1.025127690000000030e+03 0.000000000000000000e+00 1.003586113327897683e-01
1.025815550000000030e+03 0.000000000000000000e+00 1.008860023488380581e-01
1.026503539999999930e+03 0.000000000000000000e+00 1.012689436905514911e-01
1.027191409999999905e+03 0.000000000000000000e+00 1.005677745735807094e-01
1.027879269999999906e+03 0.000000000000000000e+00 9.986661564994754603e-02
1.028567140000000109e+03 0.000000000000000000e+00 9.957724863073126598e-02
1.029255000000000109e+03 0.000000000000000000e+00 9.958333633192222034e-02
1.029942870000000084e+03 0.000000000000000000e+00 9.961047358328299628e-02
1.030630619999999908e+03 0.000000000000000000e+00 1.000675022100600275e-01
1.031318479999999909e+03 0.000000000000000000e+00 1.005246039348363790e-01
1.032006229999999960e+03 0.000000000000000000e+00 1.026330107515446011e-01
1.032693970000000036e+03 0.000000000000000000e+00 1.063227262093223990e-01
1.033381710000000112e+03 0.000000000000000000e+00 1.100124416671001831e-01
1.034069340000000011e+03 0.000000000000000000e+00 1.132174817409344753e-01
1.034757080000000087e+03 0.000000000000000000e+00 1.164105111181044649e-01
1.035444700000000012e+03 0.000000000000000000e+00 1.205656377368571897e-01
1.036132319999999936e+03 0.000000000000000000e+00 1.259535166273675066e-01
1.036820069999999987e+03 0.000000000000000000e+00 1.313424141390006072e-01
1.037507569999999987e+03 0.000000000000000000e+00 1.368918164615426369e-01
1.038195189999999911e+03 0.000000000000000000e+00 1.424598080923774046e-01
1.038882810000000063e+03 0.000000000000000000e+00 1.471526429912313749e-01
1.039570310000000063e+03 0.000000000000000000e+00 1.503258155471124957e-01
1.040257810000000063e+03 0.000000000000000000e+00 1.534989881029935888e-01
1.040945310000000063e+03 0.000000000000000000e+00 1.585379802033757557e-01
1.041632810000000063e+03 0.000000000000000000e+00 1.639622970980427752e-01
1.042320310000000063e+03 0.000000000000000000e+00 1.687899867027386758e-01
1.043007689999999911e+03 0.000000000000000000e+00 1.721710101711151353e-01
1.043695189999999911e+03 0.000000000000000000e+00 1.755526238847950893e-01
1.044382569999999987e+03 0.000000000000000000e+00 1.768651861290073124e-01
1.045069950000000063e+03 0.000000000000000000e+00 1.775069096381653444e-01
1.045757319999999936e+03 0.000000000000000000e+00 1.790412026743208040e-01
1.046444700000000012e+03 0.000000000000000000e+00 1.837826557216031276e-01
1.047131959999999935e+03 0.000000000000000000e+00 1.885232810253281988e-01
1.047819340000000011e+03 0.000000000000000000e+00 1.888195653402295338e-01
1.048506589999999960e+03 0.000000000000000000e+00 1.870276577712800536e-01
1.049193850000000111e+03 0.000000000000000000e+00 1.852419935306973964e-01
1.049881100000000060e+03 0.000000000000000000e+00 1.834940406168593108e-01
1.050568359999999984e+03 0.000000000000000000e+00 1.817460622690029171e-01
1.051255490000000009e+03 0.000000000000000000e+00 1.803325658069941106e-01
1.051942749999999933e+03 0.000000000000000000e+00 1.791370976374023760e-01
1.052629879999999957e+03 0.000000000000000000e+00 1.777275034967357170e-01
1.053317019999999957e+03 0.000000000000000000e+00 1.733315208745546676e-01
1.054004149999999981e+03 0.000000000000000000e+00 1.689356022274385305e-01
1.054691280000000006e+03 0.000000000000000000e+00 1.644206776914239887e-01
1.055378300000000081e+03 0.000000000000000000e+00 1.598004019760928540e-01
1.056065430000000106e+03 0.000000000000000000e+00 1.551793865001602213e-01
1.056752439999999979e+03 0.000000000000000000e+00 1.524477063874777050e-01
1.057439450000000079e+03 0.000000000000000000e+00 1.497336372587321218e-01
1.058126459999999952e+03 0.000000000000000000e+00 1.448908932752431267e-01
1.058813480000000027e+03 0.000000000000000000e+00 1.374693138089959632e-01
1.059500489999999900e+03 0.000000000000000000e+00 1.300478423684192919e-01
1.060187380000000076e+03 0.000000000000000000e+00 1.287033528890607070e-01
1.060874270000000024e+03 0.000000000000000000e+00 1.279332045756559899e-01
1.061561159999999973e+03 0.000000000000000000e+00 1.267336279462908943e-01
1.062248049999999921e+03 0.000000000000000000e+00 1.248171948469118941e-01
1.062934940000000097e+03 0.000000000000000000e+00 1.229007617475322695e-01
1.063621830000000045e+03 0.000000000000000000e+00 1.219134540783000237e-01
1.064308590000000095e+03 0.000000000000000000e+00 1.211086011857571559e-01
1.064995480000000043e+03 0.000000000000000000e+00 1.198406523195476442e-01
1.065682250000000067e+03 0.000000000000000000e+00 1.174761629094755316e-01
1.066369020000000091e+03 0.000000000000000000e+00 1.151116734994034191e-01
1.067055659999999989e+03 0.000000000000000000e+00 1.169464272272956185e-01
1.067742430000000013e+03 0.000000000000000000e+00 1.201258692007963758e-01
1.068429080000000113e+03 0.000000000000000000e+00 1.221540879893376064e-01
1.069115839999999935e+03 0.000000000000000000e+00 1.200533357555492453e-01
1.069802490000000034e+03 0.000000000000000000e+00 1.179529200042950116e-01
1.070489139999999907e+03 0.000000000000000000e+00 1.173927081795491795e-01
1.071175780000000032e+03 0.000000000000000000e+00 1.175626318252805808e-01
1.071862300000000005e+03 0.000000000000000000e+00 1.176058073360156109e-01
1.072548950000000104e+03 0.000000000000000000e+00 1.168618475915848692e-01
1.073235470000000078e+03 0.000000000000000000e+00 1.161180286973206854e-01
1.073922000000000025e+03 0.000000000000000000e+00 1.169824675266080000e-01
1.074608519999999999e+03 0.000000000000000000e+00 1.189249547233033472e-01
1.075295039999999972e+03 0.000000000000000000e+00 1.208135957400243710e-01
1.075981569999999920e+03 0.000000000000000000e+00 1.218383431350452545e-01
1.076667969999999968e+03 0.000000000000000000e+00 1.228628964858710371e-01
1.077354370000000017e+03 0.000000000000000000e+00 1.222778427243632754e-01
1.078040770000000066e+03 0.000000000000000000e+00 1.201964229255949174e-01
1.078727169999999887e+03 0.000000000000000000e+00 1.181150031268272393e-01
1.079413569999999936e+03 0.000000000000000000e+00 1.165112920737857577e-01
1.080099979999999960e+03 0.000000000000000000e+00 1.149185097609067563e-01
1.080786250000000109e+03 0.000000000000000000e+00 1.126573242140800762e-01
1.081472659999999905e+03 0.000000000000000000e+00 1.095340711633225189e-01
1.082158940000000030e+03 0.000000000000000000e+00 1.064114096291448042e-01
1.082845209999999952e+03 0.000000000000000000e+00 1.076059979579112730e-01
1.083531369999999924e+03 0.000000000000000000e+00 1.092997774372669872e-01
1.084217650000000049e+03 0.000000000000000000e+00 1.086765684461918485e-01
1.084903929999999946e+03 0.000000000000000000e+00 1.038436597007152823e-01
1.085590089999999918e+03 0.000000000000000000e+00 9.901159601709261238e-02
1.086276249999999891e+03 0.000000000000000000e+00 9.506015553440058663e-02
1.086962399999999889e+03 0.000000000000000000e+00 9.131010491683964891e-02
1.087648560000000089e+03 0.000000000000000000e+00 8.861529949386150184e-02
1.088334589999999935e+03 0.000000000000000000e+00 8.873208917959431175e-02
1.089020749999999907e+03 0.000000000000000000e+00 8.884890099651548967e-02
1.089706789999999955e+03 0.000000000000000000e+00 8.574312970355428554e-02
1.090392820000000029e+03 0.000000000000000000e+00 8.145345666382190764e-02
1.091078860000000077e+03 0.000000000000000000e+00 7.846703057055232078e-02
1.091764889999999923e+03 0.000000000000000000e+00 8.105472743354751042e-02
1.092450810000000047e+03 0.000000000000000000e+00 8.364200937787409640e-02
1.093136839999999893e+03 0.000000000000000000e+00 8.279514165519998026e-02
1.093822750000000042e+03 0.000000000000000000e+00 8.007906979997106434e-02
1.094508669999999938e+03 0.000000000000000000e+00 7.804808980147688591e-02
1.095194580000000087e+03 0.000000000000000000e+00 8.181278673674888258e-02
1.095880490000000009e+03 0.000000000000000000e+00 8.557748367201964412e-02
1.096566409999999905e+03 0.000000000000000000e+00 8.506125486718088546e-02
1.097252199999999903e+03 0.000000000000000000e+00 8.122886859430253348e-02
1.097937989999999900e+03 0.000000000000000000e+00 7.744002005048562787e-02
1.098623779999999897e+03 0.000000000000000000e+00 7.569793440625530168e-02
1.099309569999999894e+03 0.000000000000000000e+00 7.395584876202497548e-02
1.099995359999999891e+03 0.000000000000000000e+00 7.517729817059368158e-02
1.100681149999999889e+03 0.000000000000000000e+00 7.962680146054738894e-02
1.101366819999999962e+03 0.000000000000000000e+00 8.407552617339374146e-02
1.102052490000000034e+03 0.000000000000000000e+00 8.687800554209866577e-02
1.102738160000000107e+03 0.000000000000000000e+00 8.956741181862530599e-02
1.103423829999999953e+03 0.000000000000000000e+00 9.161131526671879854e-02
1.104109500000000025e+03 0.000000000000000000e+00 9.265787164470874748e-02
1.104795170000000098e+03 0.000000000000000000e+00 9.370442802269869642e-02
1.105480710000000045e+03 0.000000000000000000e+00 9.587834935980349416e-02
1.106166259999999966e+03 0.000000000000000000e+00 9.825144711928784913e-02
1.106851809999999887e+03 0.000000000000000000e+00 1.006993887542899091e-01
1.107537350000000060e+03 0.000000000000000000e+00 1.033165356791738154e-01
1.108222899999999981e+03 0.000000000000000000e+00 1.059337207804859210e-01
1.108908449999999903e+03 0.000000000000000000e+00 1.102668057992085143e-01
1.109593869999999924e+03 0.000000000000000000e+00 1.151309077530902336e-01
1.110279299999999921e+03 0.000000000000000000e+00 1.199201125156423436e-01
1.110964719999999943e+03 0.000000000000000000e+00 1.244428239505702694e-01
1.111650149999999940e+03 0.000000000000000000e+00 1.289656013700248294e-01
1.112335569999999962e+03 0.000000000000000000e+00 1.347843520469926004e-01
1.113020999999999958e+03 0.000000000000000000e+00 1.412247409951685739e-01
1.113706300000000056e+03 0.000000000000000000e+00 1.481527808232861454e-01
1.114391599999999926e+03 0.000000000000000000e+00 1.582957040500715395e-01
1.115076900000000023e+03 0.000000000000000000e+00 1.684386272768603199e-01
1.115762210000000096e+03 0.000000000000000000e+00 1.770655052479176983e-01
1.116447509999999966e+03 0.000000000000000000e+00 1.846306536972569523e-01
1.117132689999999911e+03 0.000000000000000000e+00 1.923176212317073697e-01
1.117817990000000009e+03 0.000000000000000000e+00 2.027045508580881394e-01
1.118503169999999955e+03 0.000000000000000000e+00 2.130896616729166526e-01
1.119188349999999900e+03 0.000000000000000000e+00 2.242433932910399830e-01
1.119873540000000048e+03 0.000000000000000000e+00 2.361684072871311213e-01
1.120558590000000095e+03 0.000000000000000000e+00 2.480909847299149484e-01
1.121243770000000040e+03 0.000000000000000000e+00 2.586149050955476314e-01
1.121928830000000062e+03 0.000000000000000000e+00 2.690703124296949245e-01
1.122613890000000083e+03 0.000000000000000000e+00 2.800170539374067791e-01
1.123298950000000104e+03 0.000000000000000000e+00 2.916713259555368531e-01
1.123984009999999898e+03 0.000000000000000000e+00 3.033255979736630414e-01
1.124669069999999920e+03 0.000000000000000000e+00 3.133052316906170809e-01
1.125354000000000042e+03 0.000000000000000000e+00 3.230215145340022964e-01
1.126039060000000063e+03 0.000000000000000000e+00 3.323236874275996011e-01
1.126723999999999933e+03 0.000000000000000000e+00 3.407391327723818808e-01
1.127408940000000030e+03 0.000000000000000000e+00 3.491545781171669915e-01
1.128093869999999924e+03 0.000000000000000000e+00 3.589918072843915620e-01
1.128778690000000097e+03 0.000000000000000000e+00 3.692412573799735975e-01
1.129463619999999992e+03 0.000000000000000000e+00 3.782310164174535472e-01
1.130148439999999937e+03 0.000000000000000000e+00 3.829779024346806060e-01
1.130833249999999907e+03 0.000000000000000000e+00 3.877247191360873591e-01
1.131518070000000080e+03 0.000000000000000000e+00 3.901709676264638604e-01
1.132202880000000050e+03 0.000000000000000000e+00 3.915514845127779364e-01
1.132887699999999995e+03 0.000000000000000000e+00 3.934917921192584989e-01
1.133572390000000041e+03 0.000000000000000000e+00 3.989388883084136195e-01
1.134257080000000087e+03 0.000000000000000000e+00 4.043859844975686846e-01
1.134941769999999906e+03 0.000000000000000000e+00 4.033013803935403541e-01
1.135626459999999952e+03 0.000000000000000000e+00 3.977100909237173409e-01
1.136311159999999973e+03 0.000000000000000000e+00 3.923256172333843272e-01
1.136995850000000019e+03 0.000000000000000000e+00 3.912670650331021571e-01
1.137680419999999913e+03 0.000000000000000000e+00 3.902086983565813960e-01
1.138364990000000034e+03 0.000000000000000000e+00 3.869798379071193728e-01
1.139049559999999929e+03 0.000000000000000000e+00 3.815742812822280339e-01
1.139734130000000050e+03 0.000000000000000000e+00 3.761687246573349186e-01
1.140418699999999944e+03 0.000000000000000000e+00 3.729803380701573468e-01
1.141103149999999914e+03 0.000000000000000000e+00 3.699024605470533356e-01
1.141787720000000036e+03 0.000000000000000000e+00 3.670919549323089504e-01
1.142472170000000006e+03 0.000000000000000000e+00 3.646737973649707976e-01
1.143156619999999975e+03 0.000000000000000000e+00 3.622556397976327003e-01
1.143841059999999970e+03 0.000000000000000000e+00 3.608027819729338059e-01
1.144525509999999940e+03 0.000000000000000000e+00 3.595082059816408493e-01
1.145209839999999986e+03 0.000000000000000000e+00 3.585580358426495029e-01
1.145894289999999955e+03 0.000000000000000000e+00 3.583662059753630613e-01
1.146578610000000026e+03 0.000000000000000000e+00 3.581744125429991987e-01
1.147262940000000071e+03 0.000000000000000000e+00 3.576917339448050237e-01
1.147947269999999889e+03 0.000000000000000000e+00 3.571198225709710794e-01
1.148631470000000036e+03 0.000000000000000000e+00 3.569686738604703202e-01
1.149315800000000081e+03 0.000000000000000000e+00 3.583297094442419728e-01
1.150000000000000000e+03 0.000000000000000000e+00 3.596904864763996179e-01
1.150684199999999919e+03 0.000000000000000000e+00 3.623045454631084739e-01
1.151368410000000040e+03 0.000000000000000000e+00 3.655351237867915382e-01
1.152052609999999959e+03 0.000000000000000000e+00 3.685454677276964741e-01
1.152736820000000080e+03 0.000000000000000000e+00 3.699795487790590309e-01
1.153420900000000074e+03 0.000000000000000000e+00 3.714133573548120126e-01
1.154104980000000069e+03 0.000000000000000000e+00 3.724528995907819828e-01
1.154789060000000063e+03 0.000000000000000000e+00 3.732005390237925213e-01
1.155473140000000058e+03 0.000000000000000000e+00 3.738856928121821466e-01
1.156157230000000027e+03 0.000000000000000000e+00 3.722825988980685841e-01
1.156841310000000021e+03 0.000000000000000000e+00 3.706795284179170147e-01
1.157525270000000091e+03 0.000000000000000000e+00 3.688463142607539269e-01
1.158209229999999934e+03 0.000000000000000000e+00 3.667619640031731243e-01
1.158893190000000004e+03 0.000000000000000000e+00 3.646776137455916555e-01
1.159577150000000074e+03 0.000000000000000000e+00 3.588453570315219276e-01
1.160261109999999917e+03 0.000000000000000000e+00 3.527311719071063445e-01
1.160945069999999987e+03 0.000000000000000000e+00 3.466982335049687558e-01
1.161628909999999905e+03 0.000000000000000000e+00 3.407980035585016498e-01
1.162312740000000076e+03 0.000000000000000000e+00 3.348978598928867845e-01
1.162996579999999994e+03 0.000000000000000000e+00 3.260370320452783410e-01
1.163680419999999913e+03 0.000000000000000000e+00 3.165822843652369989e-01
1.164364260000000058e+03 0.000000000000000000e+00 3.074896906495628301e-01
1.165047970000000078e+03 0.000000000000000000e+00 2.993116518705457585e-01
1.165731809999999996e+03 0.000000000000000000e+00 2.911320581266453322e-01
1.166415529999999990e+03 0.000000000000000000e+00 2.836251548765646446e-01
1.167099240000000009e+03 0.000000000000000000e+00 2.763605388776604888e-01
1.167782840000000078e+03 0.000000000000000000e+00 2.683617019774174883e-01
1.168466550000000097e+03 0.000000000000000000e+00 2.571329066475409042e-01
1.169150270000000091e+03 0.000000000000000000e+00 2.459039470843592534e-01
1.169833859999999959e+03 0.000000000000000000e+00 2.387262913903600570e-01
1.170517460000000028e+03 0.000000000000000000e+00 2.338635105817759019e-01
1.171201049999999896e+03 0.000000000000000000e+00 2.289095093604030795e-01
1.171884639999999990e+03 0.000000000000000000e+00 2.229927209755600548e-01
1.172568119999999908e+03 0.000000000000000000e+00 2.170768846917182082e-01
1.173251710000000003e+03 0.000000000000000000e+00 2.119958899928579554e-01
1.173935179999999946e+03 0.000000000000000000e+00 2.076368882327649934e-01
1.174618649999999889e+03 0.000000000000000000e+00 2.032778864726720036e-01
1.175302120000000059e+03 0.000000000000000000e+00 1.984053005644067780e-01
1.175985599999999977e+03 0.000000000000000000e+00 1.935257626635770445e-01
1.176668949999999995e+03 0.000000000000000000e+00 1.897374370550947986e-01
1.177352419999999938e+03 0.000000000000000000e+00 1.873546536926387618e-01
1.178035769999999957e+03 0.000000000000000000e+00 1.849722886865163007e-01
1.178719119999999975e+03 0.000000000000000000e+00 1.812500691891204274e-01
1.179402469999999994e+03 0.000000000000000000e+00 1.773564281766155382e-01
1.180085690000000113e+03 0.000000000000000000e+00 1.750805706406370066e-01
1.180769039999999904e+03 0.000000000000000000e+00 1.759968886434267188e-01
1.181452269999999999e+03 0.000000000000000000e+00 1.769130457357605268e-01
1.182135500000000093e+03 0.000000000000000000e+00 1.755659654532537861e-01
1.182818729999999960e+03 0.000000000000000000e+00 1.736005622394165837e-01
1.183501950000000079e+03 0.000000000000000000e+00 1.711756542802229109e-01
1.184185179999999946e+03 0.000000000000000000e+00 1.672513260986067951e-01
1.184868289999999888e+03 0.000000000000000000e+00 1.633276871715337586e-01
1.185551390000000083e+03 0.000000000000000000e+00 1.623984922306900003e-01
1.186234500000000025e+03 0.000000000000000000e+00 1.628545594563066412e-01
1.186917599999999993e+03 0.000000000000000000e+00 1.630789483685235741e-01
1.187600709999999935e+03 0.000000000000000000e+00 1.617877387459863703e-01
1.188283809999999903e+03 0.000000000000000000e+00 1.604965480253774113e-01
1.188966799999999921e+03 0.000000000000000000e+00 1.597248747640117039e-01
1.189649779999999964e+03 0.000000000000000000e+00 1.593273609087385578e-01
1.190332760000000007e+03 0.000000000000000000e+00 1.588890354471577393e-01
1.191015750000000025e+03 0.000000000000000000e+00 1.571239452062956343e-01
1.191698730000000069e+03 0.000000000000000000e+00 1.553588808090071438e-01
1.192381589999999960e+03 0.000000000000000000e+00 1.547750064274659165e-01
1.193064579999999978e+03 0.000000000000000000e+00 1.554798687927786971e-01
1.193747440000000097e+03 0.000000000000000000e+00 1.561845969949157142e-01
1.194430299999999988e+03 0.000000000000000000e+00 1.558896454207076010e-01
1.195113160000000107e+03 0.000000000000000000e+00 1.555154272975487750e-01
1.195795900000000074e+03 0.000000000000000000e+00 1.543317637816433996e-01
1.196478759999999966e+03 0.000000000000000000e+00 1.517950008118509608e-01
1.197161499999999933e+03 0.000000000000000000e+00 1.492586836311751153e-01
1.197844239999999900e+03 0.000000000000000000e+00 1.503681912888477079e-01
1.198526980000000094e+03 0.000000000000000000e+00 1.522656766864044775e-01
1.199209720000000061e+03 0.000000000000000000e+00 1.528773936225856778e-01
1.199892329999999902e+03 0.000000000000000000e+00 1.500130497816406505e-01
1.200575070000000096e+03 0.000000000000000000e+00 1.471481604393107268e-01
1.201257689999999911e+03 0.000000000000000000e+00 1.440338990644711992e-01
1.201940309999999954e+03 0.000000000000000000e+00 1.408212303148992928e-01
1.202622920000000022e+03 0.000000000000000000e+00 1.379732284621195126e-01
1.203305540000000065e+03 0.000000000000000000e+00 1.369745115587757689e-01
1.203988039999999955e+03 0.000000000000000000e+00 1.359759702231395917e-01
1.204670650000000023e+03 0.000000000000000000e+00 1.338659436412997228e-01
1.205353149999999914e+03 0.000000000000000000e+00 1.310511139100171973e-01
1.206035640000000058e+03 0.000000000000000000e+00 1.283750867467213785e-01
1.206718139999999948e+03 0.000000000000000000e+00 1.279186389411364200e-01
1.207400509999999940e+03 0.000000000000000000e+00 1.274622780779905706e-01
1.208083010000000058e+03 0.000000000000000000e+00 1.266488461285247002e-01
1.208765380000000050e+03 0.000000000000000000e+00 1.254863565329042696e-01
1.209447750000000042e+03 0.000000000000000000e+00 1.243238669372838251e-01
1.210130130000000008e+03 0.000000000000000000e+00 1.230447948831993044e-01
1.210812500000000000e+03 0.000000000000000000e+00 1.217599170932544272e-01
1.211494750000000067e+03 0.000000000000000000e+00 1.205496917576256571e-01
1.212177120000000059e+03 0.000000000000000000e+00 1.194515481523466122e-01
1.212859380000000101e+03 0.000000000000000000e+00 1.183535815709644418e-01
1.213541629999999941e+03 0.000000000000000000e+00 1.176658526196074778e-01
1.214223880000000008e+03 0.000000000000000000e+00 1.170533370010426039e-01
1.214906009999999924e+03 0.000000000000000000e+00 1.164092261882591489e-01
1.215588259999999991e+03 0.000000000000000000e+00 1.156878084669425433e-01
1.216270389999999907e+03 0.000000000000000000e+00 1.149665176347819256e-01
1.216952510000000075e+03 0.000000000000000000e+00 1.125846216781172388e-01
1.217634639999999990e+03 0.000000000000000000e+00 1.096099017003643178e-01
1.218316769999999906e+03 0.000000000000000000e+00 1.075065150882013043e-01
1.218998900000000049e+03 0.000000000000000000e+00 1.093007616151665945e-01
1.219680910000000040e+03 0.000000000000000000e+00 1.110946924990968421e-01
1.220363039999999955e+03 0.000000000000000000e+00 1.102549955030317635e-01
1.221045039999999972e+03 0.000000000000000000e+00 1.078576167719823842e-01
1.221727049999999963e+03 0.000000000000000000e+00 1.056529303070304487e-01
1.222408940000000030e+03 0.000000000000000000e+00 1.058627186423261174e-01
1.223090940000000046e+03 0.000000000000000000e+00 1.060725408199084813e-01
1.223772830000000113e+03 0.000000000000000000e+00 1.045217880481048023e-01
1.224454709999999977e+03 0.000000000000000000e+00 1.013392881619335911e-01
1.225136600000000044e+03 0.000000000000000000e+00 9.815674160332808762e-02
1.225818479999999909e+03 0.000000000000000000e+00 1.000289707304617276e-01
1.226500369999999975e+03 0.000000000000000000e+00 1.020898772964830975e-01
1.227182129999999916e+03 0.000000000000000000e+00 1.025045411716920679e-01
1.227864010000000007e+03 0.000000000000000000e+00 1.005401913460616664e-01
1.228545779999999922e+03 0.000000000000000000e+00 9.857615840680594710e-02
1.229227540000000090e+03 0.000000000000000000e+00 9.818999532496867910e-02
1.229909180000000106e+03 0.000000000000000000e+00 9.807420646476849857e-02
1.230590940000000046e+03 0.000000000000000000e+00 9.788130985243932713e-02
1.231272580000000062e+03 0.000000000000000000e+00 9.750698614926221752e-02
1.231954349999999977e+03 0.000000000000000000e+00 9.713259105637590818e-02
1.232635989999999993e+03 0.000000000000000000e+00 9.564092897304649066e-02
1.233317630000000008e+03 0.000000000000000000e+00 9.376246675707944345e-02
1.233999150000000100e+03 0.000000000000000000e+00 9.229083897487594390e-02
1.234680789999999888e+03 0.000000000000000000e+00 9.258863247095597271e-02
1.235362300000000005e+03 0.000000000000000000e+00 9.288636917290069017e-02
1.236043820000000096e+03 0.000000000000000000e+00 9.173395812414203432e-02
1.236725339999999960e+03 0.000000000000000000e+00 8.973292647581093684e-02
1.237406860000000052e+03 0.000000000000000000e+00 8.799444510428994226e-02
1.238088379999999916e+03 0.000000000000000000e+00 8.950018715292677729e-02
1.238769780000000083e+03 0.000000000000000000e+00 9.100566407501503585e-02
1.239451170000000047e+03 0.000000000000000000e+00 9.191097048706627082e-02
1.240132569999999987e+03 0.000000000000000000e+00 9.225845794127429667e-02
1.240813959999999952e+03 0.000000000000000000e+00 9.260594029587192189e-02
1.241495359999999891e+03 0.000000000000000000e+00 9.236834645551474099e-02
1.242176760000000058e+03 0.000000000000000000e+00 9.210765006360635554e-02
1.242858030000000099e+03 0.000000000000000000e+00 9.201050217557592281e-02
1.243539309999999887e+03 0.000000000000000000e+00 9.215307814397016850e-02
1.244220579999999927e+03 0.000000000000000000e+00 9.229565201959835652e-02
1.244901859999999942e+03 0.000000000000000000e+00 9.350509817676998237e-02
1.245583129999999983e+03 0.000000000000000000e+00 9.490487587011597892e-02
1.246264280000000099e+03 0.000000000000000000e+00 9.611284408846240690e-02
1.246945429999999988e+03 0.000000000000000000e+00 9.685538113814697037e-02
1.247626590000000078e+03 0.000000000000000000e+00 9.759792908905837172e-02
1.248307739999999967e+03 0.000000000000000000e+00 9.951620909462519093e-02
1.248988890000000083e+03 0.000000000000000000e+00 1.018604583961680715e-01
1.249670039999999972e+03 0.000000000000000000e+00 1.042412385055425522e-01
1.250351069999999936e+03 0.000000000000000000e+00 1.067915712372145554e-01
1.251032099999999900e+03 0.000000000000000000e+00 1.093419039688865724e-01
1.251713130000000092e+03 0.000000000000000000e+00 1.119359338958678951e-01
1.252394170000000031e+03 0.000000000000000000e+00 1.145568664170148188e-01
1.253075199999999995e+03 0.000000000000000000e+00 1.171392043230064517e-01
1.253756100000000060e+03 0.000000000000000000e+00 1.191380962160242807e-01
1.254437130000000025e+03 0.000000000000000000e+00 1.211373697450325443e-01
1.255118040000000065e+03 0.000000000000000000e+00 1.239876850566493383e-01
1.255798950000000104e+03 0.000000000000000000e+00 1.276760820038889133e-01
1.256479739999999993e+03 0.000000000000000000e+00 1.313638289274333959e-01
1.257160640000000058e+03 0.000000000000000000e+00 1.360131220793836249e-01
1.257841429999999946e+03 0.000000000000000000e+00 1.407166552760355516e-01
1.258522220000000061e+03 0.000000000000000000e+00 1.438832338249741993e-01
1.259202999999999975e+03 0.000000000000000000e+00 1.446221212370568665e-01
1.259883790000000090e+03 0.000000000000000000e+00 1.453610195026814322e-01
1.260564579999999978e+03 0.000000000000000000e+00 1.487000597884232389e-01
1.261245239999999967e+03 0.000000000000000000e+00 1.525742369306038182e-01
1.261926030000000083e+03 0.000000000000000000e+00 1.562671294962584279e-01
1.262606690000000071e+03 0.000000000000000000e+00 1.594691627771967490e-01
1.263287350000000060e+03 0.000000000000000000e+00 1.626711960581350702e-01
1.263968020000000024e+03 0.000000000000000000e+00 1.665911813702529720e-01
1.264648560000000089e+03 0.000000000000000000e+00 1.708007832797579229e-01
1.265329220000000078e+03 0.000000000000000000e+00 1.746313256380854773e-01
1.266009769999999889e+03 0.000000000000000000e+00 1.763614883233392272e-01
1.266690309999999954e+03 0.000000000000000000e+00 1.780916255855874153e-01
1.267370850000000019e+03 0.000000000000000000e+00 1.806452670129047033e-01
1.268051269999999931e+03 0.000000000000000000e+00 1.837614502441891617e-01
1.268731809999999996e+03 0.000000000000000000e+00 1.867727924031802600e-01
1.269412229999999909e+03 0.000000000000000000e+00 1.868607007151166233e-01
1.270092650000000049e+03 0.000000000000000000e+00 1.869486090270530143e-01
1.270773069999999962e+03 0.000000000000000000e+00 1.879721204206216134e-01
1.271453490000000102e+03 0.000000000000000000e+00 1.900279807923268560e-01
1.272133910000000014e+03 0.000000000000000000e+00 1.920838411640314325e-01
1.272814210000000003e+03 0.000000000000000000e+00 1.927952273232604596e-01
1.273494509999999991e+03 0.000000000000000000e+00 1.933831025500367673e-01
1.274174800000000005e+03 0.000000000000000000e+00 1.941932641294041861e-01
1.274855099999999993e+03 0.000000000000000000e+00 1.954055737763883971e-01
1.275535399999999981e+03 0.000000000000000000e+00 1.966178834233726080e-01
1.276215580000000045e+03 0.000000000000000000e+00 1.975676730605913367e-01
1.276895870000000059e+03 0.000000000000000000e+00 1.984503583345953448e-01
1.277576049999999896e+03 0.000000000000000000e+00 1.991775389506935667e-01
1.278256229999999960e+03 0.000000000000000000e+00 1.994012679541697641e-01
1.278936279999999897e+03 0.000000000000000000e+00 1.996249541972435759e-01
1.279616459999999961e+03 0.000000000000000000e+00 1.996544897403796093e-01
1.280296509999999898e+03 0.000000000000000000e+00 1.995907598634347746e-01
1.280976560000000063e+03 0.000000000000000000e+00 1.994876279815699927e-01
1.281656739999999900e+03 0.000000000000000000e+00 1.990818978595439437e-01
1.282336669999999913e+03 0.000000000000000000e+00 1.986763168635292676e-01
1.283016720000000078e+03 0.000000000000000000e+00 1.979228206339918028e-01
1.283696779999999990e+03 0.000000000000000000e+00 1.968898155145168416e-01
1.284376710000000003e+03 0.000000000000000000e+00 1.958570078638908751e-01
1.285056640000000016e+03 0.000000000000000000e+00 1.957642592660089609e-01
1.285736570000000029e+03 0.000000000000000000e+00 1.956772827447265939e-01
1.286416500000000042e+03 0.000000000000000000e+00 1.948483701597326923e-01
1.287096309999999903e+03 0.000000000000000000e+00 1.930476390204768633e-01
1.287776249999999891e+03 0.000000000000000000e+00 1.912465635275805709e-01
1.288456050000000005e+03 0.000000000000000000e+00 1.902180650409351359e-01
1.289135860000000093e+03 0.000000000000000000e+00 1.893032945255692656e-01
1.289815669999999955e+03 0.000000000000000000e+00 1.882229985701556751e-01
1.290495359999999891e+03 0.000000000000000000e+00 1.867750181375633090e-01
1.291175169999999980e+03 0.000000000000000000e+00 1.853267820624690532e-01
1.291854859999999917e+03 0.000000000000000000e+00 1.846447340601331810e-01
1.292534550000000081e+03 0.000000000000000000e+00 1.842197121403473248e-01
1.293214230000000043e+03 0.000000000000000000e+00 1.831348260635558833e-01
1.293893919999999980e+03 0.000000000000000000e+00 1.791836331917187053e-01
1.294573489999999993e+03 0.000000000000000000e+00 1.752331379072291917e-01
1.295253169999999955e+03 0.000000000000000000e+00 1.723317130975685896e-01
1.295932739999999967e+03 0.000000000000000000e+00 1.700599960730821980e-01
1.296612300000000005e+03 0.000000000000000000e+00 1.677727191448346589e-01
1.297291870000000017e+03 0.000000000000000000e+00 1.652550584667576983e-01
1.297971309999999903e+03 0.000000000000000000e+00 1.627378794107189053e-01
1.298650879999999916e+03 0.000000000000000000e+00 1.607244770100791365e-01
1.299330320000000029e+03 0.000000000000000000e+00 1.592136366707154471e-01
1.300009769999999889e+03 0.000000000000000000e+00 1.577027740947996026e-01
1.300689210000000003e+03 0.000000000000000000e+00 1.550382229207086515e-01
1.301368649999999889e+03 0.000000000000000000e+00 1.522983849669697631e-01
1.302047970000000078e+03 0.000000000000000000e+00 1.493494209195286027e-01
1.302727290000000039e+03 0.000000000000000000e+00 1.460527357685981742e-01
1.303406739999999900e+03 0.000000000000000000e+00 1.427554197381569467e-01
1.304085939999999937e+03 0.000000000000000000e+00 1.419322767966691989e-01
1.304765259999999898e+03 0.000000000000000000e+00 1.416755592258710228e-01
1.305444580000000087e+03 0.000000000000000000e+00 1.408483086477960167e-01
1.306123779999999897e+03 0.000000000000000000e+00 1.383144120696416512e-01
1.306802979999999934e+03 0.000000000000000000e+00 1.357805154914864809e-01
1.307482299999999896e+03 0.000000000000000000e+00 1.339735391206589021e-01
1.308161380000000008e+03 0.000000000000000000e+00 1.324979628757704808e-01
1.308840580000000045e+03 0.000000000000000000e+00 1.309853110556309652e-01
1.309519780000000083e+03 0.000000000000000000e+00 1.292130505665068652e-01
1.310198849999999993e+03 0.000000000000000000e+00 1.274411292909631566e-01
1.310877930000000106e+03 0.000000000000000000e+00 1.240430748633609276e-01
1.311557009999999991e+03 0.000000000000000000e+00 1.193708183783694365e-01
1.312236079999999902e+03 0.000000000000000000e+00 1.146986306961180063e-01
1.312915040000000090e+03 0.000000000000000000e+00 1.151067267169346153e-01
1.313594119999999975e+03 0.000000000000000000e+00 1.155277448436806409e-01
1.314273069999999962e+03 0.000000000000000000e+00 1.154850914336571083e-01
1.314952029999999922e+03 0.000000000000000000e+00 1.148365524616683092e-01
1.315630979999999909e+03 0.000000000000000000e+00 1.141880230416261605e-01
1.316309809999999970e+03 0.000000000000000000e+00 1.139678192494957970e-01
1.316988769999999931e+03 0.000000000000000000e+00 1.138117833461175232e-01
1.317667599999999993e+03 0.000000000000000000e+00 1.127572131854872733e-01
1.318346440000000030e+03 0.000000000000000000e+00 1.096600466561943876e-01
1.319025270000000091e+03 0.000000000000000000e+00 1.065629257512978600e-01
1.319704099999999926e+03 0.000000000000000000e+00 1.043736222193540064e-01
1.320382810000000063e+03 0.000000000000000000e+00 1.025018664006083352e-01
1.321061519999999973e+03 0.000000000000000000e+00 1.006466578737711670e-01
1.321740360000000010e+03 0.000000000000000000e+00 9.886834892122316198e-02
1.322419069999999920e+03 0.000000000000000000e+00 9.709038052044589862e-02
1.323097659999999905e+03 0.000000000000000000e+00 9.609050067909133408e-02
1.323776370000000043e+03 0.000000000000000000e+00 9.558328736722740415e-02
1.324454960000000028e+03 0.000000000000000000e+00 9.503492497292985453e-02
1.325133669999999938e+03 0.000000000000000000e+00 9.365600437539901846e-02
1.325812259999999924e+03 0.000000000000000000e+00 9.227732757930266760e-02
1.326490720000000010e+03 0.000000000000000000e+00 9.139408056284308024e-02
1.327169309999999996e+03 0.000000000000000000e+00 9.104212993042859470e-02
1.327847899999999981e+03 0.000000000000000000e+00 9.069017929801412303e-02
1.328526370000000043e+03 0.000000000000000000e+00 8.989213655469963093e-02
1.329204829999999902e+03 0.000000000000000000e+00 8.905394430099169978e-02
1.329883299999999963e+03 0.000000000000000000e+00 8.789215574371481154e-02
1.330561770000000024e+03 0.000000000000000000e+00 8.613353456751655923e-02
1.331240109999999959e+03 0.000000000000000000e+00 8.437525035647980287e-02
1.331918580000000020e+03 0.000000000000000000e+00 8.386452881311885765e-02
1.332596919999999955e+03 0.000000000000000000e+00 8.369309088643597794e-02
1.333275270000000091e+03 0.000000000000000000e+00 8.307548738230165208e-02
1.333953610000000026e+03 0.000000000000000000e+00 8.088344076285387818e-02
1.334631840000000011e+03 0.000000000000000000e+00 7.869174960693181564e-02
1.335310179999999946e+03 0.000000000000000000e+00 7.781428167564827247e-02
1.335988399999999956e+03 0.000000000000000000e+00 7.762970761249994578e-02
1.336666629999999941e+03 0.000000000000000000e+00 7.744848172205479053e-02
1.337344849999999951e+03 0.000000000000000000e+00 7.730159238126158017e-02
1.338022950000000037e+03 0.000000000000000000e+00 7.715472903014854167e-02
1.338701170000000047e+03 0.000000000000000000e+00 7.589178446017516566e-02
1.339379269999999906e+03 0.000000000000000000e+00 7.360929787534421787e-02
1.340057369999999992e+03 0.000000000000000000e+00 7.132681129051250679e-02
1.340735470000000078e+03 0.000000000000000000e+00 7.203251042454981989e-02
1.341413569999999936e+03 0.000000000000000000e+00 7.287492036207258994e-02
1.342091550000000097e+03 0.000000000000000000e+00 7.313705332267052273e-02
1.342769649999999956e+03 0.000000000000000000e+00 7.249025759683631887e-02
1.343447629999999890e+03 0.000000000000000000e+00 7.184357633123961140e-02
1.344125610000000052e+03 0.000000000000000000e+00 7.073119619726994656e-02
1.344803589999999986e+03 0.000000000000000000e+00 6.951866526925641609e-02
1.345481449999999995e+03 0.000000000000000000e+00 6.843136993065766782e-02
1.346159419999999955e+03 0.000000000000000000e+00 6.770714031029406721e-02
1.346837279999999964e+03 0.000000000000000000e+00 6.698302819551067711e-02
1.347515139999999974e+03 0.000000000000000000e+00 6.632718512261116806e-02
1.348192990000000009e+03 0.000000000000000000e+00 6.570216673289294707e-02
1.348870850000000019e+03 0.000000000000000000e+00 6.508844301003301192e-02
1.349548579999999902e+03 0.000000000000000000e+00 6.455623612651115173e-02
1.350226319999999987e+03 0.000000000000000000e+00 6.402402139020285654e-02
1.350904170000000022e+03 0.000000000000000000e+00 6.384457456295605793e-02
1.351581789999999955e+03 0.000000000000000000e+00 6.394861561994980015e-02
1.352259520000000066e+03 0.000000000000000000e+00 6.405267356622702801e-02
1.352937259999999924e+03 0.000000000000000000e+00 6.363504176922181454e-02
1.353614870000000110e+03 0.000000000000000000e+00 6.321053949315741383e-02
1.354292480000000069e+03 0.000000000000000000e+00 6.317773104193707967e-02
1.354970090000000027e+03 0.000000000000000000e+00 6.368800461154151826e-02
1.355647709999999961e+03 0.000000000000000000e+00 6.419828571163646580e-02
1.356325319999999920e+03 0.000000000000000000e+00 6.370283774639749763e-02
1.357002809999999954e+03 0.000000000000000000e+00 6.303170301201610481e-02
1.357680299999999988e+03 0.000000000000000000e+00 6.220569595865135804e-02
1.358357790000000023e+03 0.000000000000000000e+00 6.098708897091223435e-02
1.359035280000000057e+03 0.000000000000000000e+00 5.976848198317311067e-02
1.359712770000000091e+03 0.000000000000000000e+00 6.012831856828078358e-02
1.360390139999999974e+03 0.000000000000000000e+00 6.111728150723231417e-02
1.361067630000000008e+03 0.000000000000000000e+00 6.173090001688263939e-02
1.361744999999999891e+03 0.000000000000000000e+00 6.015372993251071054e-02
1.362422360000000026e+03 0.000000000000000000e+00 5.857658313186916293e-02
1.363099609999999984e+03 0.000000000000000000e+00 5.696678725388403669e-02
1.363776980000000094e+03 0.000000000000000000e+00 5.533266422220248920e-02
1.364454220000000078e+03 0.000000000000000000e+00 5.373037668617977602e-02
1.365131470000000036e+03 0.000000000000000000e+00 5.566778083634538882e-02
1.365808719999999994e+03 0.000000000000000000e+00 5.760518498651100855e-02
1.366485959999999977e+03 0.000000000000000000e+00 5.811783468794538138e-02
1.367163209999999935e+03 0.000000000000000000e+00 5.681702690444277032e-02
1.367840329999999994e+03 0.000000000000000000e+00 5.551646881457134725e-02
