9.306945799999999736e+02 0.000000000000000000e+00 4.295185001360474764e-01
9.313851899999999659e+02 0.000000000000000000e+00 4.127968089717199418e-01
9.320757399999999961e+02 0.000000000000000000e+00 3.960765705831547634e-01
9.327663000000000011e+02 0.000000000000000000e+00 3.975126286734498859e-01
9.334568500000000313e+02 0.000000000000000000e+00 4.039723928391977248e-01
9.341473999999999478e+02 0.000000000000000000e+00 4.104469745462951402e-01
9.348378900000000158e+02 0.000000000000000000e+00 4.169638418981476136e-01
9.355283799999999701e+02 0.000000000000000000e+00 4.234807092499990322e-01
9.362188700000000381e+02 0.000000000000000000e+00 4.235786798190173674e-01
9.369093000000000302e+02 0.000000000000000000e+00 4.213075076574082645e-01
9.375997300000000223e+02 0.000000000000000000e+00 4.230418421724145284e-01
9.382901600000000144e+02 0.000000000000000000e+00 4.404282741217881991e-01
9.389805300000000443e+02 0.000000000000000000e+00 4.578131951491041240e-01
9.396708999999999605e+02 0.000000000000000000e+00 4.733660093267573754e-01
9.403612699999999904e+02 0.000000000000000000e+00 4.880445268355497190e-01
9.410515699999999697e+02 0.000000000000000000e+00 5.015538379848626382e-01
9.417418800000000374e+02 0.000000000000000000e+00 5.084390223005471610e-01
9.424321899999999914e+02 0.000000000000000000e+00 5.153242066162306845e-01
9.431224999999999454e+02 0.000000000000000000e+00 5.323688967888010604e-01
9.438127399999999625e+02 0.000000000000000000e+00 5.555663324573423267e-01
9.445029899999999543e+02 0.000000000000000000e+00 5.781405951646551022e-01
9.451931799999999839e+02 0.000000000000000000e+00 5.948018156275762802e-01
9.458833600000000388e+02 0.000000000000000000e+00 6.114627946900074162e-01
9.465735499999999547e+02 0.000000000000000000e+00 6.368544152790664992e-01
9.472637300000000096e+02 0.000000000000000000e+00 6.688926384024566074e-01
9.479538599999999633e+02 0.000000000000000000e+00 7.010448823939011698e-01
9.486439800000000560e+02 0.000000000000000000e+00 7.359839545354751600e-01
9.493341100000000097e+02 0.000000000000000000e+00 7.709235329523584923e-01
9.500241700000000264e+02 0.000000000000000000e+00 8.105826650260712363e-01
9.507142300000000432e+02 0.000000000000000000e+00 8.547381505646934885e-01
9.514043000000000347e+02 0.000000000000000000e+00 8.988942759822455830e-01
9.520943600000000515e+02 0.000000000000000000e+00 9.577669835814609511e-01
9.527843599999999924e+02 0.000000000000000000e+00 1.016869896279929408e+00
9.534743700000000217e+02 0.000000000000000000e+00 1.082989629978685420e+00
9.541643100000000004e+02 0.000000000000000000e+00 1.157468919859504730e+00
9.548542499999999791e+02 0.000000000000000000e+00 1.231948209740324263e+00
9.555441899999999578e+02 0.000000000000000000e+00 1.310672323014152818e+00
9.562341300000000501e+02 0.000000000000000000e+00 1.389727120177567388e+00
9.569240099999999529e+02 0.000000000000000000e+00 1.475985309164827175e+00
9.576138899999999694e+02 0.000000000000000000e+00 1.573095723700572490e+00
9.583037699999999859e+02 0.000000000000000000e+00 1.670206138236317583e+00
9.589935900000000402e+02 0.000000000000000000e+00 1.774516852154131463e+00
9.596834099999999808e+02 0.000000000000000000e+00 1.879900330755331472e+00
9.603731699999999591e+02 0.000000000000000000e+00 1.991094715384272851e+00
9.610629900000000134e+02 0.000000000000000000e+00 2.113523600744314557e+00
9.617527499999999918e+02 0.000000000000000000e+00 2.235941837336372640e+00
9.624424999999999955e+02 0.000000000000000000e+00 2.380058487704720172e+00
9.631322000000000116e+02 0.000000000000000000e+00 2.529175065793087818e+00
9.638219000000000278e+02 0.000000000000000000e+00 2.683620335940629431e+00
9.645116000000000440e+02 0.000000000000000000e+00 2.851547997576815430e+00
9.652012300000000096e+02 0.000000000000000000e+00 3.019458615663163314e+00
9.658908699999999499e+02 0.000000000000000000e+00 3.219560526570281578e+00
9.665805100000000039e+02 0.000000000000000000e+00 3.430176795803795198e+00
9.672701399999999694e+02 0.000000000000000000e+00 3.648756267932743214e+00
9.679597199999999475e+02 0.000000000000000000e+00 3.894872891037175489e+00
9.686492899999999509e+02 0.000000000000000000e+00 4.140985945061552265e+00
9.693388700000000426e+02 0.000000000000000000e+00 4.396441947234506209e+00
9.700283799999999701e+02 0.000000000000000000e+00 4.655977229646256710e+00
9.707178999999999860e+02 0.000000000000000000e+00 4.929038267128673212e+00
9.714073499999999513e+02 0.000000000000000000e+00 5.270623870961558488e+00
9.720968599999999924e+02 0.000000000000000000e+00 5.612239201585734527e+00
9.727863200000000461e+02 0.000000000000000000e+00 5.971296177584491716e+00
9.734757100000000491e+02 0.000000000000000000e+00 6.340370641530837403e+00
9.741651600000000144e+02 0.000000000000000000e+00 6.718310270371250503e+00
9.748545500000000175e+02 0.000000000000000000e+00 7.172007711535623109e+00
9.755438799999999446e+02 0.000000000000000000e+00 7.625665665839866492e+00
9.762332800000000361e+02 0.000000000000000000e+00 8.107325441968139756e+00
9.769226099999999633e+02 0.000000000000000000e+00 8.609691958620464547e+00
9.776119400000000041e+02 0.000000000000000000e+00 9.112880226109950854e+00
9.783012099999999691e+02 0.000000000000000000e+00 9.634140892280308677e+00
9.789904800000000478e+02 0.000000000000000000e+00 1.015540155845075532e+01
9.796797500000000127e+02 0.000000000000000000e+00 1.067856692856670442e+01
9.803690199999999777e+02 0.000000000000000000e+00 1.120354321606993153e+01
9.810582299999999805e+02 0.000000000000000000e+00 1.172847380511358573e+01
9.817474399999999832e+02 0.000000000000000000e+00 1.224205951284256777e+01
9.824365800000000490e+02 0.000000000000000000e+00 1.275538126883112966e+01
9.831257299999999759e+02 0.000000000000000000e+00 1.322682896216264403e+01
9.838148800000000165e+02 0.000000000000000000e+00 1.364719782858644592e+01
9.845040299999999434e+02 0.000000000000000000e+00 1.406756669501018031e+01
9.851931200000000217e+02 0.000000000000000000e+00 1.442302664445461780e+01
9.858822000000000116e+02 0.000000000000000000e+00 1.477278766975385516e+01
9.865712899999999763e+02 0.000000000000000000e+00 1.509408940229820395e+01
9.872603100000000040e+02 0.000000000000000000e+00 1.537044011751646622e+01
9.879493400000000065e+02 0.000000000000000000e+00 1.564679484351401584e+01
9.886383700000000090e+02 0.000000000000000000e+00 1.588275618303848802e+01
9.893273299999999608e+02 0.000000000000000000e+00 1.611191672306692979e+01
9.900163000000000011e+02 0.000000000000000000e+00 1.633453123452358469e+01
9.907052599999999529e+02 0.000000000000000000e+00 1.654350957368432873e+01
9.913941700000000310e+02 0.000000000000000000e+00 1.675247274662797281e+01
9.920830700000000206e+02 0.000000000000000000e+00 1.682238566397747093e+01
9.927719700000000103e+02 0.000000000000000000e+00 1.685587464884973130e+01
9.934608799999999746e+02 0.000000000000000000e+00 1.685830723783718454e+01
9.941497200000000021e+02 0.000000000000000000e+00 1.677257573688769199e+01
9.948385600000000295e+02 0.000000000000000000e+00 1.668684423593819943e+01
9.955273399999999810e+02 0.000000000000000000e+00 1.659367180734260927e+01
9.962161300000000210e+02 0.000000000000000000e+00 1.649771691074037960e+01
9.969049099999999726e+02 0.000000000000000000e+00 1.637309952706964111e+01
9.975936900000000378e+02 0.000000000000000000e+00 1.613064945855703058e+01
9.982824100000000271e+02 0.000000000000000000e+00 1.588822051000163604e+01
9.989711300000000165e+02 0.000000000000000000e+00 1.558191893818877638e+01
9.996597900000000436e+02 0.000000000000000000e+00 1.524320271169754193e+01
1.000348449999999957e+03 0.000000000000000000e+00 1.488857240995549525e+01
1.001037109999999984e+03 0.000000000000000000e+00 1.442770787691439338e+01
1.001725770000000011e+03 0.000000000000000000e+00 1.396684334387329329e+01
1.002414369999999963e+03 0.000000000000000000e+00 1.357501180741605751e+01
1.003102970000000028e+03 0.000000000000000000e+00 1.322969038152967691e+01
1.003791560000000004e+03 0.000000000000000000e+00 1.287494899992238651e+01
1.004480099999999993e+03 0.000000000000000000e+00 1.238278562729957599e+01
1.005168639999999982e+03 0.000000000000000000e+00 1.189062225467676726e+01
1.005857179999999971e+03 0.000000000000000000e+00 1.145363671112557391e+01
1.006545650000000023e+03 0.000000000000000000e+00 1.106546394202175421e+01
1.007234130000000050e+03 0.000000000000000000e+00 1.067728553472356090e+01
1.007922609999999963e+03 0.000000000000000000e+00 1.027331111506307515e+01
1.008611020000000053e+03 0.000000000000000000e+00 9.869335630770342149e+00
1.009299440000000004e+03 0.000000000000000000e+00 9.502171116675855345e+00
1.009987849999999980e+03 0.000000000000000000e+00 9.177593682926922014e+00
1.010676270000000045e+03 0.000000000000000000e+00 8.853011534292431151e+00
1.011364619999999945e+03 0.000000000000000000e+00 8.488985634913717604e+00
1.012052919999999972e+03 0.000000000000000000e+00 8.122012849446127447e+00
1.012741269999999986e+03 0.000000000000000000e+00 7.803999805982410720e+00
1.013429570000000012e+03 0.000000000000000000e+00 7.560779010325629379e+00
1.014117859999999951e+03 0.000000000000000000e+00 7.317561748314028947e+00
1.014806090000000040e+03 0.000000000000000000e+00 7.082741401368100043e+00
1.015494320000000016e+03 0.000000000000000000e+00 6.849263844826519509e+00
1.016182559999999967e+03 0.000000000000000000e+00 6.627830977285246838e+00
1.016870790000000056e+03 0.000000000000000000e+00 6.431149565999706219e+00
1.017558959999999956e+03 0.000000000000000000e+00 6.234485301430691351e+00
1.018247129999999970e+03 0.000000000000000000e+00 6.057681027851910649e+00
1.018935240000000022e+03 0.000000000000000000e+00 5.886078873882243379e+00
1.019623349999999959e+03 0.000000000000000000e+00 5.716317617138217066e+00
1.020311460000000011e+03 0.000000000000000000e+00 5.551847595246443667e+00
1.020999569999999949e+03 0.000000000000000000e+00 5.387377573354697802e+00
1.021687620000000038e+03 0.000000000000000000e+00 5.269205461244701461e+00
1.022375670000000014e+03 0.000000000000000000e+00 5.168729836672575573e+00
1.023063719999999989e+03 0.000000000000000000e+00 5.067847587162213507e+00
1.023751710000000003e+03 0.000000000000000000e+00 4.965222761742276170e+00
1.024439699999999903e+03 0.000000000000000000e+00 4.862597936322355707e+00
1.025127690000000030e+03 0.000000000000000000e+00 4.771464330779218166e+00
1.025815550000000030e+03 0.000000000000000000e+00 4.686444936546486417e+00
1.026503539999999930e+03 0.000000000000000000e+00 4.598256913800986112e+00
1.027191409999999905e+03 0.000000000000000000e+00 4.486441735975315481e+00
1.027879269999999906e+03 0.000000000000000000e+00 4.374628183677398141e+00
1.028567140000000109e+03 0.000000000000000000e+00 4.279153907565326875e+00
1.029255000000000109e+03 0.000000000000000000e+00 4.195404922316880558e+00
1.029942870000000084e+03 0.000000000000000000e+00 4.112635132010760586e+00
1.030630619999999908e+03 0.000000000000000000e+00 4.049902882519855751e+00
1.031318479999999909e+03 0.000000000000000000e+00 3.987160599517566517e+00
1.032006229999999960e+03 0.000000000000000000e+00 3.915477813487241665e+00
1.032693970000000036e+03 0.000000000000000000e+00 3.835225146824359665e+00
1.033381710000000112e+03 0.000000000000000000e+00 3.754972480161477222e+00
1.034069340000000011e+03 0.000000000000000000e+00 3.679318501180740775e+00
1.034757080000000087e+03 0.000000000000000000e+00 3.603771056983290144e+00
1.035444700000000012e+03 0.000000000000000000e+00 3.527690028916319331e+00
1.036132319999999936e+03 0.000000000000000000e+00 3.450908825673567382e+00
1.036820069999999987e+03 0.000000000000000000e+00 3.374113106336997348e+00
1.037507569999999987e+03 0.000000000000000000e+00 3.303489263799386677e+00
1.038195189999999911e+03 0.000000000000000000e+00 3.233519463412054762e+00
1.038882810000000063e+03 0.000000000000000000e+00 3.176136954572456705e+00
1.039570310000000063e+03 0.000000000000000000e+00 3.140609831820297071e+00
1.040257810000000063e+03 0.000000000000000000e+00 3.105082709068136992e+00
1.040945310000000063e+03 0.000000000000000000e+00 3.050303888985713030e+00
1.041632810000000063e+03 0.000000000000000000e+00 2.991549252305547579e+00
1.042320310000000063e+03 0.000000000000000000e+00 2.932828634704520265e+00
1.043007689999999911e+03 0.000000000000000000e+00 2.874200705899862207e+00
1.043695189999999911e+03 0.000000000000000000e+00 2.815562542070232155e+00
1.044382569999999987e+03 0.000000000000000000e+00 2.753346901809385461e+00
1.045069950000000063e+03 0.000000000000000000e+00 2.689967702963597329e+00
1.045757319999999936e+03 0.000000000000000000e+00 2.629184165107180338e+00
1.046444700000000012e+03 0.000000000000000000e+00 2.577722936042089685e+00
1.047131959999999935e+03 0.000000000000000000e+00 2.526270690868726465e+00
1.047819340000000011e+03 0.000000000000000000e+00 2.473315644632973154e+00
1.048506589999999960e+03 0.000000000000000000e+00 2.419668886852909928e+00
1.049193850000000111e+03 0.000000000000000000e+00 2.369654233267230126e+00
1.049881100000000060e+03 0.000000000000000000e+00 2.341477560076245190e+00
1.050568359999999984e+03 0.000000000000000000e+00 2.313300476893654256e+00
1.051255490000000009e+03 0.000000000000000000e+00 2.272313807771522587e+00
1.051942749999999933e+03 0.000000000000000000e+00 2.222947602700743097e+00
1.052629879999999957e+03 0.000000000000000000e+00 2.175254892014286234e+00
1.053317019999999957e+03 0.000000000000000000e+00 2.150746626956197893e+00
1.054004149999999981e+03 0.000000000000000000e+00 2.126238718568729702e+00
1.054691280000000006e+03 0.000000000000000000e+00 2.098910031992268888e+00
1.055378300000000081e+03 0.000000000000000000e+00 2.069071465772303497e+00
1.056065430000000106e+03 0.000000000000000000e+00 2.039228122046177649e+00
1.056752439999999979e+03 0.000000000000000000e+00 2.012166476257379433e+00
1.057439450000000079e+03 0.000000000000000000e+00 1.985130721873530568e+00
1.058126459999999952e+03 0.000000000000000000e+00 1.961536698305142767e+00
1.058813480000000027e+03 0.000000000000000000e+00 1.942111786740422952e+00
1.059500489999999900e+03 0.000000000000000000e+00 1.922687157917282175e+00
1.060187380000000076e+03 0.000000000000000000e+00 1.891554735015652744e+00
1.060874270000000024e+03 0.000000000000000000e+00 1.859315240885005993e+00
1.061561159999999973e+03 0.000000000000000000e+00 1.831125964238421222e+00
1.062248049999999921e+03 0.000000000000000000e+00 1.809697826763387862e+00
1.062934940000000097e+03 0.000000000000000000e+00 1.788269689288347397e+00
1.063621830000000045e+03 0.000000000000000000e+00 1.764383310760664125e+00
1.064308590000000095e+03 0.000000000000000000e+00 1.740019216131128754e+00
1.064995480000000043e+03 0.000000000000000000e+00 1.717267143706596721e+00
1.065682250000000067e+03 0.000000000000000000e+00 1.698349022282721998e+00
1.066369020000000091e+03 0.000000000000000000e+00 1.679430900858847497e+00
1.067055659999999989e+03 0.000000000000000000e+00 1.662081988965061541e+00
1.067742430000000013e+03 0.000000000000000000e+00 1.645231064373891883e+00
1.068429080000000113e+03 0.000000000000000000e+00 1.625519163704471914e+00
1.069115839999999935e+03 0.000000000000000000e+00 1.595526615252405023e+00
1.069802490000000034e+03 0.000000000000000000e+00 1.565538870778905967e+00
1.070489139999999907e+03 0.000000000000000000e+00 1.547539930850443612e+00
1.071175780000000032e+03 0.000000000000000000e+00 1.535224496341584199e+00
1.071862300000000005e+03 0.000000000000000000e+00 1.521871842708770517e+00
1.072548950000000104e+03 0.000000000000000000e+00 1.502060343790261099e+00
1.073235470000000078e+03 0.000000000000000000e+00 1.482252595683463570e+00
1.073922000000000025e+03 0.000000000000000000e+00 1.467739355259686684e+00
1.074608519999999999e+03 0.000000000000000000e+00 1.456775555030192404e+00
1.075295039999999972e+03 0.000000000000000000e+00 1.445641036887761244e+00
1.075981569999999920e+03 0.000000000000000000e+00 1.431767317081044988e+00
1.076667969999999968e+03 0.000000000000000000e+00 1.417896224375218006e+00
1.077354370000000017e+03 0.000000000000000000e+00 1.413240255459051742e+00
1.078040770000000066e+03 0.000000000000000000e+00 1.417151096519271736e+00
1.078727169999999887e+03 0.000000000000000000e+00 1.421061937579490175e+00
1.079413569999999936e+03 0.000000000000000000e+00 1.403464410618217695e+00
1.080099979999999960e+03 0.000000000000000000e+00 1.385373519524169428e+00
1.080786250000000109e+03 0.000000000000000000e+00 1.373804851386332793e+00
1.081472659999999905e+03 0.000000000000000000e+00 1.370632466435329322e+00
1.082158940000000030e+03 0.000000000000000000e+00 1.367460682306054220e+00
1.082845209999999952e+03 0.000000000000000000e+00 1.367721225611008062e+00
1.083531369999999924e+03 0.000000000000000000e+00 1.368378748344014628e+00
1.084217650000000049e+03 0.000000000000000000e+00 1.369543088048485124e+00
1.084903929999999946e+03 0.000000000000000000e+00 1.371627928893568882e+00
1.085590089999999918e+03 0.000000000000000000e+00 1.373712405192256014e+00
1.086276249999999891e+03 0.000000000000000000e+00 1.380559373425838565e+00
1.086962399999999889e+03 0.000000000000000000e+00 1.388495065499258496e+00
1.087648560000000089e+03 0.000000000000000000e+00 1.394243284811987449e+00
1.088334589999999935e+03 0.000000000000000000e+00 1.394163165104754576e+00
1.089020749999999907e+03 0.000000000000000000e+00 1.394083030215150787e+00
1.089706789999999955e+03 0.000000000000000000e+00 1.399530141689547813e+00
1.090392820000000029e+03 0.000000000000000000e+00 1.407007840319246528e+00
1.091078860000000077e+03 0.000000000000000000e+00 1.413207871096372470e+00
1.091764889999999923e+03 0.000000000000000000e+00 1.413942931671736236e+00
1.092450810000000047e+03 0.000000000000000000e+00 1.414677874385398715e+00
1.093136839999999893e+03 0.000000000000000000e+00 1.421823350818908871e+00
1.093822750000000042e+03 0.000000000000000000e+00 1.432456615095496932e+00
1.094508669999999938e+03 0.000000000000000000e+00 1.442702821827638315e+00
1.095194580000000087e+03 0.000000000000000000e+00 1.449673380046198723e+00
1.095880490000000009e+03 0.000000000000000000e+00 1.456643938264756466e+00
1.096566409999999905e+03 0.000000000000000000e+00 1.459786031192462641e+00
1.097252199999999903e+03 0.000000000000000000e+00 1.459961734914618559e+00
1.097937989999999900e+03 0.000000000000000000e+00 1.460241697744116607e+00
1.098623779999999897e+03 0.000000000000000000e+00 1.465423011136726128e+00
1.099309569999999894e+03 0.000000000000000000e+00 1.470604324529335649e+00
1.099995359999999891e+03 0.000000000000000000e+00 1.482395907529189039e+00
1.100681149999999889e+03 0.000000000000000000e+00 1.501387778726245514e+00
1.101366819999999962e+03 0.000000000000000000e+00 1.520376326712782111e+00
1.102052490000000034e+03 0.000000000000000000e+00 1.519922264415619395e+00
1.102738160000000107e+03 0.000000000000000000e+00 1.518132777801164623e+00
1.103423829999999953e+03 0.000000000000000000e+00 1.517128360664520503e+00
1.104109500000000025e+03 0.000000000000000000e+00 1.517336930844173315e+00
1.104795170000000098e+03 0.000000000000000000e+00 1.517545501023826127e+00
1.105480710000000045e+03 0.000000000000000000e+00 1.528011901685500940e+00
1.106166259999999966e+03 0.000000000000000000e+00 1.540290149687792542e+00
1.106851809999999887e+03 0.000000000000000000e+00 1.546522365201584259e+00
1.107537350000000060e+03 0.000000000000000000e+00 1.539082875894751012e+00
1.108222899999999981e+03 0.000000000000000000e+00 1.531643278067785996e+00
1.108908449999999903e+03 0.000000000000000000e+00 1.545396913624980550e+00
1.109593869999999924e+03 0.000000000000000000e+00 1.565716727381181617e+00
1.110279299999999921e+03 0.000000000000000000e+00 1.579062655573510554e+00
1.110964719999999943e+03 0.000000000000000000e+00 1.567623390175598930e+00
1.111650149999999940e+03 0.000000000000000000e+00 1.556183957883441993e+00
1.112335569999999962e+03 0.000000000000000000e+00 1.560417586510335353e+00
1.113020999999999958e+03 0.000000000000000000e+00 1.572167669855908390e+00
1.113706300000000056e+03 0.000000000000000000e+00 1.582051049051040215e+00
1.114391599999999926e+03 0.000000000000000000e+00 1.579673412979763825e+00
1.115076900000000023e+03 0.000000000000000000e+00 1.577295776908486769e+00
1.115762210000000096e+03 0.000000000000000000e+00 1.577222513548026006e+00
1.116447509999999966e+03 0.000000000000000000e+00 1.578762744303509491e+00
1.117132689999999911e+03 0.000000000000000000e+00 1.579929367500866322e+00
1.117817990000000009e+03 0.000000000000000000e+00 1.572914739242394555e+00
1.118503169999999955e+03 0.000000000000000000e+00 1.565901339285968641e+00
1.119188349999999900e+03 0.000000000000000000e+00 1.561603323491651318e+00
1.119873540000000048e+03 0.000000000000000000e+00 1.560029456855731356e+00
1.120558590000000095e+03 0.000000000000000000e+00 1.558455911796789106e+00
1.121243770000000040e+03 0.000000000000000000e+00 1.544495233809091816e+00
1.121928830000000062e+03 0.000000000000000000e+00 1.529947510108919273e+00
1.122613890000000083e+03 0.000000000000000000e+00 1.515613010265828065e+00
1.123298950000000104e+03 0.000000000000000000e+00 1.501585556813057165e+00
1.123984009999999898e+03 0.000000000000000000e+00 1.487558103360290707e+00
1.124669069999999920e+03 0.000000000000000000e+00 1.481473458728143511e+00
1.125354000000000042e+03 0.000000000000000000e+00 1.476630059643290638e+00
1.126039060000000063e+03 0.000000000000000000e+00 1.468222669016116200e+00
1.126723999999999933e+03 0.000000000000000000e+00 1.452234980630966232e+00
1.127408940000000030e+03 0.000000000000000000e+00 1.436247292245811158e+00
1.128093869999999924e+03 0.000000000000000000e+00 1.426232160453127173e+00
1.128778690000000097e+03 0.000000000000000000e+00 1.417956692113207184e+00
1.129463619999999992e+03 0.000000000000000000e+00 1.408340615181985944e+00
1.130148439999999937e+03 0.000000000000000000e+00 1.394222562273364385e+00
1.130833249999999907e+03 0.000000000000000000e+00 1.380104715521877079e+00
1.131518070000000080e+03 0.000000000000000000e+00 1.360646539590077087e+00
1.132202880000000050e+03 0.000000000000000000e+00 1.338715008615991353e+00
1.132887699999999995e+03 0.000000000000000000e+00 1.318141012321538241e+00
1.133572390000000041e+03 0.000000000000000000e+00 1.306078354223355387e+00
1.134257080000000087e+03 0.000000000000000000e+00 1.294015696125172310e+00
1.134941769999999906e+03 0.000000000000000000e+00 1.274815206566468850e+00
1.135626459999999952e+03 0.000000000000000000e+00 1.250689818567420009e+00
1.136311159999999973e+03 0.000000000000000000e+00 1.226810376781076739e+00
1.136995850000000019e+03 0.000000000000000000e+00 1.208080931287885296e+00
1.137680419999999913e+03 0.000000000000000000e+00 1.189354768350977753e+00
1.138364990000000034e+03 0.000000000000000000e+00 1.167478965002014757e+00
1.139049559999999929e+03 0.000000000000000000e+00 1.142444520829316801e+00
1.139734130000000050e+03 0.000000000000000000e+00 1.117410076656610629e+00
1.140418699999999944e+03 0.000000000000000000e+00 1.096394191305060328e+00
1.141103149999999914e+03 0.000000000000000000e+00 1.075581271484544077e+00
1.141787720000000036e+03 0.000000000000000000e+00 1.061256860337992602e+00
1.142472170000000006e+03 0.000000000000000000e+00 1.056430583333499706e+00
1.143156619999999975e+03 0.000000000000000000e+00 1.051604306329006810e+00
1.143841059999999970e+03 0.000000000000000000e+00 1.041365238206766186e+00
1.144525509999999940e+03 0.000000000000000000e+00 1.030238312880216611e+00
1.145209839999999986e+03 0.000000000000000000e+00 1.018387642338825172e+00
1.145894289999999955e+03 0.000000000000000000e+00 1.004935593314495001e+00
1.146578610000000026e+03 0.000000000000000000e+00 9.914860992852292387e-01
1.147262940000000071e+03 0.000000000000000000e+00 9.845658509057098051e-01
1.147947269999999889e+03 0.000000000000000000e+00 9.796486124148054975e-01
1.148631470000000036e+03 0.000000000000000000e+00 9.753529913950766961e-01
1.149315800000000081e+03 0.000000000000000000e+00 9.732878545263314862e-01
1.150000000000000000e+03 0.000000000000000000e+00 9.712231099650887600e-01
1.150684199999999919e+03 0.000000000000000000e+00 9.667842655569626187e-01
1.151368410000000040e+03 0.000000000000000000e+00 9.611775522095100666e-01
1.152052609999999959e+03 0.000000000000000000e+00 9.545727398842898115e-01
1.152736820000000080e+03 0.000000000000000000e+00 9.408219129103947420e-01
1.153420900000000074e+03 0.000000000000000000e+00 9.270736985956368192e-01
1.154104980000000069e+03 0.000000000000000000e+00 9.200839203879795924e-01
1.154789060000000063e+03 0.000000000000000000e+00 9.180978826578145569e-01
1.155473140000000058e+03 0.000000000000000000e+00 9.159827231042382278e-01
1.156157230000000027e+03 0.000000000000000000e+00 9.091390224138429232e-01
1.156841310000000021e+03 0.000000000000000000e+00 9.022954217643877062e-01
1.157525270000000091e+03 0.000000000000000000e+00 8.962913326450296925e-01
1.158209229999999934e+03 0.000000000000000000e+00 8.912009042426148886e-01
1.158893190000000004e+03 0.000000000000000000e+00 8.861104758401984194e-01
1.159577150000000074e+03 0.000000000000000000e+00 8.788794685555061381e-01
1.160261109999999917e+03 0.000000000000000000e+00 8.714874407094680420e-01
1.160945069999999987e+03 0.000000000000000000e+00 8.625485364348750572e-01
1.161628909999999905e+03 0.000000000000000000e+00 8.511046839024480892e-01
1.162312740000000076e+03 0.000000000000000000e+00 8.396609987169481037e-01
1.162996579999999994e+03 0.000000000000000000e+00 8.325577955158380838e-01
1.163680419999999913e+03 0.000000000000000000e+00 8.263253616017400827e-01
1.164364260000000058e+03 0.000000000000000000e+00 8.196271145433682292e-01
1.165047970000000078e+03 0.000000000000000000e+00 8.117560365073945849e-01
1.165731809999999996e+03 0.000000000000000000e+00 8.038834618717750624e-01
1.166415529999999990e+03 0.000000000000000000e+00 7.982689096991421041e-01
1.167099240000000009e+03 0.000000000000000000e+00 7.934685973909844092e-01
1.167782840000000078e+03 0.000000000000000000e+00 7.861536259367928325e-01
1.168466550000000097e+03 0.000000000000000000e+00 7.677936708894753659e-01
1.169150270000000091e+03 0.000000000000000000e+00 7.494334473079109493e-01
1.169833859999999959e+03 0.000000000000000000e+00 7.422687972366992515e-01
1.170517460000000028e+03 0.000000000000000000e+00 7.415027496110183636e-01
1.171201049999999896e+03 0.000000000000000000e+00 7.397978068871601254e-01
1.171884639999999990e+03 0.000000000000000000e+00 7.281908857167782578e-01
1.172568119999999908e+03 0.000000000000000000e+00 7.165858322760746413e-01
1.173251710000000003e+03 0.000000000000000000e+00 7.040659949266656614e-01
1.173935179999999946e+03 0.000000000000000000e+00 6.907607150795187501e-01
1.174618649999999889e+03 0.000000000000000000e+00 6.774554352323719497e-01
1.175302120000000059e+03 0.000000000000000000e+00 6.675011880275186771e-01
1.175985599999999977e+03 0.000000000000000000e+00 6.575916903595655505e-01
1.176668949999999995e+03 0.000000000000000000e+00 6.499853934843454750e-01
1.177352419999999938e+03 0.000000000000000000e+00 6.453459115999888862e-01
1.178035769999999957e+03 0.000000000000000000e+00 6.407072442909989007e-01
1.178719119999999975e+03 0.000000000000000000e+00 6.312912887916803939e-01
1.179402469999999994e+03 0.000000000000000000e+00 6.212641251462290848e-01
1.180085690000000113e+03 0.000000000000000000e+00 6.106782879308962908e-01
1.180769039999999904e+03 0.000000000000000000e+00 5.989836530604061293e-01
1.181452269999999999e+03 0.000000000000000000e+00 5.872910718317991829e-01
1.182135500000000093e+03 0.000000000000000000e+00 5.821547110617246723e-01
1.182818729999999960e+03 0.000000000000000000e+00 5.788095284939193119e-01
1.183501950000000079e+03 0.000000000000000000e+00 5.749042056900778297e-01
1.184185179999999946e+03 0.000000000000000000e+00 5.691710175092309365e-01
1.184868289999999888e+03 0.000000000000000000e+00 5.634388362844329201e-01
1.185551390000000083e+03 0.000000000000000000e+00 5.567154256648181310e-01
1.186234500000000025e+03 0.000000000000000000e+00 5.495333110652236286e-01
1.186917599999999993e+03 0.000000000000000000e+00 5.420034850390514913e-01
1.187600709999999935e+03 0.000000000000000000e+00 5.321981238511799273e-01
1.188283809999999903e+03 0.000000000000000000e+00 5.223929062033116910e-01
1.188966799999999921e+03 0.000000000000000000e+00 5.168027478205757808e-01
1.189649779999999964e+03 0.000000000000000000e+00 5.142483669064825680e-01
1.190332760000000007e+03 0.000000000000000000e+00 5.116638977997916005e-01
1.191015750000000025e+03 0.000000000000000000e+00 5.081012435865581711e-01
1.191698730000000069e+03 0.000000000000000000e+00 5.045386415359360832e-01
1.192381589999999960e+03 0.000000000000000000e+00 5.005781783140668129e-01
1.193064579999999978e+03 0.000000000000000000e+00 4.961820402614417480e-01
1.193747440000000097e+03 0.000000000000000000e+00 4.917867389676951473e-01
1.194430299999999988e+03 0.000000000000000000e+00 4.856272438121856383e-01
1.195113160000000107e+03 0.000000000000000000e+00 4.793278623026525076e-01
1.195795900000000074e+03 0.000000000000000000e+00 4.753372022074612846e-01
1.196478759999999966e+03 0.000000000000000000e+00 4.752024295879102023e-01
1.197161499999999933e+03 0.000000000000000000e+00 4.750676806521513251e-01
1.197844239999999900e+03 0.000000000000000000e+00 4.699919033761151832e-01
1.198526980000000094e+03 0.000000000000000000e+00 4.638482140316420033e-01
1.199209720000000061e+03 0.000000000000000000e+00 4.583185289652191297e-01
1.199892329999999902e+03 0.000000000000000000e+00 4.544497949366825829e-01
1.200575070000000096e+03 0.000000000000000000e+00 4.505803241251732372e-01
1.201257689999999911e+03 0.000000000000000000e+00 4.449027233327965125e-01
1.201940309999999954e+03 0.000000000000000000e+00 4.385127669845411136e-01
1.202622920000000022e+03 0.000000000000000000e+00 4.317103558144748110e-01
1.203305540000000065e+03 0.000000000000000000e+00 4.228154277724084364e-01
1.203988039999999955e+03 0.000000000000000000e+00 4.139220633988053288e-01
1.204670650000000023e+03 0.000000000000000000e+00 4.084031784947784183e-01
1.205353149999999914e+03 0.000000000000000000e+00 4.050272236223110833e-01
1.206035640000000058e+03 0.000000000000000000e+00 4.016320029154046845e-01
1.206718139999999948e+03 0.000000000000000000e+00 3.979277659947564327e-01
1.207400509999999940e+03 0.000000000000000000e+00 3.942242346430449018e-01
1.208083010000000058e+03 0.000000000000000000e+00 3.895888310356609430e-01
1.208765380000000050e+03 0.000000000000000000e+00 3.840434152095343889e-01
1.209447750000000042e+03 0.000000000000000000e+00 3.784979993834078349e-01
1.210130130000000008e+03 0.000000000000000000e+00 3.726297082742072164e-01
1.210812500000000000e+03 0.000000000000000000e+00 3.667453739596308604e-01
1.211494750000000067e+03 0.000000000000000000e+00 3.624248613267644914e-01
1.212177120000000059e+03 0.000000000000000000e+00 3.604615193773904602e-01
1.212859380000000101e+03 0.000000000000000000e+00 3.584984939243663349e-01
1.213541629999999941e+03 0.000000000000000000e+00 3.554105183104629417e-01
1.214223880000000008e+03 0.000000000000000000e+00 3.521162799646618269e-01
1.214906009999999924e+03 0.000000000000000000e+00 3.481725986936604622e-01
1.215588259999999991e+03 0.000000000000000000e+00 3.426454814644163127e-01
1.216270389999999907e+03 0.000000000000000000e+00 3.371193363921063391e-01
1.216952510000000075e+03 0.000000000000000000e+00 3.330017474668306998e-01
1.217634639999999990e+03 0.000000000000000000e+00 3.293868807958872380e-01
1.218316769999999906e+03 0.000000000000000000e+00 3.265047229210191748e-01
1.218998900000000049e+03 0.000000000000000000e+00 3.269001051905949251e-01
1.219680910000000040e+03 0.000000000000000000e+00 3.272954179047012357e-01
1.220363039999999955e+03 0.000000000000000000e+00 3.250279978834700323e-01
1.221045039999999972e+03 0.000000000000000000e+00 3.211860997490842973e-01
1.221727049999999963e+03 0.000000000000000000e+00 3.175901807485108086e-01
1.222408940000000030e+03 0.000000000000000000e+00 3.170767133149938188e-01
1.223090940000000046e+03 0.000000000000000000e+00 3.165631630507890204e-01
1.223772830000000113e+03 0.000000000000000000e+00 3.150261258843742307e-01
1.224454709999999977e+03 0.000000000000000000e+00 3.125404084825451068e-01
1.225136600000000044e+03 0.000000000000000000e+00 3.100546546268319048e-01
1.225818479999999909e+03 0.000000000000000000e+00 3.067233873041163572e-01
1.226500369999999975e+03 0.000000000000000000e+00 3.033605139503983694e-01
1.227182129999999916e+03 0.000000000000000000e+00 2.997628292309779119e-01
1.227864010000000007e+03 0.000000000000000000e+00 2.958241631482509404e-01
1.228545779999999922e+03 0.000000000000000000e+00 2.918861324460451656e-01
1.229227540000000090e+03 0.000000000000000000e+00 2.917267584898929345e-01
1.229909180000000106e+03 0.000000000000000000e+00 2.922147394673479948e-01
1.230590940000000046e+03 0.000000000000000000e+00 2.911170946649108693e-01
1.231272580000000062e+03 0.000000000000000000e+00 2.862869316605523573e-01
1.231954349999999977e+03 0.000000000000000000e+00 2.814558474643769070e-01
1.232635989999999993e+03 0.000000000000000000e+00 2.817004132897227286e-01
1.233317630000000008e+03 0.000000000000000000e+00 2.837017484333855810e-01
1.233999150000000100e+03 0.000000000000000000e+00 2.849540410587116379e-01
1.234680789999999888e+03 0.000000000000000000e+00 2.829471933665448358e-01
1.235362300000000005e+03 0.000000000000000000e+00 2.809407284133594307e-01
1.236043820000000096e+03 0.000000000000000000e+00 2.768550234515003705e-01
1.236725339999999960e+03 0.000000000000000000e+00 2.715525765392768354e-01
1.237406860000000052e+03 0.000000000000000000e+00 2.666306704175966935e-01
1.238088379999999916e+03 0.000000000000000000e+00 2.664109469026478827e-01
1.238769780000000083e+03 0.000000000000000000e+00 2.661912620759572246e-01
1.239451170000000047e+03 0.000000000000000000e+00 2.644467804853498083e-01
1.240132569999999987e+03 0.000000000000000000e+00 2.612849862085320218e-01
1.240813959999999952e+03 0.000000000000000000e+00 2.581232383331563685e-01
1.241495359999999891e+03 0.000000000000000000e+00 2.610370442622725884e-01
1.242176760000000058e+03 0.000000000000000000e+00 2.641907516687837520e-01
1.242858030000000099e+03 0.000000000000000000e+00 2.644104511931323898e-01
1.243539309999999887e+03 0.000000000000000000e+00 2.603291329438883195e-01
1.244220579999999927e+03 0.000000000000000000e+00 2.562478746012633035e-01
1.244901859999999942e+03 0.000000000000000000e+00 2.566472258165246045e-01
1.245583129999999983e+03 0.000000000000000000e+00 2.578460051166845957e-01
1.246264280000000099e+03 0.000000000000000000e+00 2.578646333498924581e-01
1.246945429999999988e+03 0.000000000000000000e+00 2.550164185428006047e-01
1.247626590000000078e+03 0.000000000000000000e+00 2.521681619209122927e-01
1.248307739999999967e+03 0.000000000000000000e+00 2.522029179722447556e-01
1.248988890000000083e+03 0.000000000000000000e+00 2.532821685372264597e-01
1.249670039999999972e+03 0.000000000000000000e+00 2.543002127881954788e-01
1.250351069999999936e+03 0.000000000000000000e+00 2.550332944232425736e-01
1.251032099999999900e+03 0.000000000000000000e+00 2.557663760582896684e-01
1.251713130000000092e+03 0.000000000000000000e+00 2.570686902517126393e-01
1.252394170000000031e+03 0.000000000000000000e+00 2.587209808234534614e-01
1.253075199999999995e+03 0.000000000000000000e+00 2.603504715148341475e-01
1.253756100000000060e+03 0.000000000000000000e+00 2.616352930245875452e-01
1.254437130000000025e+03 0.000000000000000000e+00 2.629203598373166528e-01
1.255118040000000065e+03 0.000000000000000000e+00 2.640180506607384125e-01
1.255798950000000104e+03 0.000000000000000000e+00 2.649315182051558137e-01
1.256479739999999993e+03 0.000000000000000000e+00 2.658448247648536045e-01
1.257160640000000058e+03 0.000000000000000000e+00 2.674831277110513716e-01
1.257841429999999946e+03 0.000000000000000000e+00 2.691626460325439174e-01
1.258522220000000061e+03 0.000000000000000000e+00 2.695686966316229172e-01
1.259202999999999975e+03 0.000000000000000000e+00 2.679632784855370264e-01
1.259883790000000090e+03 0.000000000000000000e+00 2.663578367574102601e-01
1.260564579999999978e+03 0.000000000000000000e+00 2.669450321282770267e-01
1.261245239999999967e+03 0.000000000000000000e+00 2.679839210621487444e-01
1.261926030000000083e+03 0.000000000000000000e+00 2.687577783136238518e-01
1.262606690000000071e+03 0.000000000000000000e+00 2.688172783493297802e-01
1.263287350000000060e+03 0.000000000000000000e+00 2.688767783850357085e-01
1.263968020000000024e+03 0.000000000000000000e+00 2.685790147050368670e-01
1.264648560000000089e+03 0.000000000000000000e+00 2.681368079531382675e-01
1.265329220000000078e+03 0.000000000000000000e+00 2.682534745987123492e-01
1.266009769999999889e+03 0.000000000000000000e+00 2.714603236021848054e-01
1.266690309999999954e+03 0.000000000000000000e+00 2.746671254842271148e-01
1.267370850000000019e+03 0.000000000000000000e+00 2.763510015353746185e-01
1.268051269999999931e+03 0.000000000000000000e+00 2.769934260126598047e-01
1.268731809999999996e+03 0.000000000000000000e+00 2.775643499229089595e-01
1.269412229999999909e+03 0.000000000000000000e+00 2.761490351263479193e-01
1.270092650000000049e+03 0.000000000000000000e+00 2.747337203297864350e-01
1.270773069999999962e+03 0.000000000000000000e+00 2.728459023883595402e-01
1.271453490000000102e+03 0.000000000000000000e+00 2.704367221851516900e-01
1.272133910000000014e+03 0.000000000000000000e+00 2.680275419819446725e-01
1.272814210000000003e+03 0.000000000000000000e+00 2.680154952325652928e-01
1.273494509999999991e+03 0.000000000000000000e+00 2.682236829500552200e-01
1.274174800000000005e+03 0.000000000000000000e+00 2.685020212576929022e-01
1.274855099999999993e+03 0.000000000000000000e+00 2.689072730350288709e-01
1.275535399999999981e+03 0.000000000000000000e+00 2.693125248123648396e-01
1.276215580000000045e+03 0.000000000000000000e+00 2.687928284406992385e-01
1.276895870000000059e+03 0.000000000000000000e+00 2.680359002534824509e-01
1.277576049999999896e+03 0.000000000000000000e+00 2.673830998430601347e-01
1.278256229999999960e+03 0.000000000000000000e+00 2.670673297345433905e-01
1.278936279999999897e+03 0.000000000000000000e+00 2.667516199778660058e-01
1.279616459999999961e+03 0.000000000000000000e+00 2.653133790389649027e-01
1.280296509999999898e+03 0.000000000000000000e+00 2.633363558150982331e-01
1.280976560000000063e+03 0.000000000000000000e+00 2.615796720039527679e-01
1.281656739999999900e+03 0.000000000000000000e+00 2.615146976127270539e-01
1.282336669999999913e+03 0.000000000000000000e+00 2.614497471028236486e-01
1.283016720000000078e+03 0.000000000000000000e+00 2.590143488389373139e-01
1.283696779999999990e+03 0.000000000000000000e+00 2.546742321675251608e-01
1.284376710000000003e+03 0.000000000000000000e+00 2.503349451510946677e-01
1.285056640000000016e+03 0.000000000000000000e+00 2.476347829926522082e-01
1.285736570000000029e+03 0.000000000000000000e+00 2.449446852596401658e-01
1.286416500000000042e+03 0.000000000000000000e+00 2.422087367124421131e-01
1.287096309999999903e+03 0.000000000000000000e+00 2.394132046950880888e-01
1.287776249999999891e+03 0.000000000000000000e+00 2.366171380884184994e-01
1.288456050000000005e+03 0.000000000000000000e+00 2.345330795961666492e-01
1.289135860000000093e+03 0.000000000000000000e+00 2.325537817983430733e-01
1.289815669999999955e+03 0.000000000000000000e+00 2.304520294873599329e-01
1.290495359999999891e+03 0.000000000000000000e+00 2.280784968094371201e-01
1.291175169999999980e+03 0.000000000000000000e+00 2.257045450817685428e-01
1.291854859999999917e+03 0.000000000000000000e+00 2.243731138993559082e-01
1.292534550000000081e+03 0.000000000000000000e+00 2.233913836232239158e-01
1.293214230000000043e+03 0.000000000000000000e+00 2.223226901668315658e-01
1.293893919999999980e+03 0.000000000000000000e+00 2.208761747348705617e-01
1.294573489999999993e+03 0.000000000000000000e+00 2.194299146867635941e-01
1.295253169999999955e+03 0.000000000000000000e+00 2.188379808681123195e-01
1.295932739999999967e+03 0.000000000000000000e+00 2.187584005714525714e-01
1.296612300000000005e+03 0.000000000000000000e+00 2.183795445168353333e-01
1.297291870000000017e+03 0.000000000000000000e+00 2.135796607611084585e-01
1.297971309999999903e+03 0.000000000000000000e+00 2.087806952108480496e-01
1.298650879999999916e+03 0.000000000000000000e+00 2.068164815770814347e-01
1.299330320000000029e+03 0.000000000000000000e+00 2.076766093112235034e-01
1.300009769999999889e+03 0.000000000000000000e+00 2.085367497047278806e-01
1.300689210000000003e+03 0.000000000000000000e+00 2.051530029868506855e-01
1.301368649999999889e+03 0.000000000000000000e+00 2.014923171685440995e-01
1.302047970000000078e+03 0.000000000000000000e+00 1.983959096812503153e-01
1.302727290000000039e+03 0.000000000000000000e+00 1.962345085214780294e-01
1.303406739999999900e+03 0.000000000000000000e+00 1.940726937390381823e-01
1.304085939999999937e+03 0.000000000000000000e+00 1.916998701906673375e-01
1.304765259999999898e+03 0.000000000000000000e+00 1.892781017300917135e-01
1.305444580000000087e+03 0.000000000000000000e+00 1.870196504134537252e-01
1.306123779999999897e+03 0.000000000000000000e+00 1.852501734880422357e-01
1.306802979999999934e+03 0.000000000000000000e+00 1.834806965626301634e-01
1.307482299999999896e+03 0.000000000000000000e+00 1.825253279213007729e-01
1.308161380000000008e+03 0.000000000000000000e+00 1.819406448432445977e-01
1.308840580000000045e+03 0.000000000000000000e+00 1.809521613902840553e-01
1.309519780000000083e+03 0.000000000000000000e+00 1.771169103491350150e-01
1.310198849999999993e+03 0.000000000000000000e+00 1.732823933813603112e-01
1.310877930000000106e+03 0.000000000000000000e+00 1.705878426384994928e-01
1.311557009999999991e+03 0.000000000000000000e+00 1.687866028569110222e-01
1.312236079999999902e+03 0.000000000000000000e+00 1.669853896000291493e-01
1.312915040000000090e+03 0.000000000000000000e+00 1.664068539960389670e-01
1.313594119999999975e+03 0.000000000000000000e+00 1.658313084827950923e-01
1.314273069999999962e+03 0.000000000000000000e+00 1.645120159686048744e-01
1.314952029999999922e+03 0.000000000000000000e+00 1.622205282948329663e-01
1.315630979999999909e+03 0.000000000000000000e+00 1.599290743710267138e-01
1.316309809999999970e+03 0.000000000000000000e+00 1.587809623554425342e-01
1.316988769999999931e+03 0.000000000000000000e+00 1.578040133757883934e-01
1.317667599999999993e+03 0.000000000000000000e+00 1.567292199167779343e-01
1.318346440000000030e+03 0.000000000000000000e+00 1.554315691744207473e-01
1.319025270000000091e+03 0.000000000000000000e+00 1.541339375477717988e-01
1.319704099999999926e+03 0.000000000000000000e+00 1.527303846011891508e-01
1.320382810000000063e+03 0.000000000000000000e+00 1.512900744390053842e-01
1.321061519999999973e+03 0.000000000000000000e+00 1.497741501792214103e-01
1.321740360000000010e+03 0.000000000000000000e+00 1.479049133768061408e-01
1.322419069999999920e+03 0.000000000000000000e+00 1.460360345391315540e-01
1.323097659999999905e+03 0.000000000000000000e+00 1.451870023267027576e-01
1.323776370000000043e+03 0.000000000000000000e+00 1.449838452217026841e-01
1.324454960000000028e+03 0.000000000000000000e+00 1.446945327578091633e-01
1.325133669999999938e+03 0.000000000000000000e+00 1.426694594796484583e-01
1.325812259999999924e+03 0.000000000000000000e+00 1.406447442465927622e-01
1.326490720000000010e+03 0.000000000000000000e+00 1.390445963879782809e-01
1.327169309999999996e+03 0.000000000000000000e+00 1.378994174732102174e-01
1.327847899999999981e+03 0.000000000000000000e+00 1.367542385584421261e-01
1.328526370000000043e+03 0.000000000000000000e+00 1.360071096678784897e-01
1.329204829999999902e+03 0.000000000000000000e+00 1.352958046477037990e-01
1.329883299999999963e+03 0.000000000000000000e+00 1.340560094721290063e-01
1.330561770000000024e+03 0.000000000000000000e+00 1.318414629004810712e-01
1.331240109999999959e+03 0.000000000000000000e+00 1.296273406527599092e-01
1.331918580000000020e+03 0.000000000000000000e+00 1.293683909190889991e-01
1.332596919999999955e+03 0.000000000000000000e+00 1.296410324257431246e-01
1.333275270000000091e+03 0.000000000000000000e+00 1.294388712649124085e-01
1.333953610000000026e+03 0.000000000000000000e+00 1.275611811421350494e-01
1.334631840000000011e+03 0.000000000000000000e+00 1.256837955066552326e-01
1.335310179999999946e+03 0.000000000000000000e+00 1.248154229333982707e-01
1.335988399999999956e+03 0.000000000000000000e+00 1.244790802924285039e-01
1.336666629999999941e+03 0.000000000000000000e+00 1.240374415981454481e-01
1.337344849999999951e+03 0.000000000000000000e+00 1.225169775051202503e-01
1.338022950000000037e+03 0.000000000000000000e+00 1.209967824334908376e-01
1.338701170000000047e+03 0.000000000000000000e+00 1.211468704738455637e-01
1.339379269999999906e+03 0.000000000000000000e+00 1.228233540753715797e-01
1.340057369999999992e+03 0.000000000000000000e+00 1.244998376768981646e-01
1.340735470000000078e+03 0.000000000000000000e+00 1.209209526409396884e-01
1.341413569999999936e+03 0.000000000000000000e+00 1.171016321914445518e-01
1.342091550000000097e+03 0.000000000000000000e+00 1.139718356848986591e-01
1.342769649999999956e+03 0.000000000000000000e+00 1.119208087920416372e-01
1.343447629999999890e+03 0.000000000000000000e+00 1.098701448592597912e-01
1.344125610000000052e+03 0.000000000000000000e+00 1.104513681482411080e-01
1.344803589999999986e+03 0.000000000000000000e+00 1.115985915136569334e-01
1.345481449999999995e+03 0.000000000000000000e+00 1.122381803239329290e-01
1.346159419999999955e+03 0.000000000000000000e+00 1.114035562108275229e-01
1.346837279999999964e+03 0.000000000000000000e+00 1.105690675147057572e-01
1.347515139999999974e+03 0.000000000000000000e+00 1.098297277789181819e-01
1.348192990000000009e+03 0.000000000000000000e+00 1.091333469085180030e-01
1.348870850000000019e+03 0.000000000000000000e+00 1.084983047924726884e-01
1.349548579999999902e+03 0.000000000000000000e+00 1.083051579766566158e-01
1.350226319999999987e+03 0.000000000000000000e+00 1.081120083109324836e-01
1.350904170000000022e+03 0.000000000000000000e+00 1.076260629573434074e-01
1.351581789999999955e+03 0.000000000000000000e+00 1.069051221985341943e-01
1.352259520000000066e+03 0.000000000000000000e+00 1.061840644073416551e-01
1.352937259999999924e+03 0.000000000000000000e+00 1.042790995492299533e-01
1.353614870000000110e+03 0.000000000000000000e+00 1.023587268250966964e-01
1.354292480000000069e+03 0.000000000000000000e+00 1.011940838700801232e-01
1.354970090000000027e+03 0.000000000000000000e+00 1.010772574089092990e-01
1.355647709999999961e+03 0.000000000000000000e+00 1.009604292236426087e-01
1.356325319999999920e+03 0.000000000000000000e+00 1.018512992007412354e-01
1.357002809999999954e+03 0.000000000000000000e+00 1.029181310833247875e-01
1.357680299999999988e+03 0.000000000000000000e+00 1.033537376397701962e-01
1.358357790000000023e+03 0.000000000000000000e+00 1.021891936771037457e-01
1.359035280000000057e+03 0.000000000000000000e+00 1.010246497144372951e-01
1.359712770000000091e+03 0.000000000000000000e+00 9.985862696292523155e-02
1.360390139999999974e+03 0.000000000000000000e+00 9.869222127618083873e-02
1.361067630000000008e+03 0.000000000000000000e+00 9.790944158777130368e-02
1.361744999999999891e+03 0.000000000000000000e+00 9.936597627207893746e-02
1.362422360000000026e+03 0.000000000000000000e+00 1.008224894535941912e-01
1.363099609999999984e+03 0.000000000000000000e+00 1.007804724334651486e-01
1.363776980000000094e+03 0.000000000000000000e+00 9.964373174844803893e-02
1.364454220000000078e+03 0.000000000000000000e+00 9.851460693894967258e-02
1.365131470000000036e+03 0.000000000000000000e+00 9.821618377878822692e-02
1.365808719999999994e+03 0.000000000000000000e+00 9.791776061862679514e-02
1.366485959999999977e+03 0.000000000000000000e+00 9.675932994395092246e-02
1.367163209999999935e+03 0.000000000000000000e+00 9.450621432038731895e-02
1.367840329999999994e+03 0.000000000000000000e+00 9.225353118856360890e-02
