9.306945799999999736e+02 0.000000000000000000e+00 7.996786074823498958e-02
9.313851899999999659e+02 0.000000000000000000e+00 8.055616987953713448e-02
9.320757399999999961e+02 0.000000000000000000e+00 8.114442789870963957e-02
9.327663000000000011e+02 0.000000000000000000e+00 8.541002455515378511e-02
9.334568500000000313e+02 0.000000000000000000e+00 9.069303873801135008e-02
9.341473999999999478e+02 0.000000000000000000e+00 9.292644693782430021e-02
9.348378900000000158e+02 0.000000000000000000e+00 8.634104978381432205e-02
9.355283799999999701e+02 0.000000000000000000e+00 7.975565262980541248e-02
9.362188700000000381e+02 0.000000000000000000e+00 8.219920790835481827e-02
9.369093000000000302e+02 0.000000000000000000e+00 8.797502384488790905e-02
9.375997300000000223e+02 0.000000000000000000e+00 9.286948762530121415e-02
9.382901600000000144e+02 0.000000000000000000e+00 9.431994021429301878e-02
9.389805300000000443e+02 0.000000000000000000e+00 9.577026675552431645e-02
9.396708999999999605e+02 0.000000000000000000e+00 9.532288959932408434e-02
9.403612699999999904e+02 0.000000000000000000e+00 9.396991241141047779e-02
9.410515699999999697e+02 0.000000000000000000e+00 9.337000020426367008e-02
9.417418800000000374e+02 0.000000000000000000e+00 9.704134722053350814e-02
9.424321899999999914e+02 0.000000000000000000e+00 1.007126942368027495e-01
9.431224999999999454e+02 0.000000000000000000e+00 9.989403696623125328e-02
9.438127399999999625e+02 0.000000000000000000e+00 9.635548650868518139e-02
9.445029899999999543e+02 0.000000000000000000e+00 9.359843649116007802e-02
9.451931799999999839e+02 0.000000000000000000e+00 9.825100490014232468e-02
9.458833600000000388e+02 0.000000000000000000e+00 1.029035058991592255e-01
9.465735499999999547e+02 0.000000000000000000e+00 1.058146099472327961e-01
9.472637300000000096e+02 0.000000000000000000e+00 1.073997919099822645e-01
9.479538599999999633e+02 0.000000000000000000e+00 1.090692821853919969e-01
9.486439800000000560e+02 0.000000000000000000e+00 1.127613403021121841e-01
9.493341100000000097e+02 0.000000000000000000e+00 1.164534519176161492e-01
9.500241700000000264e+02 0.000000000000000000e+00 1.140912071019066776e-01
9.507142300000000432e+02 0.000000000000000000e+00 1.059656168996559317e-01
9.514043000000000347e+02 0.000000000000000000e+00 9.783990894546794326e-02
9.520943600000000515e+02 0.000000000000000000e+00 1.110307376705774729e-01
9.527843599999999924e+02 0.000000000000000000e+00 1.245612626893958103e-01
9.534743700000000217e+02 0.000000000000000000e+00 1.329406860029298809e-01
9.541643100000000004e+02 0.000000000000000000e+00 1.351765375781660283e-01
9.548542499999999791e+02 0.000000000000000000e+00 1.374123891534021757e-01
9.555441899999999578e+02 0.000000000000000000e+00 1.436006532952872894e-01
9.562341300000000501e+02 0.000000000000000000e+00 1.500968216865915528e-01
9.569240099999999529e+02 0.000000000000000000e+00 1.560096538983909709e-01
9.576138899999999694e+02 0.000000000000000000e+00 1.610453528189769445e-01
9.583037699999999859e+02 0.000000000000000000e+00 1.660810517395629460e-01
9.589935900000000402e+02 0.000000000000000000e+00 1.742192948468324898e-01
9.596834099999999808e+02 0.000000000000000000e+00 1.828193062029470073e-01
9.603731699999999591e+02 0.000000000000000000e+00 1.937990624466417733e-01
9.610629900000000134e+02 0.000000000000000000e+00 2.093708893648148495e-01
9.617527499999999918e+02 0.000000000000000000e+00 2.249413618577519314e-01
9.624424999999999955e+02 0.000000000000000000e+00 2.358200899330558098e-01
9.631322000000000116e+02 0.000000000000000000e+00 2.456148007258350530e-01
9.638219000000000278e+02 0.000000000000000000e+00 2.564513494764451007e-01
9.645116000000000440e+02 0.000000000000000000e+00 2.699239047853666529e-01
9.652012300000000096e+02 0.000000000000000000e+00 2.833950927188027546e-01
9.658908699999999499e+02 0.000000000000000000e+00 2.959395492301117869e-01
9.665805100000000039e+02 0.000000000000000000e+00 3.081812289201995014e-01
9.672701399999999694e+02 0.000000000000000000e+00 3.199912205906942364e-01
9.679597199999999475e+02 0.000000000000000000e+00 3.303078848674427803e-01
9.686492899999999509e+02 0.000000000000000000e+00 3.406243995362524535e-01
9.693388700000000426e+02 0.000000000000000000e+00 3.591109665154747499e-01
9.700283799999999701e+02 0.000000000000000000e+00 3.811868144247250179e-01
9.707178999999999860e+02 0.000000000000000000e+00 4.025088183848348211e-01
9.714073499999999513e+02 0.000000000000000000e+00 4.200052803037733762e-01
9.720968599999999924e+02 0.000000000000000000e+00 4.375032648678877090e-01
9.727863200000000461e+02 0.000000000000000000e+00 4.590490156536107813e-01
9.734757100000000491e+02 0.000000000000000000e+00 4.829232667007091750e-01
9.741651600000000144e+02 0.000000000000000000e+00 5.055841222216668207e-01
9.748545500000000175e+02 0.000000000000000000e+00 5.178138045957194624e-01
9.755438799999999446e+02 0.000000000000000000e+00 5.300424225781456000e-01
9.762332800000000361e+02 0.000000000000000000e+00 5.495174335409667155e-01
9.769226099999999633e+02 0.000000000000000000e+00 5.743696030374493278e-01
9.776119400000000041e+02 0.000000000000000000e+00 5.991390220635374186e-01
9.783012099999999691e+02 0.000000000000000000e+00 6.220819805731492291e-01
9.789904800000000478e+02 0.000000000000000000e+00 6.450249390827647034e-01
9.796797500000000127e+02 0.000000000000000000e+00 6.647481397961101379e-01
9.803690199999999777e+02 0.000000000000000000e+00 6.814101217885220052e-01
9.810582299999999805e+02 0.000000000000000000e+00 6.980706533784517553e-01
9.817474399999999832e+02 0.000000000000000000e+00 7.154482537206023895e-01
9.824365800000000490e+02 0.000000000000000000e+00 7.328374755182686107e-01
9.831257299999999759e+02 0.000000000000000000e+00 7.509821544730513887e-01
9.838148800000000165e+02 0.000000000000000000e+00 7.700478836778035241e-01
9.845040299999999434e+02 0.000000000000000000e+00 7.891136128825524398e-01
9.851931200000000217e+02 0.000000000000000000e+00 8.124817300468747394e-01
9.858822000000000116e+02 0.000000000000000000e+00 8.362272692301412347e-01
9.865712899999999763e+02 0.000000000000000000e+00 8.574339595575717343e-01
9.872603100000000040e+02 0.000000000000000000e+00 8.746315052019707492e-01
9.879493400000000065e+02 0.000000000000000000e+00 8.918293004406574465e-01
9.886383700000000090e+02 0.000000000000000000e+00 9.132876027192412538e-01
9.893273299999999608e+02 0.000000000000000000e+00 9.354585133542687725e-01
9.900163000000000011e+02 0.000000000000000000e+00 9.525446163899732310e-01
9.907052599999999529e+02 0.000000000000000000e+00 9.590454179979439608e-01
9.913941700000000310e+02 0.000000000000000000e+00 9.655457478222413403e-01
9.920830700000000206e+02 0.000000000000000000e+00 9.741762962124591585e-01
9.927719700000000103e+02 0.000000000000000000e+00 9.833648879259337949e-01
9.934608799999999746e+02 0.000000000000000000e+00 9.895641864806660193e-01
9.941497200000000021e+02 0.000000000000000000e+00 9.872765128298172099e-01
9.948385600000000295e+02 0.000000000000000000e+00 9.849888391789682895e-01
9.955273399999999810e+02 0.000000000000000000e+00 9.842199068185935040e-01
9.962161300000000210e+02 0.000000000000000000e+00 9.840179633510882651e-01
9.969049099999999726e+02 0.000000000000000000e+00 9.823555778581566367e-01
9.975936900000000378e+02 0.000000000000000000e+00 9.746895337744466703e-01
9.982824100000000271e+02 0.000000000000000000e+00 9.670241574840026111e-01
9.989711300000000165e+02 0.000000000000000000e+00 9.648905586745201157e-01
9.996597900000000436e+02 0.000000000000000000e+00 9.655667730879995414e-01
1.000348449999999957e+03 0.000000000000000000e+00 9.652727901423354684e-01
1.001037109999999984e+03 0.000000000000000000e+00 9.585022655797590385e-01
1.001725770000000011e+03 0.000000000000000000e+00 9.517317410171826086e-01
1.002414369999999963e+03 0.000000000000000000e+00 9.434508031269113193e-01
1.003102970000000028e+03 0.000000000000000000e+00 9.341512534054835504e-01
1.003791560000000004e+03 0.000000000000000000e+00 9.245772013675980228e-01
1.004480099999999993e+03 0.000000000000000000e+00 9.109987086167019577e-01
1.005168639999999982e+03 0.000000000000000000e+00 8.974202158658057815e-01
1.005857179999999971e+03 0.000000000000000000e+00 8.863312767493848332e-01
1.006545650000000023e+03 0.000000000000000000e+00 8.774438309905845390e-01
1.007234130000000050e+03 0.000000000000000000e+00 8.685562561419801764e-01
1.007922609999999963e+03 0.000000000000000000e+00 8.573460534244929931e-01
1.008611020000000053e+03 0.000000000000000000e+00 8.461307945570476496e-01
1.009299440000000004e+03 0.000000000000000000e+00 8.347793227677946515e-01
1.009987849999999980e+03 0.000000000000000000e+00 8.232706626811270301e-01
1.010676270000000045e+03 0.000000000000000000e+00 8.117618354170479389e-01
1.011364619999999945e+03 0.000000000000000000e+00 8.042082478385010891e-01
1.012052919999999972e+03 0.000000000000000000e+00 7.969530233165595945e-01
1.012741269999999986e+03 0.000000000000000000e+00 7.876459462808252932e-01
1.013429570000000012e+03 0.000000000000000000e+00 7.752085567160929003e-01
1.014117859999999951e+03 0.000000000000000000e+00 7.627713478485809162e-01
1.014806090000000040e+03 0.000000000000000000e+00 7.539834847914225202e-01
1.015494320000000016e+03 0.000000000000000000e+00 7.457805093242840799e-01
1.016182559999999967e+03 0.000000000000000000e+00 7.364935998596613409e-01
1.016870790000000056e+03 0.000000000000000000e+00 7.249805366145462004e-01
1.017558959999999956e+03 0.000000000000000000e+00 7.134684770801046350e-01
1.018247129999999970e+03 0.000000000000000000e+00 7.065537312678722426e-01
1.018935240000000022e+03 0.000000000000000000e+00 7.008402388059178367e-01
1.019623349999999959e+03 0.000000000000000000e+00 6.950270038680075313e-01
1.020311460000000011e+03 0.000000000000000000e+00 6.889270821679607248e-01
1.020999569999999949e+03 0.000000000000000000e+00 6.828271604679148066e-01
1.021687620000000038e+03 0.000000000000000000e+00 6.755077147467503096e-01
1.022375670000000014e+03 0.000000000000000000e+00 6.677217815719422855e-01
1.023063719999999989e+03 0.000000000000000000e+00 6.592863736087123394e-01
1.023751710000000003e+03 0.000000000000000000e+00 6.480543501827505937e-01
1.024439699999999903e+03 0.000000000000000000e+00 6.368223267567907353e-01
1.025127690000000030e+03 0.000000000000000000e+00 6.264679075300664257e-01
1.025815550000000030e+03 0.000000000000000000e+00 6.165810825138599016e-01
1.026503539999999930e+03 0.000000000000000000e+00 6.074443090445631466e-01
1.027191409999999905e+03 0.000000000000000000e+00 6.039481321900856958e-01
1.027879269999999906e+03 0.000000000000000000e+00 6.004520061617361071e-01
1.028567140000000109e+03 0.000000000000000000e+00 5.969515021835722912e-01
1.029255000000000109e+03 0.000000000000000000e+00 5.934479445669953446e-01
1.029942870000000084e+03 0.000000000000000000e+00 5.899974543155508400e-01
1.030630619999999908e+03 0.000000000000000000e+00 5.876324084883263188e-01
1.031318479999999909e+03 0.000000000000000000e+00 5.852669843913215209e-01
1.032006229999999960e+03 0.000000000000000000e+00 5.811801320819084404e-01
1.032693970000000036e+03 0.000000000000000000e+00 5.754445586381436994e-01
1.033381710000000112e+03 0.000000000000000000e+00 5.697089851943790695e-01
1.034069340000000011e+03 0.000000000000000000e+00 5.651263093187046671e-01
1.034757080000000087e+03 0.000000000000000000e+00 5.605727023693448663e-01
1.035444700000000012e+03 0.000000000000000000e+00 5.555202509617556128e-01
1.036132319999999936e+03 0.000000000000000000e+00 5.498279737576862169e-01
1.036820069999999987e+03 0.000000000000000000e+00 5.441346203835850659e-01
1.037507569999999987e+03 0.000000000000000000e+00 5.391337790110677375e-01
1.038195189999999911e+03 0.000000000000000000e+00 5.342069496108414750e-01
1.038882810000000063e+03 0.000000000000000000e+00 5.303795121372923971e-01
1.039570310000000063e+03 0.000000000000000000e+00 5.284607484335892558e-01
1.040257810000000063e+03 0.000000000000000000e+00 5.265419847298860034e-01
1.040945310000000063e+03 0.000000000000000000e+00 5.225910064876883032e-01
1.041632810000000063e+03 0.000000000000000000e+00 5.182203399367814045e-01
1.042320310000000063e+03 0.000000000000000000e+00 5.147992408357068284e-01
1.043007689999999911e+03 0.000000000000000000e+00 5.136798520504196608e-01
1.043695189999999911e+03 0.000000000000000000e+00 5.125602678467985340e-01
1.044382569999999987e+03 0.000000000000000000e+00 5.054630831792863432e-01
1.045069950000000063e+03 0.000000000000000000e+00 4.964271930716170345e-01
1.045757319999999936e+03 0.000000000000000000e+00 4.874909242829529310e-01
1.046444700000000012e+03 0.000000000000000000e+00 4.789120039232786508e-01
1.047131959999999935e+03 0.000000000000000000e+00 4.703345812365719025e-01
1.047819340000000011e+03 0.000000000000000000e+00 4.620604724282795228e-01
1.048506589999999960e+03 0.000000000000000000e+00 4.539311149012745239e-01
1.049193850000000111e+03 0.000000000000000000e+00 4.459470754386753444e-01
1.049881100000000060e+03 0.000000000000000000e+00 4.388373693492813032e-01
1.050568359999999984e+03 0.000000000000000000e+00 4.317275598083620269e-01
1.051255490000000009e+03 0.000000000000000000e+00 4.238502137625382860e-01
1.051942749999999933e+03 0.000000000000000000e+00 4.154690793543788230e-01
1.052629879999999957e+03 0.000000000000000000e+00 4.068970512291895658e-01
1.053317019999999957e+03 0.000000000000000000e+00 3.956432669921874923e-01
1.054004149999999981e+03 0.000000000000000000e+00 3.843896465323517475e-01
1.054691280000000006e+03 0.000000000000000000e+00 3.778215757855384882e-01
1.055378300000000081e+03 0.000000000000000000e+00 3.754309447382245812e-01
1.056065430000000106e+03 0.000000000000000000e+00 3.730399309227014903e-01
1.056752439999999979e+03 0.000000000000000000e+00 3.651107719119284778e-01
1.057439450000000079e+03 0.000000000000000000e+00 3.571299644629771231e-01
1.058126459999999952e+03 0.000000000000000000e+00 3.504587476049055295e-01
1.058813480000000027e+03 0.000000000000000000e+00 3.453739259906645209e-01
1.059500489999999900e+03 0.000000000000000000e+00 3.402891783891409672e-01
1.060187380000000076e+03 0.000000000000000000e+00 3.356522614017823369e-01
1.060874270000000024e+03 0.000000000000000000e+00 3.310575943709153646e-01
1.061561159999999973e+03 0.000000000000000000e+00 3.266923621007367107e-01
1.062248049999999921e+03 0.000000000000000000e+00 3.227101315715533714e-01
1.062934940000000097e+03 0.000000000000000000e+00 3.187279010423686998e-01
1.063621830000000045e+03 0.000000000000000000e+00 3.173298455989685407e-01
1.064308590000000095e+03 0.000000000000000000e+00 3.164389962268068235e-01
1.064995480000000043e+03 0.000000000000000000e+00 3.148737205518566951e-01
1.065682250000000067e+03 0.000000000000000000e+00 3.117113310972656759e-01
1.066369020000000091e+03 0.000000000000000000e+00 3.085489416426746012e-01
1.067055659999999989e+03 0.000000000000000000e+00 3.064164444908833995e-01
1.067742430000000013e+03 0.000000000000000000e+00 3.046130956229869402e-01
1.068429080000000113e+03 0.000000000000000000e+00 3.029279655518929415e-01
1.069115839999999935e+03 0.000000000000000000e+00 3.016656757593886296e-01
1.069802490000000034e+03 0.000000000000000000e+00 3.004035881508740902e-01
1.070489139999999907e+03 0.000000000000000000e+00 3.001046724548171452e-01
1.071175780000000032e+03 0.000000000000000000e+00 3.002623487801677760e-01
1.071862300000000005e+03 0.000000000000000000e+00 3.000282823904640850e-01
1.072548950000000104e+03 0.000000000000000000e+00 2.973609345112300240e-01
1.073235470000000078e+03 0.000000000000000000e+00 2.946940916275900268e-01
1.073922000000000025e+03 0.000000000000000000e+00 2.939559439677153496e-01
1.074608519999999999e+03 0.000000000000000000e+00 2.945106837312040371e-01
1.075295039999999972e+03 0.000000000000000000e+00 2.947232119788331661e-01
1.075981569999999920e+03 0.000000000000000000e+00 2.894452190115504586e-01
1.076667969999999968e+03 0.000000000000000000e+00 2.841682254748610359e-01
1.077354370000000017e+03 0.000000000000000000e+00 2.803026077681157746e-01
1.078040770000000066e+03 0.000000000000000000e+00 2.777490710291769527e-01
1.078727169999999887e+03 0.000000000000000000e+00 2.751955342902390189e-01
1.079413569999999936e+03 0.000000000000000000e+00 2.745609663972637393e-01
1.080099979999999960e+03 0.000000000000000000e+00 2.739703841559819053e-01
1.080786250000000109e+03 0.000000000000000000e+00 2.717303213175899512e-01
1.081472659999999905e+03 0.000000000000000000e+00 2.673644137247470631e-01
1.082158940000000030e+03 0.000000000000000000e+00 2.629993329962936888e-01
1.082845209999999952e+03 0.000000000000000000e+00 2.597690287962252653e-01
1.083531369999999924e+03 0.000000000000000000e+00 2.566704976635943436e-01
1.084217650000000049e+03 0.000000000000000000e+00 2.539997249603220819e-01
1.084903929999999946e+03 0.000000000000000000e+00 2.521070248696098415e-01
1.085590089999999918e+03 0.000000000000000000e+00 2.502146557283799200e-01
1.086276249999999891e+03 0.000000000000000000e+00 2.448953291165740231e-01
1.086962399999999889e+03 0.000000000000000000e+00 2.387925926619675343e-01
1.087648560000000089e+03 0.000000000000000000e+00 2.330676749037968176e-01
1.088334589999999935e+03 0.000000000000000000e+00 2.283505038534947296e-01
1.089020749999999907e+03 0.000000000000000000e+00 2.236324389177399008e-01
1.089706789999999955e+03 0.000000000000000000e+00 2.225918096410958724e-01
1.090392820000000029e+03 0.000000000000000000e+00 2.229019565602833597e-01
1.091078860000000077e+03 0.000000000000000000e+00 2.227764453984941440e-01
1.091764889999999923e+03 0.000000000000000000e+00 2.207876656832991058e-01
1.092450810000000047e+03 0.000000000000000000e+00 2.187992048546952284e-01
1.093136839999999893e+03 0.000000000000000000e+00 2.174291386459498432e-01
1.093822750000000042e+03 0.000000000000000000e+00 2.163960632155771668e-01
1.094508669999999938e+03 0.000000000000000000e+00 2.152737318728542570e-01
1.095194580000000087e+03 0.000000000000000000e+00 2.133965128584796311e-01
1.095880490000000009e+03 0.000000000000000000e+00 2.115192938441056159e-01
1.096566409999999905e+03 0.000000000000000000e+00 2.115295605061665307e-01
1.097252199999999903e+03 0.000000000000000000e+00 2.130019844093480885e-01
1.097937989999999900e+03 0.000000000000000000e+00 2.144106873574989636e-01
1.098623779999999897e+03 0.000000000000000000e+00 2.128237888010570400e-01
1.099309569999999894e+03 0.000000000000000000e+00 2.112368902446151164e-01
1.099995359999999891e+03 0.000000000000000000e+00 2.117992581302245714e-01
1.100681149999999889e+03 0.000000000000000000e+00 2.147027314040904078e-01
1.101366819999999962e+03 0.000000000000000000e+00 2.176056966262310266e-01
1.102052490000000034e+03 0.000000000000000000e+00 2.212477879622272714e-01
1.102738160000000107e+03 0.000000000000000000e+00 2.249406465034282654e-01
1.103423829999999953e+03 0.000000000000000000e+00 2.296905255030425308e-01
1.104109500000000025e+03 0.000000000000000000e+00 2.360735751268681903e-01
1.104795170000000098e+03 0.000000000000000000e+00 2.424566247506938499e-01
1.105480710000000045e+03 0.000000000000000000e+00 2.457128144445902551e-01
1.106166259999999966e+03 0.000000000000000000e+00 2.484170147191210876e-01
1.106851809999999887e+03 0.000000000000000000e+00 2.517893164604969036e-01
1.107537350000000060e+03 0.000000000000000000e+00 2.566723159883743111e-01
1.108222899999999981e+03 0.000000000000000000e+00 2.615553867447636960e-01
1.108908449999999903e+03 0.000000000000000000e+00 2.685390362041891188e-01
1.109593869999999924e+03 0.000000000000000000e+00 2.761724301413358562e-01
1.110279299999999921e+03 0.000000000000000000e+00 2.840925374960616145e-01
1.110964719999999943e+03 0.000000000000000000e+00 2.930310618622744556e-01
1.111650149999999940e+03 0.000000000000000000e+00 3.019697166379346487e-01
1.112335569999999962e+03 0.000000000000000000e+00 3.118520572390884871e-01
1.113020999999999958e+03 0.000000000000000000e+00 3.221871765926797582e-01
1.113706300000000056e+03 0.000000000000000000e+00 3.320391148807243509e-01
1.114391599999999926e+03 0.000000000000000000e+00 3.387264868878787083e-01
1.115076900000000023e+03 0.000000000000000000e+00 3.454138588950352862e-01
1.115762210000000096e+03 0.000000000000000000e+00 3.560491753626514599e-01
1.116447509999999966e+03 0.000000000000000000e+00 3.694485281940190768e-01
1.117132689999999911e+03 0.000000000000000000e+00 3.826694258332828391e-01
1.117817990000000009e+03 0.000000000000000000e+00 3.920333274322763129e-01
1.118503169999999955e+03 0.000000000000000000e+00 4.013955893578518008e-01
1.119188349999999900e+03 0.000000000000000000e+00 4.127027704068482183e-01
1.119873540000000048e+03 0.000000000000000000e+00 4.259613585439407935e-01
1.120558590000000095e+03 0.000000000000000000e+00 4.392172376480052987e-01
1.121243770000000040e+03 0.000000000000000000e+00 4.470256069063323068e-01
1.121928830000000062e+03 0.000000000000000000e+00 4.545732413588926546e-01
1.122613890000000083e+03 0.000000000000000000e+00 4.625728061627630838e-01
1.123298950000000104e+03 0.000000000000000000e+00 4.712231592271285407e-01
1.123984009999999898e+03 0.000000000000000000e+00 4.798735122914911111e-01
1.124669069999999920e+03 0.000000000000000000e+00 4.860513246430919199e-01
1.125354000000000042e+03 0.000000000000000000e+00 4.918419330612811557e-01
1.126039060000000063e+03 0.000000000000000000e+00 4.970641230833052204e-01
1.126723999999999933e+03 0.000000000000000000e+00 5.010735367017862263e-01
1.127408940000000030e+03 0.000000000000000000e+00 5.050829503202685089e-01
1.128093869999999924e+03 0.000000000000000000e+00 5.040039227979138392e-01
1.128778690000000097e+03 0.000000000000000000e+00 5.014442563838399369e-01
1.129463619999999992e+03 0.000000000000000000e+00 4.996175943065681579e-01
1.130148439999999937e+03 0.000000000000000000e+00 5.002574411612522587e-01
1.130833249999999907e+03 0.000000000000000000e+00 5.008972786726511028e-01
1.131518070000000080e+03 0.000000000000000000e+00 4.993827400360218993e-01
1.132202880000000050e+03 0.000000000000000000e+00 4.968702741548171598e-01
1.132887699999999995e+03 0.000000000000000000e+00 4.940606671649599990e-01
1.133572390000000041e+03 0.000000000000000000e+00 4.893901311807520860e-01
1.134257080000000087e+03 0.000000000000000000e+00 4.847195951965442284e-01
1.134941769999999906e+03 0.000000000000000000e+00 4.814548570789423665e-01
1.135626459999999952e+03 0.000000000000000000e+00 4.791600790618211758e-01
1.136311159999999973e+03 0.000000000000000000e+00 4.767310068034699144e-01
1.136995850000000019e+03 0.000000000000000000e+00 4.714948265546901052e-01
1.137680419999999913e+03 0.000000000000000000e+00 4.662595640082728976e-01
1.138364990000000034e+03 0.000000000000000000e+00 4.609578506720773960e-01
1.139049559999999929e+03 0.000000000000000000e+00 4.555894966563460158e-01
1.139734130000000050e+03 0.000000000000000000e+00 4.502211426406129147e-01
1.140418699999999944e+03 0.000000000000000000e+00 4.451024451921127278e-01
1.141103149999999914e+03 0.000000000000000000e+00 4.399970255611523884e-01
1.141787720000000036e+03 0.000000000000000000e+00 4.354542181032333703e-01
1.142472170000000006e+03 0.000000000000000000e+00 4.317364094864711843e-01
1.143156619999999975e+03 0.000000000000000000e+00 4.280186008697089983e-01
1.143841059999999970e+03 0.000000000000000000e+00 4.270007094000112802e-01
1.144525509999999940e+03 0.000000000000000000e+00 4.264255797139680504e-01
1.145209839999999986e+03 0.000000000000000000e+00 4.255043350042840844e-01
1.145894289999999955e+03 0.000000000000000000e+00 4.238199327466934396e-01
1.146578610000000026e+03 0.000000000000000000e+00 4.221358504135580003e-01
1.147262940000000071e+03 0.000000000000000000e+00 4.205450426783884366e-01
1.147947269999999889e+03 0.000000000000000000e+00 4.189828559540079711e-01
1.148631470000000036e+03 0.000000000000000000e+00 4.177308417505511406e-01
1.149315800000000081e+03 0.000000000000000000e+00 4.175925648784125088e-01
1.150000000000000000e+03 0.000000000000000000e+00 4.174543142742928592e-01
1.150684199999999919e+03 0.000000000000000000e+00 4.186314338218403708e-01
1.151368410000000040e+03 0.000000000000000000e+00 4.204555924794471933e-01
1.152052609999999959e+03 0.000000000000000000e+00 4.218656371770296842e-01
1.152736820000000080e+03 0.000000000000000000e+00 4.203112760277975535e-01
1.153420900000000074e+03 0.000000000000000000e+00 4.187572102074111902e-01
1.154104980000000069e+03 0.000000000000000000e+00 4.178418782162612310e-01
1.154789060000000063e+03 0.000000000000000000e+00 4.173994453196717691e-01
1.155473140000000058e+03 0.000000000000000000e+00 4.169166200210316364e-01
1.156157230000000027e+03 0.000000000000000000e+00 4.149545963027358453e-01
1.156841310000000021e+03 0.000000000000000000e+00 4.129926012652234690e-01
1.157525270000000091e+03 0.000000000000000000e+00 4.113642212540775112e-01
1.158209229999999934e+03 0.000000000000000000e+00 4.100990673917145335e-01
1.158893190000000004e+03 0.000000000000000000e+00 4.088339135293512228e-01
1.159577150000000074e+03 0.000000000000000000e+00 4.033917086613652003e-01
1.160261109999999917e+03 0.000000000000000000e+00 3.976352938834943895e-01
1.160945069999999987e+03 0.000000000000000000e+00 3.919073594904195490e-01
1.161628909999999905e+03 0.000000000000000000e+00 3.862265788993772819e-01
1.162312740000000076e+03 0.000000000000000000e+00 3.805458813801127493e-01
1.162996579999999994e+03 0.000000000000000000e+00 3.770380978502886338e-01
1.163680419999999913e+03 0.000000000000000000e+00 3.739662350680872938e-01
1.164364260000000058e+03 0.000000000000000000e+00 3.695578261976902312e-01
1.165047970000000078e+03 0.000000000000000000e+00 3.617814269672688376e-01
1.165731809999999996e+03 0.000000000000000000e+00 3.540035491393437872e-01
1.166415529999999990e+03 0.000000000000000000e+00 3.468050044403944709e-01
1.167099240000000009e+03 0.000000000000000000e+00 3.398150861633860154e-01
1.167782840000000078e+03 0.000000000000000000e+00 3.332015182100880324e-01
1.168466550000000097e+03 0.000000000000000000e+00 3.282342855190836794e-01
1.169150270000000091e+03 0.000000000000000000e+00 3.232669801769162410e-01
1.169833859999999959e+03 0.000000000000000000e+00 3.176348376728979628e-01
1.170517460000000028e+03 0.000000000000000000e+00 3.116219739023266544e-01
1.171201049999999896e+03 0.000000000000000000e+00 3.056116560139979788e-01
1.171884639999999990e+03 0.000000000000000000e+00 2.996272600997712532e-01
1.172568119999999908e+03 0.000000000000000000e+00 2.936438271656227617e-01
1.173251710000000003e+03 0.000000000000000000e+00 2.880091960463129763e-01
1.173935179999999946e+03 0.000000000000000000e+00 2.826773219977020135e-01
1.174618649999999889e+03 0.000000000000000000e+00 2.773454479490909952e-01
1.175302120000000059e+03 0.000000000000000000e+00 2.739858500264124030e-01
1.175985599999999977e+03 0.000000000000000000e+00 2.706526263532330057e-01
1.176668949999999995e+03 0.000000000000000000e+00 2.673766808306178300e-01
1.177352419999999938e+03 0.000000000000000000e+00 2.641732175403843641e-01
1.178035769999999957e+03 0.000000000000000000e+00 2.609703166970682719e-01
1.178719119999999975e+03 0.000000000000000000e+00 2.607736741639409273e-01
1.179402469999999994e+03 0.000000000000000000e+00 2.609616535115463209e-01
1.180085690000000113e+03 0.000000000000000000e+00 2.603554481867562109e-01
1.180769039999999904e+03 0.000000000000000000e+00 2.581811995053249209e-01
1.181452269999999999e+03 0.000000000000000000e+00 2.560073326338609401e-01
1.182135500000000093e+03 0.000000000000000000e+00 2.538131094721797765e-01
1.182818729999999960e+03 0.000000000000000000e+00 2.516133249137241235e-01
1.183501950000000079e+03 0.000000000000000000e+00 2.503732033348335384e-01
1.184185179999999946e+03 0.000000000000000000e+00 2.522641861573343691e-01
1.184868289999999888e+03 0.000000000000000000e+00 2.541548368545792913e-01
1.185551390000000083e+03 0.000000000000000000e+00 2.512905386026848542e-01
1.186234500000000025e+03 0.000000000000000000e+00 2.462264566311802294e-01
1.186917599999999993e+03 0.000000000000000000e+00 2.416406297769648492e-01
1.187600709999999935e+03 0.000000000000000000e+00 2.401830081133024541e-01
1.188283809999999903e+03 0.000000000000000000e+00 2.387254077876626301e-01
1.188966799999999921e+03 0.000000000000000000e+00 2.390927470344483552e-01
1.189649779999999964e+03 0.000000000000000000e+00 2.407747301017929553e-01
1.190332760000000007e+03 0.000000000000000000e+00 2.424131706564796318e-01
1.191015750000000025e+03 0.000000000000000000e+00 2.426360968778603355e-01
1.191698730000000069e+03 0.000000000000000000e+00 2.428590198352661433e-01
1.192381589999999960e+03 0.000000000000000000e+00 2.416408773137643518e-01
1.193064579999999978e+03 0.000000000000000000e+00 2.388497233442210543e-01
1.193747440000000097e+03 0.000000000000000000e+00 2.360591006416300763e-01
1.194430299999999988e+03 0.000000000000000000e+00 2.358313439443607828e-01
1.195113160000000107e+03 0.000000000000000000e+00 2.358068018648837305e-01
1.195795900000000074e+03 0.000000000000000000e+00 2.346559094449190697e-01
1.196478759999999966e+03 0.000000000000000000e+00 2.316224002412884952e-01
1.197161499999999933e+03 0.000000000000000000e+00 2.285894241207265254e-01
1.197844239999999900e+03 0.000000000000000000e+00 2.264491277481149867e-01
1.198526980000000094e+03 0.000000000000000000e+00 2.245017676248889649e-01
1.199209720000000061e+03 0.000000000000000000e+00 2.227737275208756251e-01
1.199892329999999902e+03 0.000000000000000000e+00 2.216389258235065829e-01
1.200575070000000096e+03 0.000000000000000000e+00 2.205039080082648872e-01
1.201257689999999911e+03 0.000000000000000000e+00 2.184656659302961212e-01
1.201940309999999954e+03 0.000000000000000000e+00 2.160716325306219487e-01
1.202622920000000022e+03 0.000000000000000000e+00 2.137186362730583156e-01
1.203305540000000065e+03 0.000000000000000000e+00 2.115735652234118080e-01
1.203988039999999955e+03 0.000000000000000000e+00 2.094288712628138149e-01
1.204670650000000023e+03 0.000000000000000000e+00 2.053361516563381450e-01
1.205353149999999914e+03 0.000000000000000000e+00 2.000082747862310384e-01
1.206035640000000058e+03 0.000000000000000000e+00 1.949772548391422444e-01
1.206718139999999948e+03 0.000000000000000000e+00 1.946934195737626272e-01
1.207400509999999940e+03 0.000000000000000000e+00 1.944096383722430377e-01
1.208083010000000058e+03 0.000000000000000000e+00 1.914290746526578213e-01
1.208765380000000050e+03 0.000000000000000000e+00 1.858110580856810190e-01
1.209447750000000042e+03 0.000000000000000000e+00 1.801930415187042445e-01
1.210130130000000008e+03 0.000000000000000000e+00 1.795224663564014000e-01
1.210812500000000000e+03 0.000000000000000000e+00 1.790991163027742805e-01
1.211494750000000067e+03 0.000000000000000000e+00 1.778587043832405290e-01
1.212177120000000059e+03 0.000000000000000000e+00 1.753851801811684707e-01
1.212859380000000101e+03 0.000000000000000000e+00 1.729120547182878831e-01
1.213541629999999941e+03 0.000000000000000000e+00 1.705327934685531566e-01
1.214223880000000008e+03 0.000000000000000000e+00 1.681707353962610951e-01
1.214906009999999924e+03 0.000000000000000000e+00 1.658642492362564780e-01
1.215588259999999991e+03 0.000000000000000000e+00 1.636916580041677949e-01
1.216270389999999907e+03 0.000000000000000000e+00 1.615194489061182181e-01
1.216952510000000075e+03 0.000000000000000000e+00 1.584293384064268950e-01
1.217634639999999990e+03 0.000000000000000000e+00 1.550115084628601037e-01
1.218316769999999906e+03 0.000000000000000000e+00 1.522908575317080127e-01
1.218998900000000049e+03 0.000000000000000000e+00 1.526888155394575675e-01
1.219680910000000040e+03 0.000000000000000000e+00 1.530867035386149488e-01
1.220363039999999955e+03 0.000000000000000000e+00 1.520737530922199876e-01
1.221045039999999972e+03 0.000000000000000000e+00 1.502265161019419315e-01
1.221727049999999963e+03 0.000000000000000000e+00 1.486082080235054670e-01
1.222408940000000030e+03 0.000000000000000000e+00 1.498580676042630400e-01
1.223090940000000046e+03 0.000000000000000000e+00 1.511081288077952556e-01
1.223772830000000113e+03 0.000000000000000000e+00 1.508150914179750002e-01
1.224454709999999977e+03 0.000000000000000000e+00 1.490920134616015302e-01
1.225136600000000044e+03 0.000000000000000000e+00 1.473689102357086389e-01
1.225818479999999909e+03 0.000000000000000000e+00 1.446624784285706622e-01
1.226500369999999975e+03 0.000000000000000000e+00 1.419193067068527103e-01
1.227182129999999916e+03 0.000000000000000000e+00 1.408497971096173973e-01
1.227864010000000007e+03 0.000000000000000000e+00 1.421986329029635843e-01
1.228545779999999922e+03 0.000000000000000000e+00 1.435472511038631549e-01
1.229227540000000090e+03 0.000000000000000000e+00 1.419205201882475231e-01
1.229909180000000106e+03 0.000000000000000000e+00 1.397843600516146534e-01
1.230590940000000046e+03 0.000000000000000000e+00 1.382650685094105047e-01
1.231272580000000062e+03 0.000000000000000000e+00 1.381990173240263686e-01
1.231954349999999977e+03 0.000000000000000000e+00 1.381329535415908860e-01
1.232635989999999993e+03 0.000000000000000000e+00 1.379209887882040797e-01
1.233317630000000008e+03 0.000000000000000000e+00 1.376585116847005852e-01
1.233999150000000100e+03 0.000000000000000000e+00 1.372536044179050452e-01
1.234680789999999888e+03 0.000000000000000000e+00 1.362283667590189762e-01
1.235362300000000005e+03 0.000000000000000000e+00 1.352033246298778024e-01
1.236043820000000096e+03 0.000000000000000000e+00 1.357237331956968052e-01
1.236725339999999960e+03 0.000000000000000000e+00 1.371485393358368721e-01
1.237406860000000052e+03 0.000000000000000000e+00 1.384113766470211337e-01
1.238088379999999916e+03 0.000000000000000000e+00 1.376728332146065492e-01
1.238769780000000083e+03 0.000000000000000000e+00 1.369344198227068210e-01
1.239451170000000047e+03 0.000000000000000000e+00 1.372660897186990803e-01
1.240132569999999987e+03 0.000000000000000000e+00 1.385923866467416443e-01
1.240813959999999952e+03 0.000000000000000000e+00 1.399186641104911977e-01
1.241495359999999891e+03 0.000000000000000000e+00 1.416992502264515508e-01
1.242176760000000058e+03 0.000000000000000000e+00 1.434977744297868396e-01
1.242858030000000099e+03 0.000000000000000000e+00 1.445551815068711610e-01
1.243539309999999887e+03 0.000000000000000000e+00 1.445264659118015160e-01
1.244220579999999927e+03 0.000000000000000000e+00 1.444977507382266546e-01
1.244901859999999942e+03 0.000000000000000000e+00 1.466968046090239564e-01
1.245583129999999983e+03 0.000000000000000000e+00 1.492933012999710096e-01
1.246264280000000099e+03 0.000000000000000000e+00 1.515505191236352078e-01
1.246945429999999988e+03 0.000000000000000000e+00 1.529845186667806167e-01
1.247626590000000078e+03 0.000000000000000000e+00 1.544185392625513076e-01
1.248307739999999967e+03 0.000000000000000000e+00 1.565828180175459217e-01
1.248988890000000083e+03 0.000000000000000000e+00 1.590116754546252731e-01
1.249670039999999972e+03 0.000000000000000000e+00 1.618099783628855204e-01
1.250351069999999936e+03 0.000000000000000000e+00 1.663267594253483028e-01
1.251032099999999900e+03 0.000000000000000000e+00 1.708435404878110853e-01
1.251713130000000092e+03 0.000000000000000000e+00 1.751369597193612460e-01
1.252394170000000031e+03 0.000000000000000000e+00 1.792931218561414353e-01
1.253075199999999995e+03 0.000000000000000000e+00 1.833599985069915006e-01
1.253756100000000060e+03 0.000000000000000000e+00 1.860770611697524224e-01
1.254437130000000025e+03 0.000000000000000000e+00 1.887946425843798071e-01
1.255118040000000065e+03 0.000000000000000000e+00 1.931381918181876989e-01
1.255798950000000104e+03 0.000000000000000000e+00 1.990827565439331481e-01
1.256479739999999993e+03 0.000000000000000000e+00 2.050262736308305911e-01
1.257160640000000058e+03 0.000000000000000000e+00 2.098446524609161590e-01
1.257841429999999946e+03 0.000000000000000000e+00 2.145978109985380300e-01
1.258522220000000061e+03 0.000000000000000000e+00 2.197384867512436057e-01
1.259202999999999975e+03 0.000000000000000000e+00 2.254911766769077119e-01
1.259883790000000090e+03 0.000000000000000000e+00 2.312439511040266793e-01
1.260564579999999978e+03 0.000000000000000000e+00 2.354490650403978924e-01
1.261245239999999967e+03 0.000000000000000000e+00 2.393344715002869716e-01
1.261926030000000083e+03 0.000000000000000000e+00 2.431152249689401412e-01
1.262606690000000071e+03 0.000000000000000000e+00 2.466114495056272171e-01
1.263287350000000060e+03 0.000000000000000000e+00 2.501076740423142653e-01
1.263968020000000024e+03 0.000000000000000000e+00 2.520814499808056164e-01
1.264648560000000089e+03 0.000000000000000000e+00 2.534390556104946790e-01
1.265329220000000078e+03 0.000000000000000000e+00 2.553704287570550679e-01
1.266009769999999889e+03 0.000000000000000000e+00 2.604722795997626017e-01
1.266690309999999954e+03 0.000000000000000000e+00 2.655740554758884708e-01
1.267370850000000019e+03 0.000000000000000000e+00 2.694959178431564628e-01
1.268051269999999931e+03 0.000000000000000000e+00 2.726104358290512564e-01
1.268731809999999996e+03 0.000000000000000000e+00 2.756851177126417585e-01
1.269412229999999909e+03 0.000000000000000000e+00 2.776392097222317168e-01
1.270092650000000049e+03 0.000000000000000000e+00 2.795933017318223412e-01
1.270773069999999962e+03 0.000000000000000000e+00 2.807323653942452313e-01
1.271453490000000102e+03 0.000000000000000000e+00 2.809721228253527769e-01
1.272133910000000014e+03 0.000000000000000000e+00 2.812118802564602116e-01
1.272814210000000003e+03 0.000000000000000000e+00 2.817248390985837569e-01
1.273494509999999991e+03 0.000000000000000000e+00 2.822629064083509998e-01
1.274174800000000005e+03 0.000000000000000000e+00 2.832225431805609484e-01
1.274855099999999993e+03 0.000000000000000000e+00 2.849448360859439533e-01
1.275535399999999981e+03 0.000000000000000000e+00 2.866671289913270138e-01
1.276215580000000045e+03 0.000000000000000000e+00 2.866884172625298599e-01
1.276895870000000059e+03 0.000000000000000000e+00 2.862736320118189348e-01
1.277576049999999896e+03 0.000000000000000000e+00 2.858148039590250322e-01
1.278256229999999960e+03 0.000000000000000000e+00 2.852130375073090862e-01
1.278936279999999897e+03 0.000000000000000000e+00 2.846113860687349839e-01
1.279616459999999961e+03 0.000000000000000000e+00 2.848693732395967126e-01
1.280296509999999898e+03 0.000000000000000000e+00 2.855402005443357649e-01
1.280976560000000063e+03 0.000000000000000000e+00 2.859337160580840975e-01
1.281656739999999900e+03 0.000000000000000000e+00 2.841977554478504198e-01
1.282336669999999913e+03 0.000000000000000000e+00 2.824624328895328218e-01
1.283016720000000078e+03 0.000000000000000000e+00 2.807001445691525987e-01
1.283696779999999990e+03 0.000000000000000000e+00 2.789164090121918349e-01
1.284376710000000003e+03 0.000000000000000000e+00 2.771330144334127055e-01
1.285056640000000016e+03 0.000000000000000000e+00 2.765262934040551013e-01
1.285736570000000029e+03 0.000000000000000000e+00 2.759267972930045110e-01
1.286416500000000042e+03 0.000000000000000000e+00 2.734516853742540166e-01
1.287096309999999903e+03 0.000000000000000000e+00 2.685198812644803423e-01
1.287776249999999891e+03 0.000000000000000000e+00 2.635871340462868084e-01
1.288456050000000005e+03 0.000000000000000000e+00 2.603133354139271494e-01
1.289135860000000093e+03 0.000000000000000000e+00 2.572836959880172580e-01
1.289815669999999955e+03 0.000000000000000000e+00 2.541745129473299558e-01
1.290495359999999891e+03 0.000000000000000000e+00 2.508890955157347391e-01
1.291175169999999980e+03 0.000000000000000000e+00 2.476030980401602299e-01
1.291854859999999917e+03 0.000000000000000000e+00 2.436200342604730729e-01
1.292534550000000081e+03 0.000000000000000000e+00 2.394028593493424950e-01
1.293214230000000043e+03 0.000000000000000000e+00 2.353143977861913705e-01
1.293893919999999980e+03 0.000000000000000000e+00 2.317847010200439484e-01
1.294573489999999993e+03 0.000000000000000000e+00 2.282556274256537510e-01
1.295253169999999955e+03 0.000000000000000000e+00 2.244499951698349371e-01
1.295932739999999967e+03 0.000000000000000000e+00 2.204795408962427206e-01
1.296612300000000005e+03 0.000000000000000000e+00 2.164584200672938219e-01
1.297291870000000017e+03 0.000000000000000000e+00 2.116879131278869564e-01
1.297971309999999903e+03 0.000000000000000000e+00 2.069183187742368313e-01
1.298650879999999916e+03 0.000000000000000000e+00 2.031723664890526249e-01
1.299330320000000029e+03 0.000000000000000000e+00 2.004474565005937015e-01
1.300009769999999889e+03 0.000000000000000000e+00 1.977225064069022542e-01
1.300689210000000003e+03 0.000000000000000000e+00 1.927564666276464500e-01
1.301368649999999889e+03 0.000000000000000000e+00 1.876441792448808321e-01
1.302047970000000078e+03 0.000000000000000000e+00 1.831120655670121222e-01
1.302727290000000039e+03 0.000000000000000000e+00 1.795409016818766690e-01
1.303406739999999900e+03 0.000000000000000000e+00 1.759690543908283833e-01
1.304085939999999937e+03 0.000000000000000000e+00 1.733637001501954766e-01
1.304765259999999898e+03 0.000000000000000000e+00 1.709790141916470163e-01
1.305444580000000087e+03 0.000000000000000000e+00 1.686438306034792611e-01
1.306123779999999897e+03 0.000000000000000000e+00 1.664571495597288175e-01
1.306802979999999934e+03 0.000000000000000000e+00 1.642704685159776523e-01
1.307482299999999896e+03 0.000000000000000000e+00 1.617206873956365532e-01
1.308161380000000008e+03 0.000000000000000000e+00 1.590068674240286417e-01
1.308840580000000045e+03 0.000000000000000000e+00 1.562078566085621789e-01
1.309519780000000083e+03 0.000000000000000000e+00 1.528114836402842958e-01
1.310198849999999993e+03 0.000000000000000000e+00 1.494157607433937995e-01
1.310877930000000106e+03 0.000000000000000000e+00 1.466997194781038127e-01
1.311557009999999991e+03 0.000000000000000000e+00 1.445163094721282626e-01
1.312236079999999902e+03 0.000000000000000000e+00 1.423329316186237037e-01
1.312915040000000090e+03 0.000000000000000000e+00 1.392501469691392879e-01
1.313594119999999975e+03 0.000000000000000000e+00 1.361645412884011641e-01
1.314273069999999962e+03 0.000000000000000000e+00 1.337494729198144272e-01
1.314952029999999922e+03 0.000000000000000000e+00 1.322099481345406224e-01
1.315630979999999909e+03 0.000000000000000000e+00 1.306704460240161458e-01
1.316309809999999970e+03 0.000000000000000000e+00 1.296181588763369863e-01
1.316988769999999931e+03 0.000000000000000000e+00 1.286386870862484266e-01
1.317667599999999993e+03 0.000000000000000000e+00 1.275955266614975103e-01
1.318346440000000030e+03 0.000000000000000000e+00 1.264071500512496393e-01
1.319025270000000091e+03 0.000000000000000000e+00 1.252187909469915095e-01
1.319704099999999926e+03 0.000000000000000000e+00 1.230292057236296033e-01
1.320382810000000063e+03 0.000000000000000000e+00 1.204902130059633952e-01
1.321061519999999973e+03 0.000000000000000000e+00 1.182168919759605669e-01
1.321740360000000010e+03 0.000000000000000000e+00 1.171834862168743829e-01
1.322419069999999920e+03 0.000000000000000000e+00 1.161502783582490234e-01
1.323097659999999905e+03 0.000000000000000000e+00 1.148464285480278041e-01
1.323776370000000043e+03 0.000000000000000000e+00 1.133707378020945844e-01
1.324454960000000028e+03 0.000000000000000000e+00 1.119180126060131397e-01
1.325133669999999938e+03 0.000000000000000000e+00 1.109222538159780475e-01
1.325812259999999924e+03 0.000000000000000000e+00 1.099266710820710896e-01
1.326490720000000010e+03 0.000000000000000000e+00 1.086044851469752381e-01
1.327169309999999996e+03 0.000000000000000000e+00 1.069312950932693185e-01
1.327847899999999981e+03 0.000000000000000000e+00 1.052581050395633988e-01
1.328526370000000043e+03 0.000000000000000000e+00 1.026333593723505050e-01
1.329204829999999902e+03 0.000000000000000000e+00 9.992297000888884784e-02
1.329883299999999963e+03 0.000000000000000000e+00 9.852349488127251642e-02
1.330561770000000024e+03 0.000000000000000000e+00 9.954200192293780058e-02
1.331240109999999959e+03 0.000000000000000000e+00 1.005603138109256306e-01
1.331918580000000020e+03 0.000000000000000000e+00 9.902874485104400104e-02
1.332596919999999955e+03 0.000000000000000000e+00 9.680434512874462605e-02
1.333275270000000091e+03 0.000000000000000000e+00 9.487680010838708822e-02
1.333953610000000026e+03 0.000000000000000000e+00 9.399696141701441299e-02
1.334631840000000011e+03 0.000000000000000000e+00 9.311726540078399394e-02
1.335310179999999946e+03 0.000000000000000000e+00 9.202833260590700948e-02
1.335988399999999956e+03 0.000000000000000000e+00 9.082940690386773208e-02
1.336666629999999941e+03 0.000000000000000000e+00 8.968283371364227374e-02
1.337344849999999951e+03 0.000000000000000000e+00 8.907287201824613809e-02
1.338022950000000037e+03 0.000000000000000000e+00 8.846301824565291905e-02
1.338701170000000047e+03 0.000000000000000000e+00 8.785259072673606839e-02
1.339379269999999906e+03 0.000000000000000000e+00 8.724184557931891071e-02
1.340057369999999992e+03 0.000000000000000000e+00 8.663110043190154486e-02
1.340735470000000078e+03 0.000000000000000000e+00 8.512497884527461811e-02
1.341413569999999936e+03 0.000000000000000000e+00 8.357789339497213865e-02
1.342091550000000097e+03 0.000000000000000000e+00 8.238036487702876665e-02
1.342769649999999956e+03 0.000000000000000000e+00 8.172989972149490023e-02
1.343447629999999890e+03 0.000000000000000000e+00 8.107954967555933146e-02
1.344125610000000052e+03 0.000000000000000000e+00 8.063317171895777180e-02
1.344803589999999986e+03 0.000000000000000000e+00 8.023065894669977050e-02
1.345481449999999995e+03 0.000000000000000000e+00 7.960725613141236834e-02
1.346159419999999955e+03 0.000000000000000000e+00 7.834176024521607995e-02
1.346837279999999964e+03 0.000000000000000000e+00 7.707646968454660852e-02
1.347515139999999974e+03 0.000000000000000000e+00 7.657097925253254778e-02
1.348192990000000009e+03 0.000000000000000000e+00 7.640845183091880821e-02
1.348870850000000019e+03 0.000000000000000000e+00 7.621398384547820037e-02
1.349548579999999902e+03 0.000000000000000000e+00 7.578956685642396218e-02
1.350226319999999987e+03 0.000000000000000000e+00 7.536514360503815402e-02
1.350904170000000022e+03 0.000000000000000000e+00 7.484709555885318832e-02
1.351581789999999955e+03 0.000000000000000000e+00 7.425407535810243931e-02
1.352259520000000066e+03 0.000000000000000000e+00 7.366095889067982017e-02
1.352937259999999924e+03 0.000000000000000000e+00 7.263839733229932039e-02
1.353614870000000110e+03 0.000000000000000000e+00 7.161031045797522365e-02
1.354292480000000069e+03 0.000000000000000000e+00 7.070092343827608095e-02
1.354970090000000027e+03 0.000000000000000000e+00 6.995611332235329716e-02
1.355647709999999961e+03 0.000000000000000000e+00 6.921129221470792570e-02
1.356325319999999920e+03 0.000000000000000000e+00 6.940848139174016218e-02
1.357002809999999954e+03 0.000000000000000000e+00 6.977027313252667784e-02
1.357680299999999988e+03 0.000000000000000000e+00 7.023278191686499472e-02
1.358357790000000023e+03 0.000000000000000000e+00 7.095060749989524906e-02
1.359035280000000057e+03 0.000000000000000000e+00 7.166843308292548953e-02
1.359712770000000091e+03 0.000000000000000000e+00 7.072727174357837376e-02
1.360390139999999974e+03 0.000000000000000000e+00 6.912498129088741339e-02
1.361067630000000008e+03 0.000000000000000000e+00 6.785915130505405790e-02
1.361744999999999891e+03 0.000000000000000000e+00 6.855802078160760926e-02
1.362422360000000026e+03 0.000000000000000000e+00 6.925687994076507037e-02
1.363099609999999984e+03 0.000000000000000000e+00 6.903064029980811311e-02
1.363776980000000094e+03 0.000000000000000000e+00 6.812852749582890000e-02
1.364454220000000078e+03 0.000000000000000000e+00 6.722090534091967884e-02
1.365131470000000036e+03 0.000000000000000000e+00 6.567516141884710557e-02
1.365808719999999994e+03 0.000000000000000000e+00 6.412941749677451841e-02
1.366485959999999977e+03 0.000000000000000000e+00 6.302766159442375893e-02
1.367163209999999935e+03 0.000000000000000000e+00 6.249099138554244093e-02
1.367840329999999994e+03 0.000000000000000000e+00 6.195442419198352729e-02
