9.306945799999999736e+02 0.000000000000000000e+00 6.488542349022463310e-06
9.313851899999999659e+02 0.000000000000000000e+00 7.767269552081032920e-06
9.320757399999999961e+02 0.000000000000000000e+00 9.045885659684665031e-06
9.327663000000000011e+02 0.000000000000000000e+00 8.494865789950642934e-06
9.334568500000000313e+02 0.000000000000000000e+00 7.437607381916987005e-06
9.341473999999999478e+02 0.000000000000000000e+00 6.208062624860192300e-06
9.348378900000000158e+02 0.000000000000000000e+00 4.480420553662050939e-06
9.355283799999999701e+02 0.000000000000000000e+00 2.752778482464193335e-06
9.362188700000000381e+02 0.000000000000000000e+00 4.378904785482937961e-06
9.369093000000000302e+02 0.000000000000000000e+00 7.242723589114076745e-06
9.375997300000000223e+02 0.000000000000000000e+00 1.073048759626515637e-05
9.382901600000000144e+02 0.000000000000000000e+00 1.665640784872119009e-05
9.389805300000000443e+02 0.000000000000000000e+00 2.258181312469166265e-05
9.396708999999999605e+02 0.000000000000000000e+00 1.983422343613039021e-05
9.403612699999999904e+02 0.000000000000000000e+00 1.294780821565885249e-05
9.410515699999999697e+02 0.000000000000000000e+00 7.675914430445061285e-06
9.417418800000000374e+02 0.000000000000000000e+00 1.155896715927999413e-05
9.424321899999999914e+02 0.000000000000000000e+00 1.544201988811429001e-05
9.431224999999999454e+02 0.000000000000000000e+00 1.520870625945087449e-05
9.438127399999999625e+02 0.000000000000000000e+00 1.248178425385545502e-05
9.445029899999999543e+02 0.000000000000000000e+00 9.905074046633671614e-06
9.451931799999999839e+02 0.000000000000000000e+00 8.753021831635609271e-06
9.458833600000000388e+02 0.000000000000000000e+00 7.600986308450122241e-06
9.465735499999999547e+02 0.000000000000000000e+00 9.062795568550805077e-06
9.472637300000000096e+02 0.000000000000000000e+00 1.251467112199276281e-05
9.479538599999999633e+02 0.000000000000000000e+00 1.576301020992740428e-05
9.486439800000000560e+02 0.000000000000000000e+00 1.414100968782564441e-05
9.493341100000000097e+02 0.000000000000000000e+00 1.251898566255777436e-05
9.500241700000000264e+02 0.000000000000000000e+00 1.241901967521895074e-05
9.507142300000000432e+02 0.000000000000000000e+00 1.376788489686269817e-05
9.514043000000000347e+02 0.000000000000000000e+00 1.511676966557797909e-05
9.520943600000000515e+02 0.000000000000000000e+00 1.512748793491056218e-05
9.527843599999999924e+02 0.000000000000000000e+00 1.511680869902822160e-05
9.534743700000000217e+02 0.000000000000000000e+00 1.524666252799391034e-05
9.541643100000000004e+02 0.000000000000000000e+00 1.554408356549623040e-05
9.548542499999999791e+02 0.000000000000000000e+00 1.584150460299855215e-05
9.555441899999999578e+02 0.000000000000000000e+00 2.067795411641050441e-05
9.562341300000000501e+02 0.000000000000000000e+00 2.586800693727034199e-05
9.569240099999999529e+02 0.000000000000000000e+00 2.838281355407727927e-05
9.576138899999999694e+02 0.000000000000000000e+00 2.687176674955789606e-05
9.583037699999999859e+02 0.000000000000000000e+00 2.536071994503851285e-05
9.589935900000000402e+02 0.000000000000000000e+00 2.709356321835423793e-05
9.596834099999999808e+02 0.000000000000000000e+00 2.930912430429535230e-05
9.603731699999999591e+02 0.000000000000000000e+00 3.243220289206475229e-05
9.610629900000000134e+02 0.000000000000000000e+00 3.730620002669136209e-05
9.617527499999999918e+02 0.000000000000000000e+00 4.217977322488753047e-05
9.624424999999999955e+02 0.000000000000000000e+00 4.394463247610130244e-05
9.631322000000000116e+02 0.000000000000000000e+00 4.499160653572226517e-05
9.638219000000000278e+02 0.000000000000000000e+00 4.632448026453762414e-05
9.645116000000000440e+02 0.000000000000000000e+00 4.838072310977933790e-05
9.652012300000000096e+02 0.000000000000000000e+00 5.043675725993729503e-05
9.658908699999999499e+02 0.000000000000000000e+00 5.306651710255844167e-05
9.665805100000000039e+02 0.000000000000000000e+00 5.588367234875924139e-05
9.672701399999999694e+02 0.000000000000000000e+00 5.895544750175355604e-05
9.679597199999999475e+02 0.000000000000000000e+00 6.290779848436487656e-05
9.686492899999999509e+02 0.000000000000000000e+00 6.686009215163973309e-05
9.693388700000000426e+02 0.000000000000000000e+00 7.084996585327126212e-05
9.700283799999999701e+02 0.000000000000000000e+00 7.485592800239242010e-05
9.707178999999999860e+02 0.000000000000000000e+00 7.883616240835217683e-05
9.714073499999999513e+02 0.000000000000000000e+00 8.268526654569518218e-05
9.720968599999999924e+02 0.000000000000000000e+00 8.653470565475264345e-05
9.727863200000000461e+02 0.000000000000000000e+00 9.209429797184529368e-05
9.734757100000000491e+02 0.000000000000000000e+00 9.863787737881602770e-05
9.741651600000000144e+02 0.000000000000000000e+00 1.047476994529519839e-04
9.748545500000000175e+02 0.000000000000000000e+00 1.071303084798417947e-04
9.755438799999999446e+02 0.000000000000000000e+00 1.095127101400135026e-04
9.762332800000000361e+02 0.000000000000000000e+00 1.143516893466686452e-04
9.769226099999999633e+02 0.000000000000000000e+00 1.210138746033349063e-04
9.776119400000000041e+02 0.000000000000000000e+00 1.276809292472874321e-04
9.783012099999999691e+02 0.000000000000000000e+00 1.344547533715913451e-04
9.789904800000000478e+02 0.000000000000000000e+00 1.412285774958963965e-04
9.796797500000000127e+02 0.000000000000000000e+00 1.473798501672447900e-04
9.803690199999999777e+02 0.000000000000000000e+00 1.529392254714242126e-04
9.810582299999999805e+02 0.000000000000000000e+00 1.584981168396742740e-04
9.817474399999999832e+02 0.000000000000000000e+00 1.642782797045817767e-04
9.824365800000000490e+02 0.000000000000000000e+00 1.700619862563972399e-04
9.831257299999999759e+02 0.000000000000000000e+00 1.743266302571745046e-04
9.838148800000000165e+02 0.000000000000000000e+00 1.767385182947246443e-04
9.845040299999999434e+02 0.000000000000000000e+00 1.791504063322744045e-04
9.851931200000000217e+02 0.000000000000000000e+00 1.842788752543347342e-04
9.858822000000000116e+02 0.000000000000000000e+00 1.896457192372906064e-04
9.865712899999999763e+02 0.000000000000000000e+00 1.920422953879775485e-04
9.872603100000000040e+02 0.000000000000000000e+00 1.897512550673203667e-04
9.879493400000000065e+02 0.000000000000000000e+00 1.874601814959547374e-04
9.886383700000000090e+02 0.000000000000000000e+00 1.875034082064865135e-04
9.893273299999999608e+02 0.000000000000000000e+00 1.879382577736345931e-04
9.900163000000000011e+02 0.000000000000000000e+00 1.873421563953300189e-04
9.907052599999999529e+02 0.000000000000000000e+00 1.846000538449055184e-04
9.913941700000000310e+02 0.000000000000000000e+00 1.818581502975104866e-04
9.920830700000000206e+02 0.000000000000000000e+00 1.778281923570206036e-04
9.927719700000000103e+02 0.000000000000000000e+00 1.734608133940714536e-04
9.934608799999999746e+02 0.000000000000000000e+00 1.687983132697694788e-04
9.941497200000000021e+02 0.000000000000000000e+00 1.632986810401214134e-04
9.948385600000000295e+02 0.000000000000000000e+00 1.577990488104733479e-04
9.955273399999999810e+02 0.000000000000000000e+00 1.498877782678401170e-04
9.962161300000000210e+02 0.000000000000000000e+00 1.410757456348902573e-04
9.969049099999999726e+02 0.000000000000000000e+00 1.331838381668055081e-04
9.975936900000000378e+02 0.000000000000000000e+00 1.290738940279151511e-04
9.982824100000000271e+02 0.000000000000000000e+00 1.249643079084920567e-04
9.989711300000000165e+02 0.000000000000000000e+00 1.192741168335566065e-04
9.996597900000000436e+02 0.000000000000000000e+00 1.127816214869496617e-04
1.000348449999999957e+03 0.000000000000000000e+00 1.064034695636890699e-04
1.001037109999999984e+03 0.000000000000000000e+00 1.007886158837557628e-04
1.001725770000000011e+03 0.000000000000000000e+00 9.517376220382245573e-05
1.002414369999999963e+03 0.000000000000000000e+00 9.106359044572768938e-05
1.003102970000000028e+03 0.000000000000000000e+00 8.796743936601930875e-05
1.003791560000000004e+03 0.000000000000000000e+00 8.479909079464896570e-05
1.004480099999999993e+03 0.000000000000000000e+00 8.057743447642746245e-05
1.005168639999999982e+03 0.000000000000000000e+00 7.635577815820597275e-05
1.005857179999999971e+03 0.000000000000000000e+00 7.255227150673321257e-05
1.006545650000000023e+03 0.000000000000000000e+00 6.911872875702684956e-05
1.007234130000000050e+03 0.000000000000000000e+00 6.568513613524556516e-05
1.007922609999999963e+03 0.000000000000000000e+00 6.411946465711462469e-05
1.008611020000000053e+03 0.000000000000000000e+00 6.255893530118501831e-05
1.009299440000000004e+03 0.000000000000000000e+00 6.130693608305197277e-05
1.009987849999999980e+03 0.000000000000000000e+00 6.041182212826732748e-05
1.010676270000000045e+03 0.000000000000000000e+00 5.951669517085397755e-05
1.011364619999999945e+03 0.000000000000000000e+00 5.561465060635900924e-05
1.012052919999999972e+03 0.000000000000000000e+00 5.148640624658056626e-05
1.012741269999999986e+03 0.000000000000000000e+00 4.879032788780152385e-05
1.013429570000000012e+03 0.000000000000000000e+00 4.828085331490116633e-05
1.014117859999999951e+03 0.000000000000000000e+00 4.777138614392696740e-05
1.014806090000000040e+03 0.000000000000000000e+00 4.673763540931257844e-05
1.015494320000000016e+03 0.000000000000000000e+00 4.561982466005501727e-05
1.016182559999999967e+03 0.000000000000000000e+00 4.442771198608959907e-05
1.016870790000000056e+03 0.000000000000000000e+00 4.308302471772165135e-05
1.017558959999999956e+03 0.000000000000000000e+00 4.173845467940231596e-05
1.018247129999999970e+03 0.000000000000000000e+00 4.126104185191898803e-05
1.018935240000000022e+03 0.000000000000000000e+00 4.101014044741463919e-05
1.019623349999999959e+03 0.000000000000000000e+00 4.046880813239930299e-05
1.020311460000000011e+03 0.000000000000000000e+00 3.909269909302629794e-05
1.020999569999999949e+03 0.000000000000000000e+00 3.771659005365352328e-05
1.021687620000000038e+03 0.000000000000000000e+00 3.654124965744776543e-05
1.022375670000000014e+03 0.000000000000000000e+00 3.544262712202380251e-05
1.023063719999999989e+03 0.000000000000000000e+00 3.477376013041837398e-05
1.023751710000000003e+03 0.000000000000000000e+00 3.595595037382273370e-05
1.024439699999999903e+03 0.000000000000000000e+00 3.713814061722689014e-05
1.025127690000000030e+03 0.000000000000000000e+00 3.794300083455335242e-05
1.025815550000000030e+03 0.000000000000000000e+00 3.854750587297897267e-05
1.026503539999999930e+03 0.000000000000000000e+00 3.892400917522428953e-05
1.027191409999999905e+03 0.000000000000000000e+00 3.758969756292609131e-05
1.027879269999999906e+03 0.000000000000000000e+00 3.625540534835724007e-05
1.028567140000000109e+03 0.000000000000000000e+00 3.672515297103961498e-05
1.029255000000000109e+03 0.000000000000000000e+00 3.848922963773614419e-05
1.029942870000000084e+03 0.000000000000000000e+00 4.015539134946237578e-05
1.030630619999999908e+03 0.000000000000000000e+00 3.982100776155652445e-05
1.031318479999999909e+03 0.000000000000000000e+00 3.948657069172450322e-05
1.032006229999999960e+03 0.000000000000000000e+00 4.030054125609508237e-05
1.032693970000000036e+03 0.000000000000000000e+00 4.221414969578174360e-05
1.033381710000000112e+03 0.000000000000000000e+00 4.412775813546840483e-05
1.034069340000000011e+03 0.000000000000000000e+00 4.492848062396579111e-05
1.034757080000000087e+03 0.000000000000000000e+00 4.570054848403306636e-05
1.035444700000000012e+03 0.000000000000000000e+00 4.653817265137328766e-05
1.036132319999999936e+03 0.000000000000000000e+00 4.745991917625559762e-05
1.036820069999999987e+03 0.000000000000000000e+00 4.838183996460953461e-05
1.037507569999999987e+03 0.000000000000000000e+00 4.991330371345147759e-05
1.038195189999999911e+03 0.000000000000000000e+00 5.151118167125645701e-05
1.038882810000000063e+03 0.000000000000000000e+00 5.238131675098503179e-05
1.039570310000000063e+03 0.000000000000000000e+00 5.198829484280180274e-05
1.040257810000000063e+03 0.000000000000000000e+00 5.159527293461858047e-05
1.040945310000000063e+03 0.000000000000000000e+00 5.280028335239042261e-05
1.041632810000000063e+03 0.000000000000000000e+00 5.433531575919860781e-05
1.042320310000000063e+03 0.000000000000000000e+00 5.502189474142942568e-05
1.043007689999999911e+03 0.000000000000000000e+00 5.365227313209993207e-05
1.043695189999999911e+03 0.000000000000000000e+00 5.228241241980944974e-05
1.044382569999999987e+03 0.000000000000000000e+00 5.186724498872502938e-05
1.045069950000000063e+03 0.000000000000000000e+00 5.176162400991202178e-05
1.045757319999999936e+03 0.000000000000000000e+00 5.138132560352913248e-05
1.046444700000000012e+03 0.000000000000000000e+00 5.001406880770489435e-05
1.047131959999999935e+03 0.000000000000000000e+00 4.864705070200214359e-05
1.047819340000000011e+03 0.000000000000000000e+00 4.789065784997703163e-05
1.048506589999999960e+03 0.000000000000000000e+00 4.742136383877885357e-05
1.049193850000000111e+03 0.000000000000000000e+00 4.677866192275969160e-05
1.049881100000000060e+03 0.000000000000000000e+00 4.509365634092405063e-05
1.050568359999999984e+03 0.000000000000000000e+00 4.340862624100070172e-05
1.051255490000000009e+03 0.000000000000000000e+00 4.199370074154108295e-05
1.051942749999999933e+03 0.000000000000000000e+00 4.075475438182194664e-05
1.052629879999999957e+03 0.000000000000000000e+00 3.956319668734276421e-05
1.053317019999999957e+03 0.000000000000000000e+00 3.902857868313223543e-05
1.054004149999999981e+03 0.000000000000000000e+00 3.849396845925763891e-05
1.054691280000000006e+03 0.000000000000000000e+00 3.761930754992591556e-05
1.055378300000000081e+03 0.000000000000000000e+00 3.644168803474475711e-05
1.056065430000000106e+03 0.000000000000000000e+00 3.526387996879854349e-05
1.056752439999999979e+03 0.000000000000000000e+00 3.354980032705457457e-05
1.057439450000000079e+03 0.000000000000000000e+00 3.183071790495290419e-05
1.058126459999999952e+03 0.000000000000000000e+00 3.090271610169250749e-05
1.058813480000000027e+03 0.000000000000000000e+00 3.093304865741466236e-05
1.059500489999999900e+03 0.000000000000000000e+00 3.096338077162774427e-05
1.060187380000000076e+03 0.000000000000000000e+00 3.156441192725219420e-05
1.060874270000000024e+03 0.000000000000000000e+00 3.221939238415440194e-05
1.061561159999999973e+03 0.000000000000000000e+00 3.237001645985051486e-05
1.062248049999999921e+03 0.000000000000000000e+00 3.167870459042431222e-05
1.062934940000000097e+03 0.000000000000000000e+00 3.098739272099787240e-05
1.063621830000000045e+03 0.000000000000000000e+00 3.007852580938965973e-05
1.064308590000000095e+03 0.000000000000000000e+00 2.912715281209938398e-05
1.064995480000000043e+03 0.000000000000000000e+00 2.861078269696946781e-05
1.065682250000000067e+03 0.000000000000000000e+00 2.912549695795653307e-05
1.066369020000000091e+03 0.000000000000000000e+00 2.964021121894359494e-05
1.067055659999999989e+03 0.000000000000000000e+00 2.894507857242124881e-05
1.067742430000000013e+03 0.000000000000000000e+00 2.786248522624417253e-05
1.068429080000000113e+03 0.000000000000000000e+00 2.717107659354280570e-05
1.069115839999999935e+03 0.000000000000000000e+00 2.788268724857535157e-05
1.069802490000000034e+03 0.000000000000000000e+00 2.859418392321903254e-05
1.070489139999999907e+03 0.000000000000000000e+00 2.867367108879487748e-05
1.071175780000000032e+03 0.000000000000000000e+00 2.845355559855806328e-05
1.071862300000000005e+03 0.000000000000000000e+00 2.830052487114248665e-05
1.072548950000000104e+03 0.000000000000000000e+00 2.856394007623909318e-05
1.073235470000000078e+03 0.000000000000000000e+00 2.882730541025625885e-05
1.073922000000000025e+03 0.000000000000000000e+00 2.842270199772629956e-05
1.074608519999999999e+03 0.000000000000000000e+00 2.757034644756626158e-05
1.075295039999999972e+03 0.000000000000000000e+00 2.677797802312562229e-05
1.075981569999999920e+03 0.000000000000000000e+00 2.694804600740736682e-05
1.076667969999999968e+03 0.000000000000000000e+00 2.711808178794282277e-05
1.077354370000000017e+03 0.000000000000000000e+00 2.697460668235108450e-05
1.078040770000000066e+03 0.000000000000000000e+00 2.653967719716724365e-05
1.078727169999999887e+03 0.000000000000000000e+00 2.610474771198354848e-05
1.079413569999999936e+03 0.000000000000000000e+00 2.550663037050911056e-05
1.080099979999999960e+03 0.000000000000000000e+00 2.490476301795828222e-05
1.080786250000000109e+03 0.000000000000000000e+00 2.484497718726946794e-05
1.081472659999999905e+03 0.000000000000000000e+00 2.548345256060964001e-05
1.082158940000000030e+03 0.000000000000000000e+00 2.612180701234563090e-05
1.082845209999999952e+03 0.000000000000000000e+00 2.556544890328884596e-05
1.083531369999999924e+03 0.000000000000000000e+00 2.487098543535291731e-05
1.084217650000000049e+03 0.000000000000000000e+00 2.445038633570294228e-05
1.084903929999999946e+03 0.000000000000000000e+00 2.452752411162169096e-05
1.085590089999999918e+03 0.000000000000000000e+00 2.460464839955724836e-05
1.086276249999999891e+03 0.000000000000000000e+00 2.412795915955927027e-05
1.086962399999999889e+03 0.000000000000000000e+00 2.352466137592698991e-05
1.087648560000000089e+03 0.000000000000000000e+00 2.296304347008209075e-05
1.088334589999999935e+03 0.000000000000000000e+00 2.251258133249516008e-05
1.089020749999999907e+03 0.000000000000000000e+00 2.206203383409610476e-05
1.089706789999999955e+03 0.000000000000000000e+00 2.171427975779097793e-05
1.090392820000000029e+03 0.000000000000000000e+00 2.140426738711969566e-05
1.091078860000000077e+03 0.000000000000000000e+00 2.120265376732845565e-05
1.091764889999999923e+03 0.000000000000000000e+00 2.146466929888557029e-05
1.092450810000000047e+03 0.000000000000000000e+00 2.172664281812777297e-05
1.093136839999999893e+03 0.000000000000000000e+00 2.198766299455719162e-05
1.093822750000000042e+03 0.000000000000000000e+00 2.224809576522446654e-05
1.094508669999999938e+03 0.000000000000000000e+00 2.251372645354399700e-05
1.095194580000000087e+03 0.000000000000000000e+00 2.282329124911974293e-05
1.095880490000000009e+03 0.000000000000000000e+00 2.313285604469538382e-05
1.096566409999999905e+03 0.000000000000000000e+00 2.408804295786157935e-05
1.097252199999999903e+03 0.000000000000000000e+00 2.554317555966383797e-05
1.097937989999999900e+03 0.000000000000000000e+00 2.695284273608182816e-05
1.098623779999999897e+03 0.000000000000000000e+00 2.622512360649604805e-05
1.099309569999999894e+03 0.000000000000000000e+00 2.549740447691026794e-05
1.099995359999999891e+03 0.000000000000000000e+00 2.519837790364890686e-05
1.100681149999999889e+03 0.000000000000000000e+00 2.536630807147851843e-05
1.101366819999999962e+03 0.000000000000000000e+00 2.553420885477332284e-05
1.102052490000000034e+03 0.000000000000000000e+00 2.589348632514450698e-05
1.102738160000000107e+03 0.000000000000000000e+00 2.626590858821355710e-05
1.103423829999999953e+03 0.000000000000000000e+00 2.689650617602570010e-05
1.104109500000000025e+03 0.000000000000000000e+00 2.792600271882982702e-05
1.104795170000000098e+03 0.000000000000000000e+00 2.895549926163395394e-05
1.105480710000000045e+03 0.000000000000000000e+00 3.042864206157448436e-05
1.106166259999999966e+03 0.000000000000000000e+00 3.198019544833902031e-05
1.106851809999999887e+03 0.000000000000000000e+00 3.311821145432657294e-05
1.107537350000000060e+03 0.000000000000000000e+00 3.332109788840524866e-05
1.108222899999999981e+03 0.000000000000000000e+00 3.352398728199656422e-05
1.108908449999999903e+03 0.000000000000000000e+00 3.485474529072959179e-05
1.109593869999999924e+03 0.000000000000000000e+00 3.653483082502822051e-05
1.110279299999999921e+03 0.000000000000000000e+00 3.812509905184653013e-05
1.110964719999999943e+03 0.000000000000000000e+00 3.939606227761670510e-05
1.111650149999999940e+03 0.000000000000000000e+00 4.066704404622517219e-05
1.112335569999999962e+03 0.000000000000000000e+00 4.224807887244408415e-05
1.113020999999999958e+03 0.000000000000000000e+00 4.397784063510100811e-05
1.113706300000000056e+03 0.000000000000000000e+00 4.581263852021427637e-05
1.114391599999999926e+03 0.000000000000000000e+00 4.834032397535155227e-05
1.115076900000000023e+03 0.000000000000000000e+00 5.086800943048966844e-05
1.115762210000000096e+03 0.000000000000000000e+00 5.289794287679073468e-05
1.116447509999999966e+03 0.000000000000000000e+00 5.457930637226494685e-05
1.117132689999999911e+03 0.000000000000000000e+00 5.628228498576263701e-05
1.117817990000000009e+03 0.000000000000000000e+00 5.846569502272566150e-05
1.118503169999999955e+03 0.000000000000000000e+00 6.064872273194206204e-05
1.119188349999999900e+03 0.000000000000000000e+00 6.263544212276931614e-05
1.119873540000000048e+03 0.000000000000000000e+00 6.442524399167836354e-05
1.120558590000000095e+03 0.000000000000000000e+00 6.621468016309938571e-05
1.121243770000000040e+03 0.000000000000000000e+00 6.829219980262324742e-05
1.121928830000000062e+03 0.000000000000000000e+00 7.038304935451086873e-05
1.122613890000000083e+03 0.000000000000000000e+00 7.207725504124923614e-05
1.123298950000000104e+03 0.000000000000000000e+00 7.320028605408434067e-05
1.123984009999999898e+03 0.000000000000000000e+00 7.432331706691907929e-05
1.124669069999999920e+03 0.000000000000000000e+00 7.594041626075194993e-05
1.125354000000000042e+03 0.000000000000000000e+00 7.763434621753938800e-05
1.126039060000000063e+03 0.000000000000000000e+00 7.931322226884259083e-05
1.126723999999999933e+03 0.000000000000000000e+00 8.095908728531128458e-05
1.127408940000000030e+03 0.000000000000000000e+00 8.260495230178052043e-05
1.128093869999999924e+03 0.000000000000000000e+00 8.352347030956389670e-05
1.128778690000000097e+03 0.000000000000000000e+00 8.423017654480489643e-05
1.129463619999999992e+03 0.000000000000000000e+00 8.444967946927230042e-05
1.130148439999999937e+03 0.000000000000000000e+00 8.303047388348793422e-05
1.130833249999999907e+03 0.000000000000000000e+00 8.161128902147891137e-05
1.131518070000000080e+03 0.000000000000000000e+00 8.059610348254722353e-05
1.132202880000000050e+03 0.000000000000000000e+00 7.976808197988598660e-05
1.132887699999999995e+03 0.000000000000000000e+00 7.908551949497656978e-05
1.133572390000000041e+03 0.000000000000000000e+00 7.931451358593607451e-05
1.134257080000000087e+03 0.000000000000000000e+00 7.954350767689559280e-05
1.134941769999999906e+03 0.000000000000000000e+00 7.887819675304648533e-05
1.135626459999999952e+03 0.000000000000000000e+00 7.759584108711041885e-05
1.136311159999999973e+03 0.000000000000000000e+00 7.632666133673286822e-05
1.136995850000000019e+03 0.000000000000000000e+00 7.533337573764796393e-05
1.137680419999999913e+03 0.000000000000000000e+00 7.434026422358262559e-05
1.138364990000000034e+03 0.000000000000000000e+00 7.322422022622892472e-05
1.139049559999999929e+03 0.000000000000000000e+00 7.198489245375253509e-05
1.139734130000000050e+03 0.000000000000000000e+00 7.074556468127575243e-05
1.140418699999999944e+03 0.000000000000000000e+00 6.934723047224687653e-05
1.141103149999999914e+03 0.000000000000000000e+00 6.794125620124074304e-05
1.141787720000000036e+03 0.000000000000000000e+00 6.676558967986293794e-05
1.142472170000000006e+03 0.000000000000000000e+00 6.592734475704860049e-05
1.143156619999999975e+03 0.000000000000000000e+00 6.508909983423427658e-05
1.143841059999999970e+03 0.000000000000000000e+00 6.473217575825979640e-05
1.144525509999999940e+03 0.000000000000000000e+00 6.445418092658343793e-05
1.145209839999999986e+03 0.000000000000000000e+00 6.461547753324335306e-05
1.145894289999999955e+03 0.000000000000000000e+00 6.574481245978826141e-05
1.146578610000000026e+03 0.000000000000000000e+00 6.687393288777177382e-05
1.147262940000000071e+03 0.000000000000000000e+00 6.661870816009693322e-05
1.147947269999999889e+03 0.000000000000000000e+00 6.593880855121292612e-05
1.148631470000000036e+03 0.000000000000000000e+00 6.574747965103460833e-05
1.149315800000000081e+03 0.000000000000000000e+00 6.731201743183197407e-05
1.150000000000000000e+03 0.000000000000000000e+00 6.887625800234820062e-05
1.150684199999999919e+03 0.000000000000000000e+00 6.914048320159069724e-05
1.151368410000000040e+03 0.000000000000000000e+00 6.876524327215203950e-05
1.152052609999999959e+03 0.000000000000000000e+00 6.853765203830361062e-05
1.152736820000000080e+03 0.000000000000000000e+00 6.936702648533156208e-05
1.153420900000000074e+03 0.000000000000000000e+00 7.019624335109322694e-05
1.154104980000000069e+03 0.000000000000000000e+00 7.025990166815269142e-05
1.154789060000000063e+03 0.000000000000000000e+00 6.975676372682826701e-05
1.155473140000000058e+03 0.000000000000000000e+00 6.925950960529349255e-05
1.156157230000000027e+03 0.000000000000000000e+00 6.897771684169152942e-05
1.156841310000000021e+03 0.000000000000000000e+00 6.869592819732480620e-05
1.157525270000000091e+03 0.000000000000000000e+00 6.834077518525493464e-05
1.158209229999999934e+03 0.000000000000000000e+00 6.790560974260858467e-05
1.158893190000000004e+03 0.000000000000000000e+00 6.747044429996209918e-05
1.159577150000000074e+03 0.000000000000000000e+00 6.658129048806455666e-05
1.160261109999999917e+03 0.000000000000000000e+00 6.565798635231443912e-05
1.160945069999999987e+03 0.000000000000000000e+00 6.457413432984368475e-05
1.161628909999999905e+03 0.000000000000000000e+00 6.323032503003831427e-05
1.162312740000000076e+03 0.000000000000000000e+00 6.188653538116395912e-05
1.162996579999999994e+03 0.000000000000000000e+00 6.074180886994487368e-05
1.163680419999999913e+03 0.000000000000000000e+00 5.963701997281106211e-05
1.164364260000000058e+03 0.000000000000000000e+00 5.822102489469864494e-05
1.165047970000000078e+03 0.000000000000000000e+00 5.602088892115275311e-05
1.165731809999999996e+03 0.000000000000000000e+00 5.382033461574636248e-05
1.166415529999999990e+03 0.000000000000000000e+00 5.296947876475648472e-05
1.167099240000000009e+03 0.000000000000000000e+00 5.260544432347708823e-05
1.167782840000000078e+03 0.000000000000000000e+00 5.194398033201311844e-05
1.168466550000000097e+03 0.000000000000000000e+00 4.997631141233889267e-05
1.169150270000000091e+03 0.000000000000000000e+00 4.800861371337352188e-05
1.169833859999999959e+03 0.000000000000000000e+00 4.677744326953185510e-05
1.170517460000000028e+03 0.000000000000000000e+00 4.596712629387902991e-05
1.171201049999999896e+03 0.000000000000000000e+00 4.507444766843810881e-05
1.171884639999999990e+03 0.000000000000000000e+00 4.331303416271748541e-05
1.172568119999999908e+03 0.000000000000000000e+00 4.155190409514830397e-05
1.173251710000000003e+03 0.000000000000000000e+00 4.047830605242918944e-05
1.173935179999999946e+03 0.000000000000000000e+00 3.999832572204203602e-05
1.174618649999999889e+03 0.000000000000000000e+00 3.951834539165488937e-05
1.175302120000000059e+03 0.000000000000000000e+00 3.846017815950242426e-05
1.175985599999999977e+03 0.000000000000000000e+00 3.739424923439279614e-05
1.176668949999999995e+03 0.000000000000000000e+00 3.630985602261006974e-05
1.177352419999999938e+03 0.000000000000000000e+00 3.520119635345649484e-05
1.178035769999999957e+03 0.000000000000000000e+00 3.409273133682639656e-05
1.178719119999999975e+03 0.000000000000000000e+00 3.422565053896678297e-05
1.179402469999999994e+03 0.000000000000000000e+00 3.451739293049087384e-05
1.180085690000000113e+03 0.000000000000000000e+00 3.452857599699046592e-05
1.180769039999999904e+03 0.000000000000000000e+00 3.398594842812635960e-05
1.181452269999999999e+03 0.000000000000000000e+00 3.344341614763292597e-05
1.182135500000000093e+03 0.000000000000000000e+00 3.312408800560703018e-05
1.182818729999999960e+03 0.000000000000000000e+00 3.286573987333039914e-05
1.183501950000000079e+03 0.000000000000000000e+00 3.253004387808598779e-05
1.184185179999999946e+03 0.000000000000000000e+00 3.194195686203091217e-05
1.184868289999999888e+03 0.000000000000000000e+00 3.135397313541260717e-05
1.185551390000000083e+03 0.000000000000000000e+00 3.069953368826661968e-05
1.186234500000000025e+03 0.000000000000000000e+00 3.001433665218066822e-05
1.186917599999999993e+03 0.000000000000000000e+00 2.940550030138146983e-05
1.187600709999999935e+03 0.000000000000000000e+00 2.929614298849446676e-05
1.188283809999999903e+03 0.000000000000000000e+00 2.918678727648159395e-05
1.188966799999999921e+03 0.000000000000000000e+00 2.895601612711444346e-05
1.189649779999999964e+03 0.000000000000000000e+00 2.863775921686870506e-05
1.190332760000000007e+03 0.000000000000000000e+00 2.831095330746370882e-05
1.191015750000000025e+03 0.000000000000000000e+00 2.770622029774963538e-05
1.191698730000000069e+03 0.000000000000000000e+00 2.710149614223559568e-05
1.192381589999999960e+03 0.000000000000000000e+00 2.653845845505596417e-05
1.193064579999999978e+03 0.000000000000000000e+00 2.602069548206717488e-05
1.193747440000000097e+03 0.000000000000000000e+00 2.550303105984257727e-05
1.194430299999999988e+03 0.000000000000000000e+00 2.531287865128310392e-05
1.195113160000000107e+03 0.000000000000000000e+00 2.514869530569492753e-05
1.195795900000000074e+03 0.000000000000000000e+00 2.476317991732179059e-05
1.196478759999999966e+03 0.000000000000000000e+00 2.400764849714866992e-05
1.197161499999999933e+03 0.000000000000000000e+00 2.325224984763185523e-05
1.197844239999999900e+03 0.000000000000000000e+00 2.317341368979471757e-05
1.198526980000000094e+03 0.000000000000000000e+00 2.324080402574748455e-05
1.199209720000000061e+03 0.000000000000000000e+00 2.325741939881586864e-05
1.199892329999999902e+03 0.000000000000000000e+00 2.313676665871794861e-05
1.200575070000000096e+03 0.000000000000000000e+00 2.301609094084904329e-05
1.201257689999999911e+03 0.000000000000000000e+00 2.245559233584521313e-05
1.201940309999999954e+03 0.000000000000000000e+00 2.172187190477377060e-05
1.202622920000000022e+03 0.000000000000000000e+00 2.107532284038332338e-05
1.203305540000000065e+03 0.000000000000000000e+00 2.087083695409432574e-05
1.203988039999999955e+03 0.000000000000000000e+00 2.066638701504740509e-05
1.204670650000000023e+03 0.000000000000000000e+00 2.032768348653038389e-05
1.205353149999999914e+03 0.000000000000000000e+00 1.990387059020355426e-05
1.206035640000000058e+03 0.000000000000000000e+00 1.949884706900778671e-05
1.206718139999999948e+03 0.000000000000000000e+00 1.939427210018493776e-05
1.207400509999999940e+03 0.000000000000000000e+00 1.928971705040375176e-05
1.208083010000000058e+03 0.000000000000000000e+00 1.902731592838084390e-05
1.208765380000000050e+03 0.000000000000000000e+00 1.861057451564542486e-05
1.209447750000000042e+03 0.000000000000000000e+00 1.819383310291000243e-05
1.210130130000000008e+03 0.000000000000000000e+00 1.744523329054510860e-05
1.210812500000000000e+03 0.000000000000000000e+00 1.668006262660339951e-05
1.211494750000000067e+03 0.000000000000000000e+00 1.623810741064912709e-05
1.212177120000000059e+03 0.000000000000000000e+00 1.628353844157354383e-05
1.212859380000000101e+03 0.000000000000000000e+00 1.632896214888554772e-05
1.213541629999999941e+03 0.000000000000000000e+00 1.639920320149478128e-05
1.214223880000000008e+03 0.000000000000000000e+00 1.647399458888296198e-05
1.214906009999999924e+03 0.000000000000000000e+00 1.657681181327328397e-05
1.215588259999999991e+03 0.000000000000000000e+00 1.674791938672674411e-05
1.216270389999999907e+03 0.000000000000000000e+00 1.691899686430795808e-05
1.216952510000000075e+03 0.000000000000000000e+00 1.669020010793943954e-05
1.217634639999999990e+03 0.000000000000000000e+00 1.631865800018422483e-05
1.218316769999999906e+03 0.000000000000000000e+00 1.598302508315675927e-05
1.218998900000000049e+03 0.000000000000000000e+00 1.580802052871349315e-05
1.219680910000000040e+03 0.000000000000000000e+00 1.563304676099205206e-05
1.220363039999999955e+03 0.000000000000000000e+00 1.532961841736205994e-05
1.221045039999999972e+03 0.000000000000000000e+00 1.495029185233962921e-05
1.221727049999999963e+03 0.000000000000000000e+00 1.456821283597607396e-05
1.222408940000000030e+03 0.000000000000000000e+00 1.415179374921181230e-05
1.223090940000000046e+03 0.000000000000000000e+00 1.373530748724403715e-05
1.223772830000000113e+03 0.000000000000000000e+00 1.351468733629416457e-05
1.224454709999999977e+03 0.000000000000000000e+00 1.347554803584574107e-05
1.225136600000000044e+03 0.000000000000000000e+00 1.343640816140627435e-05
1.225818479999999909e+03 0.000000000000000000e+00 1.346744877957624502e-05
1.226500369999999975e+03 0.000000000000000000e+00 1.350110907159418576e-05
1.227182129999999916e+03 0.000000000000000000e+00 1.354068421402632528e-05
1.227864010000000007e+03 0.000000000000000000e+00 1.358882555357790101e-05
1.228545779999999922e+03 0.000000000000000000e+00 1.363695912703080967e-05
1.229227540000000090e+03 0.000000000000000000e+00 1.328653305619510581e-05
1.229909180000000106e+03 0.000000000000000000e+00 1.286788994229374956e-05
1.230590940000000046e+03 0.000000000000000000e+00 1.266010761014871654e-05
1.231272580000000062e+03 0.000000000000000000e+00 1.294889445107102891e-05
1.231954349999999977e+03 0.000000000000000000e+00 1.323773636841093815e-05
1.232635989999999993e+03 0.000000000000000000e+00 1.294869859874444074e-05
1.233317630000000008e+03 0.000000000000000000e+00 1.245962954044846509e-05
1.233999150000000100e+03 0.000000000000000000e+00 1.209847084034726950e-05
1.234680789999999888e+03 0.000000000000000000e+00 1.229372088902076374e-05
1.235362300000000005e+03 0.000000000000000000e+00 1.248893370028702880e-05
1.236043820000000096e+03 0.000000000000000000e+00 1.238107577885769703e-05
1.236725339999999960e+03 0.000000000000000000e+00 1.209586094828760400e-05
1.237406860000000052e+03 0.000000000000000000e+00 1.187672264584210154e-05
1.238088379999999916e+03 0.000000000000000000e+00 1.247406422933974012e-05
1.238769780000000083e+03 0.000000000000000000e+00 1.307130063472105212e-05
1.239451170000000047e+03 0.000000000000000000e+00 1.321018433488958395e-05
1.240132569999999987e+03 0.000000000000000000e+00 1.292304374064004143e-05
1.240813959999999952e+03 0.000000000000000000e+00 1.263590736037044480e-05
1.241495359999999891e+03 0.000000000000000000e+00 1.282482230016351083e-05
1.242176760000000058e+03 0.000000000000000000e+00 1.303253479444793300e-05
1.242858030000000099e+03 0.000000000000000000e+00 1.320040328615507323e-05
1.243539309999999887e+03 0.000000000000000000e+00 1.330991224286416713e-05
1.244220579999999927e+03 0.000000000000000000e+00 1.341941959217316204e-05
1.244901859999999942e+03 0.000000000000000000e+00 1.338289797203676892e-05
1.245583129999999983e+03 0.000000000000000000e+00 1.332032234382426854e-05
1.246264280000000099e+03 0.000000000000000000e+00 1.338498987900364477e-05
1.246945429999999988e+03 0.000000000000000000e+00 1.375878720531867449e-05
1.247626590000000078e+03 0.000000000000000000e+00 1.413259001937258387e-05
1.248307739999999967e+03 0.000000000000000000e+00 1.450642580497240541e-05
1.248988890000000083e+03 0.000000000000000000e+00 1.488027552429347766e-05
1.249670039999999972e+03 0.000000000000000000e+00 1.524596334115992587e-05
1.250351069999999936e+03 0.000000000000000000e+00 1.557361069717980181e-05
1.251032099999999900e+03 0.000000000000000000e+00 1.590125805319967436e-05
1.251713130000000092e+03 0.000000000000000000e+00 1.611753818202948783e-05
1.252394170000000031e+03 0.000000000000000000e+00 1.626535426947390919e-05
1.253075199999999995e+03 0.000000000000000000e+00 1.643741562153198092e-05
1.253756100000000060e+03 0.000000000000000000e+00 1.697605552311871389e-05
1.254437130000000025e+03 0.000000000000000000e+00 1.751479826387001269e-05
1.255118040000000065e+03 0.000000000000000000e+00 1.779303273661571915e-05
1.255798950000000104e+03 0.000000000000000000e+00 1.781492570160412534e-05
1.256479739999999993e+03 0.000000000000000000e+00 1.783681480829142887e-05
1.257160640000000058e+03 0.000000000000000000e+00 1.814824200021880051e-05
1.257841429999999946e+03 0.000000000000000000e+00 1.847618772343494195e-05
1.258522220000000061e+03 0.000000000000000000e+00 1.871124331983465251e-05
1.259202999999999975e+03 0.000000000000000000e+00 1.879957401195077185e-05
1.259883790000000090e+03 0.000000000000000000e+00 1.888790600155938320e-05
1.260564579999999978e+03 0.000000000000000000e+00 1.837405682783633509e-05
1.261245239999999967e+03 0.000000000000000000e+00 1.773622282740873704e-05
1.261926030000000083e+03 0.000000000000000000e+00 1.751399458184401675e-05
1.262606690000000071e+03 0.000000000000000000e+00 1.841127658314997871e-05
1.263287350000000060e+03 0.000000000000000000e+00 1.930855858445594067e-05
1.263968020000000024e+03 0.000000000000000000e+00 1.946515467425037797e-05
1.264648560000000089e+03 0.000000000000000000e+00 1.932213623826375547e-05
1.265329220000000078e+03 0.000000000000000000e+00 1.929766119544266436e-05
1.266009769999999889e+03 0.000000000000000000e+00 1.992870485557062134e-05
1.266690309999999954e+03 0.000000000000000000e+00 2.055973924314485196e-05
1.267370850000000019e+03 0.000000000000000000e+00 2.079000586302117136e-05
1.268051269999999931e+03 0.000000000000000000e+00 2.074624530843511587e-05
1.268731809999999996e+03 0.000000000000000000e+00 2.070782100747876826e-05
1.269412229999999909e+03 0.000000000000000000e+00 2.081761311318129553e-05
1.270092650000000049e+03 0.000000000000000000e+00 2.092740521888386345e-05
1.270773069999999962e+03 0.000000000000000000e+00 2.100803208036580873e-05
1.271453490000000102e+03 0.000000000000000000e+00 2.105647786991748490e-05
1.272133910000000014e+03 0.000000000000000000e+00 2.110492365946914413e-05
1.272814210000000003e+03 0.000000000000000000e+00 2.108753354132859344e-05
1.273494509999999991e+03 0.000000000000000000e+00 2.106409452155963338e-05
1.274174800000000005e+03 0.000000000000000000e+00 2.110740498166756857e-05
1.274855099999999993e+03 0.000000000000000000e+00 2.127146661980059913e-05
1.275535399999999981e+03 0.000000000000000000e+00 2.143552825793362631e-05
1.276215580000000045e+03 0.000000000000000000e+00 2.103034661091496112e-05
1.276895870000000059e+03 0.000000000000000000e+00 2.047914709843460043e-05
1.277576049999999896e+03 0.000000000000000000e+00 2.013123037310157748e-05
1.278256229999999960e+03 0.000000000000000000e+00 2.044176437062861684e-05
1.278936279999999897e+03 0.000000000000000000e+00 2.075223901707253280e-05
1.279616459999999961e+03 0.000000000000000000e+00 2.075061303672309622e-05
1.280296509999999898e+03 0.000000000000000000e+00 2.059907516477830550e-05
1.280976560000000063e+03 0.000000000000000000e+00 2.042922446930611912e-05
1.281656739999999900e+03 0.000000000000000000e+00 2.011871223914230090e-05
1.282336669999999913e+03 0.000000000000000000e+00 1.980831413767600988e-05
1.283016720000000078e+03 0.000000000000000000e+00 1.980253293528072564e-05
1.283696779999999990e+03 0.000000000000000000e+00 2.004156010362484382e-05
1.284376710000000003e+03 0.000000000000000000e+00 2.028054157963025879e-05
1.285056640000000016e+03 0.000000000000000000e+00 2.002237290050325053e-05
1.285736570000000029e+03 0.000000000000000000e+00 1.976115165912654744e-05
1.286416500000000042e+03 0.000000000000000000e+00 1.953745126567141280e-05
1.287096309999999903e+03 0.000000000000000000e+00 1.936294411017392536e-05
1.287776249999999891e+03 0.000000000000000000e+00 1.918840358369007767e-05
1.288456050000000005e+03 0.000000000000000000e+00 1.903532688910853808e-05
1.289135860000000093e+03 0.000000000000000000e+00 1.888540419194825181e-05
1.289815669999999955e+03 0.000000000000000000e+00 1.874190201766582050e-05
1.290495359999999891e+03 0.000000000000000000e+00 1.861269458788801712e-05
1.291175169999999980e+03 0.000000000000000000e+00 1.848346434639959053e-05
1.291854859999999917e+03 0.000000000000000000e+00 1.844778474764838217e-05
1.292534550000000081e+03 0.000000000000000000e+00 1.844349054409466959e-05
1.293214230000000043e+03 0.000000000000000000e+00 1.836914238684800898e-05
1.293893919999999980e+03 0.000000000000000000e+00 1.799049825707021806e-05
1.294573489999999993e+03 0.000000000000000000e+00 1.761192097732044957e-05
1.295253169999999955e+03 0.000000000000000000e+00 1.752930973075874201e-05
1.295932739999999967e+03 0.000000000000000000e+00 1.762416249319199353e-05
1.296612300000000005e+03 0.000000000000000000e+00 1.770810050497166542e-05
1.297291870000000017e+03 0.000000000000000000e+00 1.763082390564444261e-05
1.297971309999999903e+03 0.000000000000000000e+00 1.755356208913270801e-05
1.298650879999999916e+03 0.000000000000000000e+00 1.714852946389937202e-05
1.299330320000000029e+03 0.000000000000000000e+00 1.641717113920630392e-05
1.300009769999999889e+03 0.000000000000000000e+00 1.568580205037944984e-05
1.300689210000000003e+03 0.000000000000000000e+00 1.576482057148837930e-05
1.301368649999999889e+03 0.000000000000000000e+00 1.589672120238245001e-05
1.302047970000000078e+03 0.000000000000000000e+00 1.602376235346620516e-05
1.302727290000000039e+03 0.000000000000000000e+00 1.614278077992636488e-05
1.303406739999999900e+03 0.000000000000000000e+00 1.626182198268551245e-05
1.304085939999999937e+03 0.000000000000000000e+00 1.606785326025698238e-05
1.304765259999999898e+03 0.000000000000000000e+00 1.580214774184934549e-05
1.305444580000000087e+03 0.000000000000000000e+00 1.544192084196702281e-05
1.306123779999999897e+03 0.000000000000000000e+00 1.479898979817661711e-05
1.306802979999999934e+03 0.000000000000000000e+00 1.415605875438599627e-05
1.307482299999999896e+03 0.000000000000000000e+00 1.418566414541856243e-05
1.308161380000000008e+03 0.000000000000000000e+00 1.452113852227842773e-05
1.308840580000000045e+03 0.000000000000000000e+00 1.480090028568247065e-05
1.309519780000000083e+03 0.000000000000000000e+00 1.468737302006167431e-05
1.310198849999999993e+03 0.000000000000000000e+00 1.457386748374674617e-05
1.310877930000000106e+03 0.000000000000000000e+00 1.411145782838543157e-05
1.311557009999999991e+03 0.000000000000000000e+00 1.337565152664047573e-05
1.312236079999999902e+03 0.000000000000000000e+00 1.263985606023597761e-05
1.312915040000000090e+03 0.000000000000000000e+00 1.309897245112196976e-05
1.313594119999999975e+03 0.000000000000000000e+00 1.356119252412198487e-05
1.314273069999999962e+03 0.000000000000000000e+00 1.372578268398087592e-05
1.314952029999999922e+03 0.000000000000000000e+00 1.350150686459385368e-05
1.315630979999999909e+03 0.000000000000000000e+00 1.327723434843263075e-05
1.316309809999999970e+03 0.000000000000000000e+00 1.301230612579447625e-05
1.316988769999999931e+03 0.000000000000000000e+00 1.274122491801360849e-05
1.317667599999999993e+03 0.000000000000000000e+00 1.253322364860113753e-05
1.318346440000000030e+03 0.000000000000000000e+00 1.246849217757890470e-05
1.319025270000000091e+03 0.000000000000000000e+00 1.240376166011672790e-05
1.319704099999999926e+03 0.000000000000000000e+00 1.245202258902925149e-05
1.320382810000000063e+03 0.000000000000000000e+00 1.253975037810217164e-05
1.321061519999999973e+03 0.000000000000000000e+00 1.249950954150535692e-05
1.321740360000000010e+03 0.000000000000000000e+00 1.186180939766738464e-05
1.322419069999999920e+03 0.000000000000000000e+00 1.122423137541738738e-05
1.323097659999999905e+03 0.000000000000000000e+00 1.106530362337834831e-05
1.323776370000000043e+03 0.000000000000000000e+00 1.120957721616244286e-05
1.324454960000000028e+03 0.000000000000000000e+00 1.133386590821588119e-05
1.325133669999999938e+03 0.000000000000000000e+00 1.105623672442338088e-05
1.325812259999999924e+03 0.000000000000000000e+00 1.077865662713621320e-05
1.326490720000000010e+03 0.000000000000000000e+00 1.074067469298425697e-05
1.327169309999999996e+03 0.000000000000000000e+00 1.095979120404379620e-05
1.327847899999999981e+03 0.000000000000000000e+00 1.117890771510333543e-05
1.328526370000000043e+03 0.000000000000000000e+00 1.102644856674053062e-05
1.329204829999999902e+03 0.000000000000000000e+00 1.084054719657201438e-05
1.329883299999999963e+03 0.000000000000000000e+00 1.052455952376237774e-05
1.330561770000000024e+03 0.000000000000000000e+00 9.968639946034701672e-06
1.331240109999999959e+03 0.000000000000000000e+00 9.412826886716351243e-06
1.331918580000000020e+03 0.000000000000000000e+00 9.533082958617724670e-06
1.332596919999999955e+03 0.000000000000000000e+00 9.837104127108867930e-06
1.333275270000000091e+03 0.000000000000000000e+00 9.994224436994330368e-06
1.333953610000000026e+03 0.000000000000000000e+00 9.632932312892132399e-06
1.334631840000000011e+03 0.000000000000000000e+00 9.271698776126129454e-06
1.335310179999999946e+03 0.000000000000000000e+00 8.882313364779751691e-06
1.335988399999999956e+03 0.000000000000000000e+00 8.478192621571847834e-06
1.336666629999999941e+03 0.000000000000000000e+00 8.142917051014042658e-06
1.337344849999999951e+03 0.000000000000000000e+00 8.513107773896799518e-06
1.338022950000000037e+03 0.000000000000000000e+00 8.883232997551109364e-06
1.338701170000000047e+03 0.000000000000000000e+00 8.979157905340201062e-06
1.339379269999999906e+03 0.000000000000000000e+00 8.824462822960883480e-06
1.340057369999999992e+03 0.000000000000000000e+00 8.669767740581515075e-06
1.340735470000000078e+03 0.000000000000000000e+00 8.372382283317234044e-06
1.341413569999999936e+03 0.000000000000000000e+00 8.068468678998130927e-06
1.342091550000000097e+03 0.000000000000000000e+00 8.037071076391740239e-06
1.342769649999999956e+03 0.000000000000000000e+00 8.432576135875383025e-06
1.343447629999999890e+03 0.000000000000000000e+00 8.828011204786680575e-06
1.344125610000000052e+03 0.000000000000000000e+00 8.559086983941968223e-06
1.344803589999999986e+03 0.000000000000000000e+00 8.147289084592962568e-06
1.345481449999999995e+03 0.000000000000000000e+00 7.867832795305524716e-06
1.346159419999999955e+03 0.000000000000000000e+00 7.972631282578246828e-06
1.346837279999999964e+03 0.000000000000000000e+00 8.077412766394185298e-06
1.347515139999999974e+03 0.000000000000000000e+00 8.174415745442360285e-06
1.348192990000000009e+03 0.000000000000000000e+00 8.267906262998348736e-06
1.348870850000000019e+03 0.000000000000000000e+00 8.335419853945252955e-06
1.349548579999999902e+03 0.000000000000000000e+00 8.215851071216864621e-06
1.350226319999999987e+03 0.000000000000000000e+00 8.096280524234492564e-06
1.350904170000000022e+03 0.000000000000000000e+00 7.846663611015018751e-06
1.351581789999999955e+03 0.000000000000000000e+00 7.492688423189442622e-06
1.352259520000000066e+03 0.000000000000000000e+00 7.138655773555296502e-06
1.352937259999999924e+03 0.000000000000000000e+00 6.827666079643656270e-06
1.353614870000000110e+03 0.000000000000000000e+00 6.517309576532723010e-06
1.354292480000000069e+03 0.000000000000000000e+00 6.263568102163257303e-06
1.354970090000000027e+03 0.000000000000000000e+00 6.088323153058553940e-06
1.355647709999999961e+03 0.000000000000000000e+00 5.913075617732444784e-06
1.356325319999999920e+03 0.000000000000000000e+00 6.035164474515334767e-06
1.357002809999999954e+03 0.000000000000000000e+00 6.209198086673482493e-06
1.357680299999999988e+03 0.000000000000000000e+00 6.431823156619759308e-06
1.358357790000000023e+03 0.000000000000000000e+00 6.777627134611084808e-06
1.359035280000000057e+03 0.000000000000000000e+00 7.123431112602410307e-06
1.359712770000000091e+03 0.000000000000000000e+00 7.247052337110542710e-06
1.360390139999999974e+03 0.000000000000000000e+00 7.282086455230302977e-06
1.361067630000000008e+03 0.000000000000000000e+00 7.361740232434721453e-06
1.361744999999999891e+03 0.000000000000000000e+00 7.701642711330551765e-06
1.362422360000000026e+03 0.000000000000000000e+00 8.041540172252891464e-06
1.363099609999999984e+03 0.000000000000000000e+00 8.029805420655012634e-06
1.363776980000000094e+03 0.000000000000000000e+00 7.761191671642407022e-06
1.364454220000000078e+03 0.000000000000000000e+00 7.493522508773609836e-06
1.365131470000000036e+03 0.000000000000000000e+00 7.326131703296681291e-06
1.365808719999999994e+03 0.000000000000000000e+00 7.158740897819751898e-06
1.366485959999999977e+03 0.000000000000000000e+00 6.924565905833745582e-06
1.367163209999999935e+03 0.000000000000000000e+00 6.605377928554392255e-06
1.367840329999999994e+03 0.000000000000000000e+00 6.286251220285027365e-06
