9.306945799999999736e+02 0.000000000000000000e+00 7.152158282855450300e-02
9.313851899999999659e+02 0.000000000000000000e+00 7.307186734977591525e-02
9.320757399999999961e+02 0.000000000000000000e+00 7.462201718271999074e-02
9.327663000000000011e+02 0.000000000000000000e+00 7.862294211954873324e-02
9.334568500000000313e+02 0.000000000000000000e+00 8.330190708892054596e-02
9.341473999999999478e+02 0.000000000000000000e+00 8.510409359054223188e-02
9.348378900000000158e+02 0.000000000000000000e+00 7.858728125409591980e-02
9.355283799999999701e+02 0.000000000000000000e+00 7.207046891765070407e-02
9.362188700000000381e+02 0.000000000000000000e+00 6.789833983101349613e-02
9.369093000000000302e+02 0.000000000000000000e+00 6.459196643229679624e-02
9.375997300000000223e+02 0.000000000000000000e+00 6.197858180205385870e-02
9.382901600000000144e+02 0.000000000000000000e+00 6.207315114637255299e-02
9.389805300000000443e+02 0.000000000000000000e+00 6.216771227239156067e-02
9.396708999999999605e+02 0.000000000000000000e+00 6.190279117934092967e-02
9.403612699999999904e+02 0.000000000000000000e+00 6.146632217318324237e-02
9.410515699999999697e+02 0.000000000000000000e+00 6.144311047824229516e-02
9.417418800000000374e+02 0.000000000000000000e+00 6.376400591053202338e-02
9.424321899999999914e+02 0.000000000000000000e+00 6.608490134282135609e-02
9.431224999999999454e+02 0.000000000000000000e+00 6.486282608233694125e-02
9.438127399999999625e+02 0.000000000000000000e+00 6.149459706832346995e-02
9.445029899999999543e+02 0.000000000000000000e+00 5.853584748354637851e-02
9.451931799999999839e+02 0.000000000000000000e+00 5.945982342727164360e-02
9.458833600000000388e+02 0.000000000000000000e+00 6.038378598372758782e-02
9.465735499999999547e+02 0.000000000000000000e+00 6.081476916601293720e-02
9.472637300000000096e+02 0.000000000000000000e+00 6.087040153102134948e-02
9.479538599999999633e+02 0.000000000000000000e+00 6.097119126959990587e-02
9.486439800000000560e+02 0.000000000000000000e+00 6.215394692933860765e-02
9.493341100000000097e+02 0.000000000000000000e+00 6.333671972748285139e-02
9.500241700000000264e+02 0.000000000000000000e+00 6.552188331199254590e-02
9.507142300000000432e+02 0.000000000000000000e+00 6.866142961410884316e-02
9.514043000000000347e+02 0.000000000000000000e+00 7.180102141293984164e-02
9.520943600000000515e+02 0.000000000000000000e+00 7.486804497800389480e-02
9.527843599999999924e+02 0.000000000000000000e+00 7.793364225147852986e-02
9.534743700000000217e+02 0.000000000000000000e+00 8.359344196788484616e-02
9.541643100000000004e+02 0.000000000000000000e+00 9.234609973856883203e-02
9.548542499999999791e+02 0.000000000000000000e+00 1.010987575092528040e-01
9.555441899999999578e+02 0.000000000000000000e+00 1.044133675444261777e-01
9.562341300000000501e+02 0.000000000000000000e+00 1.073043380991391682e-01
9.569240099999999529e+02 0.000000000000000000e+00 1.127242615799427666e-01
9.576138899999999694e+02 0.000000000000000000e+00 1.219509091202795742e-01
9.583037699999999859e+02 0.000000000000000000e+00 1.311775566606163679e-01
9.589935900000000402e+02 0.000000000000000000e+00 1.416406977567689351e-01
9.596834099999999808e+02 0.000000000000000000e+00 1.522879662456837480e-01
9.603731699999999591e+02 0.000000000000000000e+00 1.636927406908404992e-01
9.610629900000000134e+02 0.000000000000000000e+00 1.765612501370949217e-01
9.617527499999999918e+02 0.000000000000000000e+00 1.894286402905370759e-01
9.624424999999999955e+02 0.000000000000000000e+00 2.024679617959443678e-01
9.631322000000000116e+02 0.000000000000000000e+00 2.155460785269866231e-01
9.638219000000000278e+02 0.000000000000000000e+00 2.296128828011108625e-01
9.645116000000000440e+02 0.000000000000000000e+00 2.461812150989512171e-01
9.652012300000000096e+02 0.000000000000000000e+00 2.627478658203645789e-01
9.658908699999999499e+02 0.000000000000000000e+00 2.790974670345028885e-01
9.665805100000000039e+02 0.000000000000000000e+00 2.953760914495933698e-01
9.672701399999999694e+02 0.000000000000000000e+00 3.120420533861365531e-01
9.679597199999999475e+02 0.000000000000000000e+00 3.300473128403487166e-01
9.686492899999999509e+02 0.000000000000000000e+00 3.480523111898390365e-01
9.693388700000000426e+02 0.000000000000000000e+00 3.630654455678958281e-01
9.700283799999999701e+02 0.000000000000000000e+00 3.767618392467257382e-01
9.707178999999999860e+02 0.000000000000000000e+00 3.908695829714334824e-01
9.714073499999999513e+02 0.000000000000000000e+00 4.070603041918108289e-01
9.720968599999999924e+02 0.000000000000000000e+00 4.232524344241171965e-01
9.727863200000000461e+02 0.000000000000000000e+00 4.364363774140373464e-01
9.734757100000000491e+02 0.000000000000000000e+00 4.478880982175089120e-01
9.741651600000000144e+02 0.000000000000000000e+00 4.601186773025280341e-01
9.748545500000000175e+02 0.000000000000000000e+00 4.790225257425083649e-01
9.755438799999999446e+02 0.000000000000000000e+00 4.979247289150670608e-01
9.762332800000000361e+02 0.000000000000000000e+00 5.125326912107420751e-01
9.769226099999999633e+02 0.000000000000000000e+00 5.239495017203433802e-01
9.776119400000000041e+02 0.000000000000000000e+00 5.358043054891714618e-01
9.783012099999999691e+02 0.000000000000000000e+00 5.573140116407540035e-01
9.789904800000000478e+02 0.000000000000000000e+00 5.788237177923400978e-01
9.796797500000000127e+02 0.000000000000000000e+00 6.006518389674766478e-01
9.803690199999999777e+02 0.000000000000000000e+00 6.227826965882741206e-01
9.810582299999999805e+02 0.000000000000000000e+00 6.449116277485316129e-01
9.817474399999999832e+02 0.000000000000000000e+00 6.695434261731556536e-01
9.824365800000000490e+02 0.000000000000000000e+00 6.942194470159022135e-01
9.831257299999999759e+02 0.000000000000000000e+00 7.245342344612726304e-01
9.838148800000000165e+02 0.000000000000000000e+00 7.617256432116009668e-01
9.845040299999999434e+02 0.000000000000000000e+00 7.989170519619230859e-01
9.851931200000000217e+02 0.000000000000000000e+00 8.363133500966557499e-01
9.858822000000000116e+02 0.000000000000000000e+00 8.737273726340062385e-01
9.865712899999999763e+02 0.000000000000000000e+00 9.119137270405412998e-01
9.872603100000000040e+02 0.000000000000000000e+00 9.513141287741931906e-01
9.879493400000000065e+02 0.000000000000000000e+00 9.907151023403264478e-01
9.886383700000000090e+02 0.000000000000000000e+00 1.030141596481942701e+00
9.893273299999999608e+02 0.000000000000000000e+00 1.069568366808910875e+00
9.900163000000000011e+02 0.000000000000000000e+00 1.104084850322981426e+00
9.907052599999999529e+02 0.000000000000000000e+00 1.128378535317138942e+00
9.913941700000000310e+02 0.000000000000000000e+00 1.152670457241964819e+00
9.920830700000000206e+02 0.000000000000000000e+00 1.169796350333410562e+00
9.927719700000000103e+02 0.000000000000000000e+00 1.185045168123668891e+00
9.934608799999999746e+02 0.000000000000000000e+00 1.197328378870979870e+00
9.941497200000000021e+02 0.000000000000000000e+00 1.201190989315400914e+00
9.948385600000000295e+02 0.000000000000000000e+00 1.205053599759821736e+00
9.955273399999999810e+02 0.000000000000000000e+00 1.198693104061415493e+00
9.962161300000000210e+02 0.000000000000000000e+00 1.188515492259927475e+00
9.969049099999999726e+02 0.000000000000000000e+00 1.175913209337738019e+00
9.975936900000000378e+02 0.000000000000000000e+00 1.153342878913293568e+00
9.982824100000000271e+02 0.000000000000000000e+00 1.130774514602597147e+00
9.989711300000000165e+02 0.000000000000000000e+00 1.101341915325379617e+00
9.996597900000000436e+02 0.000000000000000000e+00 1.068425488608037766e+00
1.000348449999999957e+03 0.000000000000000000e+00 1.035287218215825034e+00
1.001037109999999984e+03 0.000000000000000000e+00 1.000668032853837763e+00
1.001725770000000011e+03 0.000000000000000000e+00 9.660488474918506041e-01
1.002414369999999963e+03 0.000000000000000000e+00 9.299886304500203371e-01
1.003102970000000028e+03 0.000000000000000000e+00 8.929549381283518050e-01
1.003791560000000004e+03 0.000000000000000000e+00 8.559264442203295964e-01
1.004480099999999993e+03 0.000000000000000000e+00 8.189686062767153052e-01
1.005168639999999982e+03 0.000000000000000000e+00 7.820107683331010140e-01
1.005857179999999971e+03 0.000000000000000000e+00 7.484026326225171610e-01
1.006545650000000023e+03 0.000000000000000000e+00 7.177585130352351905e-01
1.007234130000000050e+03 0.000000000000000000e+00 6.871139483433079675e-01
1.007922609999999963e+03 0.000000000000000000e+00 6.596875850331948010e-01
1.008611020000000053e+03 0.000000000000000000e+00 6.322725952432268759e-01
1.009299440000000004e+03 0.000000000000000000e+00 6.061475307706905014e-01
1.009987849999999980e+03 0.000000000000000000e+00 5.815152126898956997e-01
1.010676270000000045e+03 0.000000000000000000e+00 5.568825367944513216e-01
1.011364619999999945e+03 0.000000000000000000e+00 5.367829185807322379e-01
1.012052919999999972e+03 0.000000000000000000e+00 5.170259945820540048e-01
1.012741269999999986e+03 0.000000000000000000e+00 4.973957392247005393e-01
1.013429570000000012e+03 0.000000000000000000e+00 4.779624378017138797e-01
1.014117859999999951e+03 0.000000000000000000e+00 4.585294187163939106e-01
1.014806090000000040e+03 0.000000000000000000e+00 4.443974226780689207e-01
1.015494320000000016e+03 0.000000000000000000e+00 4.311150125786604170e-01
1.016182559999999967e+03 0.000000000000000000e+00 4.178357790865629418e-01
1.016870790000000056e+03 0.000000000000000000e+00 4.045636601137029831e-01
1.017558959999999956e+03 0.000000000000000000e+00 3.912926982062729930e-01
1.018247129999999970e+03 0.000000000000000000e+00 3.796030597205106716e-01
1.018935240000000022e+03 0.000000000000000000e+00 3.683274243623849142e-01
1.019623349999999959e+03 0.000000000000000000e+00 3.580151859183165475e-01
1.020311460000000011e+03 0.000000000000000000e+00 3.504720098951727980e-01
1.020999569999999949e+03 0.000000000000000000e+00 3.429288338720302698e-01
1.021687620000000038e+03 0.000000000000000000e+00 3.380530888174983484e-01
1.022375670000000014e+03 0.000000000000000000e+00 3.341969824954520996e-01
1.023063719999999989e+03 0.000000000000000000e+00 3.301471368444564014e-01
1.023751710000000003e+03 0.000000000000000000e+00 3.252631902269921826e-01
1.024439699999999903e+03 0.000000000000000000e+00 3.203792436095287965e-01
1.025127690000000030e+03 0.000000000000000000e+00 3.176377078582310332e-01
1.025815550000000030e+03 0.000000000000000000e+00 3.160334066921889895e-01
1.026503539999999930e+03 0.000000000000000000e+00 3.143688161869115372e-01
1.027191409999999905e+03 0.000000000000000000e+00 3.122546516974344932e-01
1.027879269999999906e+03 0.000000000000000000e+00 3.101405179428998737e-01
1.028567140000000109e+03 0.000000000000000000e+00 3.101245583431183617e-01
1.029255000000000109e+03 0.000000000000000000e+00 3.116139718616985910e-01
1.029942870000000084e+03 0.000000000000000000e+00 3.131541294597983138e-01
1.030630619999999908e+03 0.000000000000000000e+00 3.157299296126666599e-01
1.031318479999999909e+03 0.000000000000000000e+00 3.183061417437498264e-01
1.032006229999999960e+03 0.000000000000000000e+00 3.202793359547937424e-01
1.032693970000000036e+03 0.000000000000000000e+00 3.216754534903624729e-01
1.033381710000000112e+03 0.000000000000000000e+00 3.230715710259312035e-01
1.034069340000000011e+03 0.000000000000000000e+00 3.293242200137261877e-01
1.034757080000000087e+03 0.000000000000000000e+00 3.357035146965280936e-01
1.035444700000000012e+03 0.000000000000000000e+00 3.411112058406791103e-01
1.036132319999999936e+03 0.000000000000000000e+00 3.452761100226909297e-01
1.036820069999999987e+03 0.000000000000000000e+00 3.494418016127830984e-01
1.037507569999999987e+03 0.000000000000000000e+00 3.538147372015050807e-01
1.038195189999999911e+03 0.000000000000000000e+00 3.582110778219175784e-01
1.038882810000000063e+03 0.000000000000000000e+00 3.623894916616807182e-01
1.039570310000000063e+03 0.000000000000000000e+00 3.661889621703530162e-01
1.040257810000000063e+03 0.000000000000000000e+00 3.699884326790253142e-01
1.040945310000000063e+03 0.000000000000000000e+00 3.723054156872991349e-01
1.041632810000000063e+03 0.000000000000000000e+00 3.743162387602220753e-01
1.042320310000000063e+03 0.000000000000000000e+00 3.754792937111572915e-01
1.043007689999999911e+03 0.000000000000000000e+00 3.745877256166195712e-01
1.043695189999999911e+03 0.000000000000000000e+00 3.736960018757560231e-01
1.044382569999999987e+03 0.000000000000000000e+00 3.695009536365997382e-01
1.045069950000000063e+03 0.000000000000000000e+00 3.642345280781095762e-01
1.045757319999999936e+03 0.000000000000000000e+00 3.588272334187157520e-01
1.046444700000000012e+03 0.000000000000000000e+00 3.529134260515607302e-01
1.047131959999999935e+03 0.000000000000000000e+00 3.470006510928041465e-01
1.047819340000000011e+03 0.000000000000000000e+00 3.417256988847505172e-01
1.048506589999999960e+03 0.000000000000000000e+00 3.367518490708919510e-01
1.049193850000000111e+03 0.000000000000000000e+00 3.313705498825939566e-01
1.049881100000000060e+03 0.000000000000000000e+00 3.235405878419952974e-01
1.050568359999999984e+03 0.000000000000000000e+00 3.157105118696102442e-01
1.051255490000000009e+03 0.000000000000000000e+00 3.078872962832127635e-01
1.051942749999999933e+03 0.000000000000000000e+00 3.000661147950151597e-01
1.052629879999999957e+03 0.000000000000000000e+00 2.922870495815026448e-01
1.053317019999999957e+03 0.000000000000000000e+00 2.850740264114815514e-01
1.054004149999999981e+03 0.000000000000000000e+00 2.778611082131278720e-01
1.054691280000000006e+03 0.000000000000000000e+00 2.705610542836426879e-01
1.055378300000000081e+03 0.000000000000000000e+00 2.631845019803240038e-01
1.056065430000000106e+03 0.000000000000000000e+00 2.558067686040336186e-01
1.056752439999999979e+03 0.000000000000000000e+00 2.493412456467782312e-01
1.057439450000000079e+03 0.000000000000000000e+00 2.428842172574047220e-01
1.058126459999999952e+03 0.000000000000000000e+00 2.373620804986429356e-01
1.058813480000000027e+03 0.000000000000000000e+00 2.329724298507453162e-01
1.059500489999999900e+03 0.000000000000000000e+00 2.285828430969226166e-01
1.060187380000000076e+03 0.000000000000000000e+00 2.242404401183707707e-01
1.060874270000000024e+03 0.000000000000000000e+00 2.199024249936470388e-01
1.061561159999999973e+03 0.000000000000000000e+00 2.159911306496227756e-01
1.062248049999999921e+03 0.000000000000000000e+00 2.127921730127149968e-01
1.062934940000000097e+03 0.000000000000000000e+00 2.095932153758061633e-01
1.063621830000000045e+03 0.000000000000000000e+00 2.064850135750221083e-01
1.064308590000000095e+03 0.000000000000000000e+00 2.033952037364790688e-01
1.064995480000000043e+03 0.000000000000000000e+00 2.013607325237707635e-01
1.065682250000000067e+03 0.000000000000000000e+00 2.018282104291737877e-01
1.066369020000000091e+03 0.000000000000000000e+00 2.022956883345767842e-01
1.067055659999999989e+03 0.000000000000000000e+00 2.008075854272181882e-01
1.067742430000000013e+03 0.000000000000000000e+00 1.986931049813077110e-01
1.068429080000000113e+03 0.000000000000000000e+00 1.974317487747593580e-01
1.069115839999999935e+03 0.000000000000000000e+00 1.992303937344224729e-01
1.069802490000000034e+03 0.000000000000000000e+00 2.010287506007996661e-01
1.070489139999999907e+03 0.000000000000000000e+00 2.019473057887864464e-01
1.071175780000000032e+03 0.000000000000000000e+00 2.024487812464943748e-01
1.071862300000000005e+03 0.000000000000000000e+00 2.026114432974462087e-01
1.072548950000000104e+03 0.000000000000000000e+00 2.006700559111173621e-01
1.073235470000000078e+03 0.000000000000000000e+00 1.987290360779239984e-01
1.073922000000000025e+03 0.000000000000000000e+00 1.988688153726118901e-01
1.074608519999999999e+03 0.000000000000000000e+00 2.004034211080759909e-01
1.075295039999999972e+03 0.000000000000000000e+00 2.017286887297669307e-01
1.075981569999999920e+03 0.000000000000000000e+00 1.996953043381528570e-01
1.076667969999999968e+03 0.000000000000000000e+00 1.976623049842949342e-01
1.077354370000000017e+03 0.000000000000000000e+00 1.964225583395559360e-01
1.078040770000000066e+03 0.000000000000000000e+00 1.959202565059110501e-01
1.078727169999999887e+03 0.000000000000000000e+00 1.954179546722663585e-01
1.079413569999999936e+03 0.000000000000000000e+00 1.927682659525432607e-01
1.080099979999999960e+03 0.000000000000000000e+00 1.900693069481589892e-01
1.080786250000000109e+03 0.000000000000000000e+00 1.872064578824322589e-01
1.081472659999999905e+03 0.000000000000000000e+00 1.841311554343895152e-01
1.082158940000000030e+03 0.000000000000000000e+00 1.810564354215054017e-01
1.082845209999999952e+03 0.000000000000000000e+00 1.788219861778844733e-01
1.083531369999999924e+03 0.000000000000000000e+00 1.766850862818470091e-01
1.084217650000000049e+03 0.000000000000000000e+00 1.743735559097195076e-01
1.084903929999999946e+03 0.000000000000000000e+00 1.717454616516055910e-01
1.085590089999999918e+03 0.000000000000000000e+00 1.691178269308681870e-01
1.086276249999999891e+03 0.000000000000000000e+00 1.658975860169423777e-01
1.086962399999999889e+03 0.000000000000000000e+00 1.625419075793221590e-01
1.087648560000000089e+03 0.000000000000000000e+00 1.595499661892927634e-01
1.088334589999999935e+03 0.000000000000000000e+00 1.575276366835570152e-01
1.089020749999999907e+03 0.000000000000000000e+00 1.555049239542946049e-01
1.089706789999999955e+03 0.000000000000000000e+00 1.530297433626167936e-01
1.090392820000000029e+03 0.000000000000000000e+00 1.503882353548897377e-01
1.091078860000000077e+03 0.000000000000000000e+00 1.479600694216900991e-01
1.091764889999999923e+03 0.000000000000000000e+00 1.464445389335764791e-01
1.092450810000000047e+03 0.000000000000000000e+00 1.449292514499280760e-01
1.093136839999999893e+03 0.000000000000000000e+00 1.438720885509198189e-01
1.093822750000000042e+03 0.000000000000000000e+00 1.430645892072575642e-01
1.094508669999999938e+03 0.000000000000000000e+00 1.422868650443475658e-01
1.095194580000000087e+03 0.000000000000000000e+00 1.417611252911376019e-01
1.095880490000000009e+03 0.000000000000000000e+00 1.412353855379278045e-01
1.096566409999999905e+03 0.000000000000000000e+00 1.411344771101472884e-01
1.097252199999999903e+03 0.000000000000000000e+00 1.413626887023205769e-01
1.097937989999999900e+03 0.000000000000000000e+00 1.415824403115915897e-01
1.098623779999999897e+03 0.000000000000000000e+00 1.414044775818556199e-01
1.099309569999999894e+03 0.000000000000000000e+00 1.412265148521196501e-01
1.099995359999999891e+03 0.000000000000000000e+00 1.415620071180861694e-01
1.100681149999999889e+03 0.000000000000000000e+00 1.424567842793767192e-01
1.101366819999999962e+03 0.000000000000000000e+00 1.433514048719519429e-01
1.102052490000000034e+03 0.000000000000000000e+00 1.444950874047933320e-01
1.102738160000000107e+03 0.000000000000000000e+00 1.456558768675526028e-01
1.103423829999999953e+03 0.000000000000000000e+00 1.472473441706759478e-01
1.104109500000000025e+03 0.000000000000000000e+00 1.495042388946053180e-01
1.104795170000000098e+03 0.000000000000000000e+00 1.517611336185346604e-01
1.105480710000000045e+03 0.000000000000000000e+00 1.542121117780709538e-01
1.106166259999999966e+03 0.000000000000000000e+00 1.566974793272350452e-01
1.106851809999999887e+03 0.000000000000000000e+00 1.593852964516020987e-01
1.107537350000000060e+03 0.000000000000000000e+00 1.625308642395700554e-01
1.108222899999999981e+03 0.000000000000000000e+00 1.656764779120627196e-01
1.108908449999999903e+03 0.000000000000000000e+00 1.699811377574819704e-01
1.109593869999999924e+03 0.000000000000000000e+00 1.746442245921937808e-01
1.110279299999999921e+03 0.000000000000000000e+00 1.792384916738044287e-01
1.110964719999999943e+03 0.000000000000000000e+00 1.835878768256044846e-01
1.111650149999999940e+03 0.000000000000000000e+00 1.879373254331709320e-01
1.112335569999999962e+03 0.000000000000000000e+00 1.944687636176334056e-01
1.113020999999999958e+03 0.000000000000000000e+00 2.020467641980006057e-01
1.113706300000000056e+03 0.000000000000000000e+00 2.094354288532144504e-01
1.114391599999999926e+03 0.000000000000000000e+00 2.155884493344772390e-01
1.115076900000000023e+03 0.000000000000000000e+00 2.217414698157420816e-01
1.115762210000000096e+03 0.000000000000000000e+00 2.286289237854432776e-01
1.116447509999999966e+03 0.000000000000000000e+00 2.360304478190659028e-01
1.117132689999999911e+03 0.000000000000000000e+00 2.435656193330274222e-01
1.117817990000000009e+03 0.000000000000000000e+00 2.540593100456799980e-01
1.118503169999999955e+03 0.000000000000000000e+00 2.645511632522956069e-01
1.119188349999999900e+03 0.000000000000000000e+00 2.740485634291676131e-01
1.119873540000000048e+03 0.000000000000000000e+00 2.825484162173523273e-01
1.120558590000000095e+03 0.000000000000000000e+00 2.910465322910619212e-01
1.121243770000000040e+03 0.000000000000000000e+00 2.999443796504121518e-01
1.121928830000000062e+03 0.000000000000000000e+00 3.088596151789895772e-01
1.122613890000000083e+03 0.000000000000000000e+00 3.179151539331876997e-01
1.123298950000000104e+03 0.000000000000000000e+00 3.271727319880851637e-01
1.123984009999999898e+03 0.000000000000000000e+00 3.364303100429795190e-01
1.124669069999999920e+03 0.000000000000000000e+00 3.442308338868567685e-01
1.125354000000000042e+03 0.000000000000000000e+00 3.518023912350681792e-01
1.126039060000000063e+03 0.000000000000000000e+00 3.590099617804382581e-01
1.126723999999999933e+03 0.000000000000000000e+00 3.654386936399939834e-01
1.127408940000000030e+03 0.000000000000000000e+00 3.718674254995518180e-01
1.128093869999999924e+03 0.000000000000000000e+00 3.792924405963993273e-01
1.128778690000000097e+03 0.000000000000000000e+00 3.870062271486054417e-01
1.129463619999999992e+03 0.000000000000000000e+00 3.936017381710624763e-01
1.130148439999999937e+03 0.000000000000000000e+00 3.964316604270722855e-01
1.130833249999999907e+03 0.000000000000000000e+00 3.992615413594897689e-01
1.131518070000000080e+03 0.000000000000000000e+00 4.021492344554226661e-01
1.132202880000000050e+03 0.000000000000000000e+00 4.050636458562332787e-01
1.132887699999999995e+03 0.000000000000000000e+00 4.075238282569501602e-01
1.133572390000000041e+03 0.000000000000000000e+00 4.071373746082037615e-01
1.134257080000000087e+03 0.000000000000000000e+00 4.067509209594573627e-01
1.134941769999999906e+03 0.000000000000000000e+00 4.076761896599537249e-01
1.135626459999999952e+03 0.000000000000000000e+00 4.095065090593454360e-01
1.136311159999999973e+03 0.000000000000000000e+00 4.109827933249341481e-01
1.136995850000000019e+03 0.000000000000000000e+00 4.050562772282408908e-01
1.137680419999999913e+03 0.000000000000000000e+00 3.991307998234118193e-01
1.138364990000000034e+03 0.000000000000000000e+00 3.946132203148777218e-01
1.139049559999999929e+03 0.000000000000000000e+00 3.915075619113357885e-01
1.139734130000000050e+03 0.000000000000000000e+00 3.884019035077928006e-01
1.140418699999999944e+03 0.000000000000000000e+00 3.860756520050940832e-01
1.141103149999999914e+03 0.000000000000000000e+00 3.837884593117247833e-01
1.141787720000000036e+03 0.000000000000000000e+00 3.806630491753570378e-01
1.142472170000000006e+03 0.000000000000000000e+00 3.763127716115423071e-01
1.143156619999999975e+03 0.000000000000000000e+00 3.719624940477275210e-01
1.143841059999999970e+03 0.000000000000000000e+00 3.722113377377988530e-01
1.144525509999999940e+03 0.000000000000000000e+00 3.732144290804139120e-01
1.145209839999999986e+03 0.000000000000000000e+00 3.740888706515168027e-01
1.145894289999999955e+03 0.000000000000000000e+00 3.746803327246807092e-01
1.146578610000000026e+03 0.000000000000000000e+00 3.752716824593692047e-01
1.147262940000000071e+03 0.000000000000000000e+00 3.775585223510536936e-01
1.147947269999999889e+03 0.000000000000000000e+00 3.803654780725378992e-01
1.148631470000000036e+03 0.000000000000000000e+00 3.831654376386690597e-01
1.149315800000000081e+03 0.000000000000000000e+00 3.859426955698655459e-01
1.150000000000000000e+03 0.000000000000000000e+00 3.887194259141794062e-01
1.150684199999999919e+03 0.000000000000000000e+00 3.918649363425526500e-01
1.151368410000000040e+03 0.000000000000000000e+00 3.951918932365641735e-01
1.152052609999999959e+03 0.000000000000000000e+00 3.983902764789329365e-01
1.152736820000000080e+03 0.000000000000000000e+00 4.006686034108535299e-01
1.153420900000000074e+03 0.000000000000000000e+00 4.029464974603236826e-01
1.154104980000000069e+03 0.000000000000000000e+00 4.061452694769851490e-01
1.154789060000000063e+03 0.000000000000000000e+00 4.100258315240983276e-01
1.155473140000000058e+03 0.000000000000000000e+00 4.138725823051284669e-01
1.156157230000000027e+03 0.000000000000000000e+00 4.164812026751816831e-01
1.156841310000000021e+03 0.000000000000000000e+00 4.190897849125277963e-01
1.157525270000000091e+03 0.000000000000000000e+00 4.214656724222339279e-01
1.158209229999999934e+03 0.000000000000000000e+00 4.235884486909076707e-01
1.158893190000000004e+03 0.000000000000000000e+00 4.257112249595820797e-01
1.159577150000000074e+03 0.000000000000000000e+00 4.260044562007410107e-01
1.160261109999999917e+03 0.000000000000000000e+00 4.261600637505790767e-01
1.160945069999999987e+03 0.000000000000000000e+00 4.254362661169933113e-01
1.161628909999999905e+03 0.000000000000000000e+00 4.232876311831162974e-01
1.162312740000000076e+03 0.000000000000000000e+00 4.211390276693796064e-01
1.162996579999999994e+03 0.000000000000000000e+00 4.177420366613648905e-01
1.163680419999999913e+03 0.000000000000000000e+00 4.140946153500378313e-01
1.164364260000000058e+03 0.000000000000000000e+00 4.091479609364995218e-01
1.165047970000000078e+03 0.000000000000000000e+00 4.009274676527891934e-01
1.165731809999999996e+03 0.000000000000000000e+00 3.927054113319343731e-01
1.166415529999999990e+03 0.000000000000000000e+00 3.851863879098167964e-01
1.167099240000000009e+03 0.000000000000000000e+00 3.779205962522698692e-01
1.167782840000000078e+03 0.000000000000000000e+00 3.704746950908225922e-01
1.168466550000000097e+03 0.000000000000000000e+00 3.622317067178135175e-01
1.169150270000000091e+03 0.000000000000000000e+00 3.539885977821631835e-01
1.169833859999999959e+03 0.000000000000000000e+00 3.461965569980758883e-01
1.170517460000000028e+03 0.000000000000000000e+00 3.386613896331113205e-01
1.171201049999999896e+03 0.000000000000000000e+00 3.310653458713900821e-01
1.171884639999999990e+03 0.000000000000000000e+00 3.228261194636025122e-01
1.172568119999999908e+03 0.000000000000000000e+00 3.145882188723223560e-01
1.173251710000000003e+03 0.000000000000000000e+00 3.071313948699537777e-01
1.173935179999999946e+03 0.000000000000000000e+00 3.003509162636459617e-01
1.174618649999999889e+03 0.000000000000000000e+00 2.935704376573382013e-01
1.175302120000000059e+03 0.000000000000000000e+00 2.864378591645424521e-01
1.175985599999999977e+03 0.000000000000000000e+00 2.793004590846299706e-01
1.176668949999999995e+03 0.000000000000000000e+00 2.721748171802562677e-01
1.177352419999999938e+03 0.000000000000000000e+00 2.650613383023403546e-01
1.178035769999999957e+03 0.000000000000000000e+00 2.579491083709251620e-01
1.178719119999999975e+03 0.000000000000000000e+00 2.532025972603806907e-01
1.179402469999999994e+03 0.000000000000000000e+00 2.487587571542154152e-01
1.180085690000000113e+03 0.000000000000000000e+00 2.445050395567304191e-01
1.180769039999999904e+03 0.000000000000000000e+00 2.406242118804158003e-01
1.181452269999999999e+03 0.000000000000000000e+00 2.367440656986793401e-01
1.182135500000000093e+03 0.000000000000000000e+00 2.328281145561577059e-01
1.182818729999999960e+03 0.000000000000000000e+00 2.289023813958274145e-01
1.183501950000000079e+03 0.000000000000000000e+00 2.248729563993720759e-01
1.184185179999999946e+03 0.000000000000000000e+00 2.205049549858274505e-01
1.184868289999999888e+03 0.000000000000000000e+00 2.161377207519577237e-01
1.185551390000000083e+03 0.000000000000000000e+00 2.116116189654489166e-01
1.186234500000000025e+03 0.000000000000000000e+00 2.070119253652600577e-01
1.186917599999999993e+03 0.000000000000000000e+00 2.028476938129928353e-01
1.187600709999999935e+03 0.000000000000000000e+00 2.015317647342028395e-01
1.188283809999999903e+03 0.000000000000000000e+00 2.002158549192074588e-01
1.188966799999999921e+03 0.000000000000000000e+00 1.975716749772856717e-01
1.189649779999999964e+03 0.000000000000000000e+00 1.939703993232572699e-01
1.190332760000000007e+03 0.000000000000000000e+00 1.903992426594415255e-01
1.191015750000000025e+03 0.000000000000000000e+00 1.878071821833570132e-01
1.191698730000000069e+03 0.000000000000000000e+00 1.852151596589331206e-01
1.192381589999999960e+03 0.000000000000000000e+00 1.826401463048067941e-01
1.193064579999999978e+03 0.000000000000000000e+00 1.800827099925437769e-01
1.193747440000000097e+03 0.000000000000000000e+00 1.775257604615225748e-01
1.194430299999999988e+03 0.000000000000000000e+00 1.745060879533274489e-01
1.195113160000000107e+03 0.000000000000000000e+00 1.714497252425397356e-01
1.195795900000000074e+03 0.000000000000000000e+00 1.687547276880045632e-01
1.196478759999999966e+03 0.000000000000000000e+00 1.666622885141859911e-01
1.197161499999999933e+03 0.000000000000000000e+00 1.645702170478047788e-01
1.197844239999999900e+03 0.000000000000000000e+00 1.625203894990588371e-01
1.198526980000000094e+03 0.000000000000000000e+00 1.604796921933211162e-01
1.199209720000000061e+03 0.000000000000000000e+00 1.582542084015661488e-01
1.199892329999999902e+03 0.000000000000000000e+00 1.555295968863008860e-01
1.200575070000000096e+03 0.000000000000000000e+00 1.528044664810428721e-01
1.201257689999999911e+03 0.000000000000000000e+00 1.505714722211189682e-01
1.201940309999999954e+03 0.000000000000000000e+00 1.485321050970027090e-01
1.202622920000000022e+03 0.000000000000000000e+00 1.464078028908672724e-01
1.203305540000000065e+03 0.000000000000000000e+00 1.438525331533250518e-01
1.203988039999999955e+03 0.000000000000000000e+00 1.412977126149989049e-01
1.204670650000000023e+03 0.000000000000000000e+00 1.396665714945465597e-01
1.205353149999999914e+03 0.000000000000000000e+00 1.386220356498004402e-01
1.206035640000000058e+03 0.000000000000000000e+00 1.374797512541566236e-01
1.206718139999999948e+03 0.000000000000000000e+00 1.347736248359396038e-01
1.207400509999999940e+03 0.000000000000000000e+00 1.320680138703733131e-01
1.208083010000000058e+03 0.000000000000000000e+00 1.301877828669477932e-01
1.208765380000000050e+03 0.000000000000000000e+00 1.291158256431530205e-01
1.209447750000000042e+03 0.000000000000000000e+00 1.280438684193582199e-01
1.210130130000000008e+03 0.000000000000000000e+00 1.256406707992892280e-01
1.210812500000000000e+03 0.000000000000000000e+00 1.231709904573098785e-01
1.211494750000000067e+03 0.000000000000000000e+00 1.212814914847510223e-01
1.212177120000000059e+03 0.000000000000000000e+00 1.202663817047163464e-01
1.212859380000000101e+03 0.000000000000000000e+00 1.192514355632879192e-01
1.213541629999999941e+03 0.000000000000000000e+00 1.181130628196694482e-01
1.214223880000000008e+03 0.000000000000000000e+00 1.169520573175013567e-01
1.214906009999999924e+03 0.000000000000000000e+00 1.155549753089459980e-01
1.215588259999999991e+03 0.000000000000000000e+00 1.135823266046170205e-01
1.216270389999999907e+03 0.000000000000000000e+00 1.116100248667150491e-01
1.216952510000000075e+03 0.000000000000000000e+00 1.100502464516779494e-01
1.217634639999999990e+03 0.000000000000000000e+00 1.086376930796445484e-01
1.218316769999999906e+03 0.000000000000000000e+00 1.073372550681594012e-01
1.218998900000000049e+03 0.000000000000000000e+00 1.065383295224365534e-01
1.219680910000000040e+03 0.000000000000000000e+00 1.057395445233332704e-01
1.220363039999999955e+03 0.000000000000000000e+00 1.044034515500683047e-01
1.221045039999999972e+03 0.000000000000000000e+00 1.027499063765436038e-01
1.221727049999999963e+03 0.000000000000000000e+00 1.011186028469318737e-01
1.222408940000000030e+03 0.000000000000000000e+00 9.976648694123772809e-02
1.223090940000000046e+03 0.000000000000000000e+00 9.841415291715271962e-02
1.223772830000000113e+03 0.000000000000000000e+00 9.698800201361564011e-02
1.224454709999999977e+03 0.000000000000000000e+00 9.549325216844714581e-02
1.225136600000000044e+03 0.000000000000000000e+00 9.399848040226799206e-02
1.225818479999999909e+03 0.000000000000000000e+00 9.391074963453292790e-02
1.226500369999999975e+03 0.000000000000000000e+00 9.387552961851856892e-02
1.227182129999999916e+03 0.000000000000000000e+00 9.334297688590199871e-02
1.227864010000000007e+03 0.000000000000000000e+00 9.209142299799941145e-02
1.228545779999999922e+03 0.000000000000000000e+00 9.084007100915220123e-02
1.229227540000000090e+03 0.000000000000000000e+00 9.012352228819021926e-02
1.229909180000000106e+03 0.000000000000000000e+00 8.949871582968904615e-02
1.230590940000000046e+03 0.000000000000000000e+00 8.893606395459804914e-02
1.231272580000000062e+03 0.000000000000000000e+00 8.852007981479226295e-02
1.231954349999999977e+03 0.000000000000000000e+00 8.810401633994431603e-02
1.232635989999999993e+03 0.000000000000000000e+00 8.739192731414537063e-02
1.233317630000000008e+03 0.000000000000000000e+00 8.657733271688185239e-02
1.233999150000000100e+03 0.000000000000000000e+00 8.570152084394014325e-02
1.234680789999999888e+03 0.000000000000000000e+00 8.455842610807852433e-02
1.235362300000000005e+03 0.000000000000000000e+00 8.341554937925185764e-02
1.236043820000000096e+03 0.000000000000000000e+00 8.238323505846172068e-02
1.236725339999999960e+03 0.000000000000000000e+00 8.141563103041386806e-02
1.237406860000000052e+03 0.000000000000000000e+00 8.053688746198259252e-02
1.238088379999999916e+03 0.000000000000000000e+00 8.075615524481304097e-02
1.238769780000000083e+03 0.000000000000000000e+00 8.097538441962924549e-02
1.239451170000000047e+03 0.000000000000000000e+00 8.106560925876712953e-02
1.240132569999999987e+03 0.000000000000000000e+00 8.103593010963369703e-02
1.240813959999999952e+03 0.000000000000000000e+00 8.100625139606161540e-02
1.241495359999999891e+03 0.000000000000000000e+00 8.019583390019502378e-02
1.242176760000000058e+03 0.000000000000000000e+00 7.935458812786316818e-02
1.242858030000000099e+03 0.000000000000000000e+00 7.856224973073205886e-02
1.243539309999999887e+03 0.000000000000000000e+00 7.784137338830059150e-02
1.244220579999999927e+03 0.000000000000000000e+00 7.712050762707398088e-02
1.244901859999999942e+03 0.000000000000000000e+00 7.712634813568855496e-02
1.245583129999999983e+03 0.000000000000000000e+00 7.726184822772687311e-02
1.246264280000000099e+03 0.000000000000000000e+00 7.749538954645257549e-02
1.246945429999999988e+03 0.000000000000000000e+00 7.796719488952158494e-02
1.247626590000000078e+03 0.000000000000000000e+00 7.843900715919048527e-02
1.248307739999999967e+03 0.000000000000000000e+00 7.882706816864805399e-02
1.248988890000000083e+03 0.000000000000000000e+00 7.918478877534003424e-02
1.249670039999999972e+03 0.000000000000000000e+00 7.955343097587734558e-02
1.250351069999999936e+03 0.000000000000000000e+00 7.997282467441765852e-02
1.251032099999999900e+03 0.000000000000000000e+00 8.039221837295798534e-02
1.251713130000000092e+03 0.000000000000000000e+00 8.033050321161015750e-02
1.252394170000000031e+03 0.000000000000000000e+00 7.997300726679087979e-02
1.253075199999999995e+03 0.000000000000000000e+00 7.969339949119527700e-02
1.253756100000000060e+03 0.000000000000000000e+00 8.059140328340819170e-02
1.254437130000000025e+03 0.000000000000000000e+00 8.148957852589705508e-02
1.255118040000000065e+03 0.000000000000000000e+00 8.212806554501309031e-02
1.255798950000000104e+03 0.000000000000000000e+00 8.251108062181039537e-02
1.256479739999999993e+03 0.000000000000000000e+00 8.289402819804335409e-02
1.257160640000000058e+03 0.000000000000000000e+00 8.308826223330710581e-02
1.257841429999999946e+03 0.000000000000000000e+00 8.327166206796590697e-02
1.258522220000000061e+03 0.000000000000000000e+00 8.360318200610661332e-02
1.259202999999999975e+03 0.000000000000000000e+00 8.416865516400172387e-02
1.259883790000000090e+03 0.000000000000000000e+00 8.473413662815097724e-02
1.260564579999999978e+03 0.000000000000000000e+00 8.504857971454456156e-02
1.261245239999999967e+03 0.000000000000000000e+00 8.531123483146696440e-02
1.261926030000000083e+03 0.000000000000000000e+00 8.578652871691870574e-02
1.262606690000000071e+03 0.000000000000000000e+00 8.683418869432595055e-02
1.263287350000000060e+03 0.000000000000000000e+00 8.788184867173318149e-02
1.263968020000000024e+03 0.000000000000000000e+00 8.803343568463910251e-02
1.264648560000000089e+03 0.000000000000000000e+00 8.782256008066663400e-02
1.265329220000000078e+03 0.000000000000000000e+00 8.767671283590146303e-02
1.266009769999999889e+03 0.000000000000000000e+00 8.789060850346902543e-02
1.266690309999999954e+03 0.000000000000000000e+00 8.810450102805426897e-02
1.267370850000000019e+03 0.000000000000000000e+00 8.928958875739952117e-02
1.268051269999999931e+03 0.000000000000000000e+00 9.113842920954424998e-02
1.268731809999999996e+03 0.000000000000000000e+00 9.293086774383138571e-02
1.269412229999999909e+03 0.000000000000000000e+00 9.314969708566982198e-02
1.270092650000000049e+03 0.000000000000000000e+00 9.336852642750834153e-02
1.270773069999999962e+03 0.000000000000000000e+00 9.335377346358633699e-02
1.271453490000000102e+03 0.000000000000000000e+00 9.308128465056701717e-02
1.272133910000000014e+03 0.000000000000000000e+00 9.280879583754779449e-02
1.272814210000000003e+03 0.000000000000000000e+00 9.322721123479789374e-02
1.273494509999999991e+03 0.000000000000000000e+00 9.370910966824115562e-02
1.274174800000000005e+03 0.000000000000000000e+00 9.433353149649731373e-02
1.274855099999999993e+03 0.000000000000000000e+00 9.521580303352467078e-02
1.275535399999999981e+03 0.000000000000000000e+00 9.609807457055202784e-02
1.276215580000000045e+03 0.000000000000000000e+00 9.637835626319671278e-02
1.276895870000000059e+03 0.000000000000000000e+00 9.650436687832093796e-02
1.277576049999999896e+03 0.000000000000000000e+00 9.676983561174035131e-02
1.278256229999999960e+03 0.000000000000000000e+00 9.748728554745078601e-02
1.278936279999999897e+03 0.000000000000000000e+00 9.820459835991188213e-02
1.279616459999999961e+03 0.000000000000000000e+00 9.861249866510506112e-02
1.280296509999999898e+03 0.000000000000000000e+00 9.887166240498339309e-02
1.280976560000000063e+03 0.000000000000000000e+00 9.910143814207791890e-02
1.281656739999999900e+03 0.000000000000000000e+00 9.910557947689103975e-02
1.282336669999999913e+03 0.000000000000000000e+00 9.910971928955751575e-02
1.283016720000000078e+03 0.000000000000000000e+00 9.922702335823747888e-02
1.283696779999999990e+03 0.000000000000000000e+00 9.943525781256294660e-02
1.284376710000000003e+03 0.000000000000000000e+00 9.964345246087269459e-02
1.285056640000000016e+03 0.000000000000000000e+00 1.001490639700256952e-01
1.285736570000000029e+03 0.000000000000000000e+00 1.006565016547766728e-01
1.286416500000000042e+03 0.000000000000000000e+00 1.008904600197969847e-01
1.287096309999999903e+03 0.000000000000000000e+00 1.007661086412466739e-01
1.287776249999999891e+03 0.000000000000000000e+00 1.006417334829943361e-01
1.288456050000000005e+03 0.000000000000000000e+00 1.009649667902475512e-01
1.289135860000000093e+03 0.000000000000000000e+00 1.013541321452145760e-01
1.289815669999999955e+03 0.000000000000000000e+00 1.016061542840192150e-01
1.290495359999999891e+03 0.000000000000000000e+00 1.015533353797194172e-01
1.291175169999999980e+03 0.000000000000000000e+00 1.015005071501852707e-01
1.291854859999999917e+03 0.000000000000000000e+00 1.006989984713735076e-01
1.292534550000000081e+03 0.000000000000000000e+00 9.964624987610593010e-02
1.293214230000000043e+03 0.000000000000000000e+00 9.889877969966813509e-02
1.293893919999999980e+03 0.000000000000000000e+00 9.947727454327127961e-02
1.294573489999999993e+03 0.000000000000000000e+00 1.000556672529881036e-01
1.295253169999999955e+03 0.000000000000000000e+00 9.991581701842744412e-02
1.295932739999999967e+03 0.000000000000000000e+00 9.934538968013965909e-02
1.296612300000000005e+03 0.000000000000000000e+00 9.886896195384602126e-02
1.297291870000000017e+03 0.000000000000000000e+00 9.978099794196938765e-02
1.297971309999999903e+03 0.000000000000000000e+00 1.006928594599446197e-01
1.298650879999999916e+03 0.000000000000000000e+00 1.007643639174651135e-01
1.299330320000000029e+03 0.000000000000000000e+00 9.999879254106844306e-02
1.300009769999999889e+03 0.000000000000000000e+00 9.923320989699020711e-02
1.300689210000000003e+03 0.000000000000000000e+00 9.942837022726822016e-02
1.301368649999999889e+03 0.000000000000000000e+00 9.968622425350955052e-02
1.302047970000000078e+03 0.000000000000000000e+00 9.948798179621244631e-02
1.302727290000000039e+03 0.000000000000000000e+00 9.853319841905332221e-02
1.303406739999999900e+03 0.000000000000000000e+00 9.757823232706329397e-02
1.304085939999999937e+03 0.000000000000000000e+00 9.740158944093925408e-02
1.304765259999999898e+03 0.000000000000000000e+00 9.740315363098814294e-02
1.305444580000000087e+03 0.000000000000000000e+00 9.743518839525873443e-02
1.306123779999999897e+03 0.000000000000000000e+00 9.755837250076233869e-02
1.306802979999999934e+03 0.000000000000000000e+00 9.768155660626599845e-02
1.307482299999999896e+03 0.000000000000000000e+00 9.675990087186157884e-02
1.308161380000000008e+03 0.000000000000000000e+00 9.536343260572859026e-02
1.308840580000000045e+03 0.000000000000000000e+00 9.401666476766336322e-02
1.309519780000000083e+03 0.000000000000000000e+00 9.302211169302476712e-02
1.310198849999999993e+03 0.000000000000000000e+00 9.202774897748486338e-02
1.310877930000000106e+03 0.000000000000000000e+00 9.132240307348694908e-02
1.311557009999999991e+03 0.000000000000000000e+00 9.084353947400068685e-02
1.312236079999999902e+03 0.000000000000000000e+00 9.036468292616664510e-02
1.312915040000000090e+03 0.000000000000000000e+00 8.987778119928410692e-02
1.313594119999999975e+03 0.000000000000000000e+00 8.939077286836075165e-02
1.314273069999999962e+03 0.000000000000000000e+00 8.876292950305839091e-02
1.314952029999999922e+03 0.000000000000000000e+00 8.795089228860174246e-02
1.315630979999999909e+03 0.000000000000000000e+00 8.713886703416058588e-02
1.316309809999999970e+03 0.000000000000000000e+00 8.564152240116365555e-02
1.316988769999999931e+03 0.000000000000000000e+00 8.404110614585870442e-02
1.317667599999999993e+03 0.000000000000000000e+00 8.294544133528652941e-02
1.318346440000000030e+03 0.000000000000000000e+00 8.299644505506860448e-02
1.319025270000000091e+03 0.000000000000000000e+00 8.304744802351428368e-02
1.319704099999999926e+03 0.000000000000000000e+00 8.247972902913772164e-02
1.320382810000000063e+03 0.000000000000000000e+00 8.169594985639730411e-02
1.321061519999999973e+03 0.000000000000000000e+00 8.082485786472132228e-02
1.321740360000000010e+03 0.000000000000000000e+00 7.954595861191365858e-02
1.322419069999999920e+03 0.000000000000000000e+00 7.826730427234478149e-02
1.323097659999999905e+03 0.000000000000000000e+00 7.799924916102263239e-02
1.323776370000000043e+03 0.000000000000000000e+00 7.837137832810557592e-02
1.324454960000000028e+03 0.000000000000000000e+00 7.865662094504070889e-02
1.325133669999999938e+03 0.000000000000000000e+00 7.719352801409898324e-02
1.325812259999999924e+03 0.000000000000000000e+00 7.573069376676529185e-02
1.326490720000000010e+03 0.000000000000000000e+00 7.447670660233701723e-02
1.327169309999999996e+03 0.000000000000000000e+00 7.344633577196243990e-02
1.327847899999999981e+03 0.000000000000000000e+00 7.241596494158786257e-02
1.328526370000000043e+03 0.000000000000000000e+00 7.150728583248548709e-02
1.329204829999999902e+03 0.000000000000000000e+00 7.060955798295298624e-02
1.329883299999999963e+03 0.000000000000000000e+00 6.994563839418985185e-02
1.330561770000000024e+03 0.000000000000000000e+00 6.971298955951965581e-02
1.331240109999999959e+03 0.000000000000000000e+00 6.948038530213149211e-02
1.331918580000000020e+03 0.000000000000000000e+00 6.899392232039332218e-02
1.332596919999999955e+03 0.000000000000000000e+00 6.843856451328618473e-02
1.333275270000000091e+03 0.000000000000000000e+00 6.795899846567129976e-02
1.333953610000000026e+03 0.000000000000000000e+00 6.774692778369113821e-02
1.334631840000000011e+03 0.000000000000000000e+00 6.753489149121330581e-02
1.335310179999999946e+03 0.000000000000000000e+00 6.643478893862782286e-02
1.335988399999999956e+03 0.000000000000000000e+00 6.486691814491794827e-02
1.336666629999999941e+03 0.000000000000000000e+00 6.338577151531665788e-02
1.337344849999999951e+03 0.000000000000000000e+00 6.279347532121648534e-02
1.338022950000000037e+03 0.000000000000000000e+00 6.220128392429605940e-02
1.338701170000000047e+03 0.000000000000000000e+00 6.171380424837295126e-02
1.339379269999999906e+03 0.000000000000000000e+00 6.132218410065586045e-02
1.340057369999999992e+03 0.000000000000000000e+00 6.093056395293863781e-02
1.340735470000000078e+03 0.000000000000000000e+00 6.059156927066611936e-02
1.341413569999999936e+03 0.000000000000000000e+00 6.025498222645293139e-02
1.342091550000000097e+03 0.000000000000000000e+00 5.972064849387918178e-02
1.342769649999999956e+03 0.000000000000000000e+00 5.887628688551840850e-02
1.343447629999999890e+03 0.000000000000000000e+00 5.803207469965128429e-02
1.344125610000000052e+03 0.000000000000000000e+00 5.771726548625350645e-02
1.344803589999999986e+03 0.000000000000000000e+00 5.751630694259759341e-02
1.345481449999999995e+03 0.000000000000000000e+00 5.725448928305778423e-02
1.346159419999999955e+03 0.000000000000000000e+00 5.681570269187236066e-02
1.346837279999999964e+03 0.000000000000000000e+00 5.637698729340195891e-02
1.347515139999999974e+03 0.000000000000000000e+00 5.641068972402735887e-02
1.348192990000000009e+03 0.000000000000000000e+00 5.665762973394240093e-02
1.348870850000000019e+03 0.000000000000000000e+00 5.682154377688421881e-02
1.349548579999999902e+03 0.000000000000000000e+00 5.638753129564731681e-02
1.350226319999999987e+03 0.000000000000000000e+00 5.595351241049602298e-02
1.350904170000000022e+03 0.000000000000000000e+00 5.558732264228769676e-02
1.351581789999999955e+03 0.000000000000000000e+00 5.527579682877419714e-02
1.352259520000000066e+03 0.000000000000000000e+00 5.496422044438094290e-02
1.352937259999999924e+03 0.000000000000000000e+00 5.443225738243660100e-02
1.353614870000000110e+03 0.000000000000000000e+00 5.389746016837392018e-02
1.354292480000000069e+03 0.000000000000000000e+00 5.377412352506426990e-02
1.354970090000000027e+03 0.000000000000000000e+00 5.422127542173407061e-02
1.355647709999999961e+03 0.000000000000000000e+00 5.466843391736043306e-02
1.356325319999999920e+03 0.000000000000000000e+00 5.418894975938855912e-02
1.357002809999999954e+03 0.000000000000000000e+00 5.354759813290260739e-02
1.357680299999999988e+03 0.000000000000000000e+00 5.323944642427130836e-02
1.358357790000000023e+03 0.000000000000000000e+00 5.377595350774697081e-02
1.359035280000000057e+03 0.000000000000000000e+00 5.431246059122262632e-02
1.359712770000000091e+03 0.000000000000000000e+00 5.400420286644362633e-02
1.360390139999999974e+03 0.000000000000000000e+00 5.335926445719270383e-02
1.361067630000000008e+03 0.000000000000000000e+00 5.277181060215151848e-02
1.361744999999999891e+03 0.000000000000000000e+00 5.252047666402804432e-02
1.362422360000000026e+03 0.000000000000000000e+00 5.226914643634246460e-02
1.363099609999999984e+03 0.000000000000000000e+00 5.170971471941582243e-02
1.363776980000000094e+03 0.000000000000000000e+00 5.092504218227664192e-02
1.364454220000000078e+03 0.000000000000000000e+00 5.014335368591705394e-02
1.365131470000000036e+03 0.000000000000000000e+00 4.967983258503277932e-02
1.365808719999999994e+03 0.000000000000000000e+00 4.921631148414849777e-02
1.366485959999999977e+03 0.000000000000000000e+00 4.888295198205813707e-02
1.367163209999999935e+03 0.000000000000000000e+00 4.871525528983913778e-02
1.367840329999999994e+03 0.000000000000000000e+00 4.854759078746136158e-02
