9.306945799999999736e+02 9.032506750739692324e-06 9.032506750739692324e-06
9.313851899999999659e+02 8.895132651835258063e-06 8.695816935858818511e-06
9.320757399999999961e+02 8.757770487953380915e-06 8.359156372493098614e-06
9.327663000000000011e+02 7.193889902162403176e-06 8.022490933874862099e-06
9.334568500000000313e+02 5.235329586568793685e-06 7.685830370509142201e-06
9.341473999999999478e+02 3.899502042563407452e-06 7.349169807143477361e-06
9.348378900000000158e+02 4.364560332061189019e-06 7.012538495292910531e-06
9.355283799999999701e+02 4.829618621558894353e-06 6.675907183442398758e-06
9.362188700000000381e+02 5.554586860847376335e-06 6.339275871591832775e-06
9.369093000000000302e+02 6.375421603623907205e-06 6.002673811256474916e-06
9.375997300000000223e+02 6.839969683720996117e-06 5.666071750921117058e-06
9.382901600000000144e+02 5.912276030361152612e-06 5.329469690585759200e-06
9.389805300000000443e+02 4.984662995773909036e-06 5.019572461831558636e-06
9.396708999999999605e+02 5.046647992255141271e-06 5.168692861180166870e-06
9.403612699999999904e+02 5.580877422644554646e-06 5.317813260528799669e-06
9.410515699999999697e+02 6.263484286202467348e-06 5.466918539828818067e-06
9.417418800000000374e+02 7.788135479945564559e-06 5.616025979135799289e-06
9.424321899999999914e+02 9.312786673688408507e-06 5.765133418442755099e-06
9.431224999999999454e+02 7.856552873318775685e-06 5.914240857749711757e-06
9.438127399999999625e+02 4.594692018105681633e-06 6.063333177008078579e-06
9.445029899999999543e+02 1.829084804036780844e-06 6.212427656273382813e-06
9.451931799999999839e+02 3.768821071253641596e-06 6.361509175497035470e-06
9.458833600000000388e+02 5.708529234089645327e-06 6.510588534713749868e-06
9.465735499999999547e+02 6.648976755085623867e-06 6.659670053937377115e-06
9.472637300000000096e+02 6.828592972995382785e-06 6.802811691017125802e-06
9.479538599999999633e+02 6.886776481155332704e-06 6.895810490823262499e-06
9.486439800000000560e+02 4.036011661090629809e-06 6.988807943074611341e-06
9.493341100000000097e+02 1.185205532778370182e-06 7.081806742880748039e-06
9.500241700000000264e+02 2.313878170959403088e-06 7.174796109803252856e-06
9.507142300000000432e+02 7.230709462757581067e-06 7.267785476725757674e-06
9.514043000000000347e+02 1.214761200678425096e-05 7.360776191203064747e-06
9.520943600000000515e+02 6.885260270309439817e-06 7.453765558125569564e-06
9.527843599999999924e+02 1.460603969335770995e-06 7.546746839719229511e-06
9.534743700000000217e+02 3.564175186405118168e-07 7.639729468867706959e-06
9.541643100000000004e+02 4.404428580922777642e-06 7.732702665132538974e-06
9.548542499999999791e+02 8.452439643205045161e-06 7.825675861397369295e-06
9.555441899999999578e+02 7.643904419465981443e-06 7.830931266481538632e-06
9.562341300000000501e+02 6.457030342242757446e-06 7.350314549708344752e-06
9.569240099999999529e+02 5.556461267271344752e-06 6.869739629327732428e-06
9.576138899999999694e+02 5.086656607818576633e-06 6.389164708947041330e-06
9.583037699999999859e+02 4.616851948365808514e-06 5.908589788566350232e-06
9.589935900000000402e+02 2.848758600207564475e-06 5.428056664578082295e-06
9.596834099999999808e+02 8.874551937703116279e-07 4.947523540589892285e-06
9.603731699999999591e+02 -2.028552496770840207e-08 4.467032212994126282e-06
9.610629900000000134e+02 1.103509692995039151e-06 3.986499089005857497e-06
9.617527499999999918e+02 2.227207164135190885e-06 3.506007761410091495e-06
9.624424999999999955e+02 2.222771994339926999e-06 3.025523399879715658e-06
9.631322000000000116e+02 1.957865415810453339e-06 2.545073868676371969e-06
9.638219000000000278e+02 2.363919532321613808e-06 2.181700097220929105e-06
9.645116000000000440e+02 4.467605011946909013e-06 2.298546158651443760e-06
9.652012300000000096e+02 6.571076981374031012e-06 2.415380360977557021e-06
9.658908699999999499e+02 6.248056235837790236e-06 2.532216257461436101e-06
9.665805100000000039e+02 5.132421643530932990e-06 2.649052153945334663e-06
9.672701399999999694e+02 4.227811182659024353e-06 2.765886356271447500e-06
9.679597199999999475e+02 4.053082323455763584e-06 2.882712087808710487e-06
9.686492899999999509e+02 3.878355998097142658e-06 2.999536125188206807e-06
9.693388700000000426e+02 3.385382009759515894e-06 3.116361856725488851e-06
9.700283799999999701e+02 2.752570426065094264e-06 3.233175729158349596e-06
9.707178999999999860e+02 2.339450246432735944e-06 3.349991295748995218e-06
9.714073499999999513e+02 3.040185602784429373e-06 3.466795003235239869e-06
9.720968599999999924e+02 3.740981941254382501e-06 3.650690373041176559e-06
9.727863200000000461e+02 4.905016587636185031e-06 4.052787302878966377e-06
9.734757100000000491e+02 6.335609500622901364e-06 4.454843408325045526e-06
9.741651600000000144e+02 7.456617934470512342e-06 4.856934506106829968e-06
9.748545500000000175e+02 5.920113722072499971e-06 5.258990611552909964e-06
9.755438799999999446e+02 4.383743236959275596e-06 5.661011724663217752e-06
9.762332800000000361e+02 4.276504957758950554e-06 6.063073662165303546e-06
9.769226099999999633e+02 5.230447374841359565e-06 6.465094775275611333e-06
9.776119400000000041e+02 6.174822474652365024e-06 6.867115888385985189e-06
9.783012099999999691e+02 6.908195721733276663e-06 7.269102009160588530e-06
9.789904800000000478e+02 7.641568968814310274e-06 7.671088129935259634e-06
9.796797500000000127e+02 8.166102088697722636e-06 8.073074250709861281e-06
9.803690199999999777e+02 8.492078252588841069e-06 8.320257827337938404e-06
9.810582299999999805e+02 8.818026040705847501e-06 8.149343939809075167e-06
9.817474399999999832e+02 6.997564267153311065e-06 7.978430052280211930e-06
9.824365800000000490e+02 5.137217672037251945e-06 7.807533523716129036e-06
9.831257299999999759e+02 4.496077048421070026e-06 7.636634515299966367e-06
9.838148800000000165e+02 5.341916899100000756e-06 7.465735506883776592e-06
9.845040299999999434e+02 6.187756749778792573e-06 7.294836498467613923e-06
9.851931200000000217e+02 5.165434168352185272e-06 7.123952369164096765e-06
9.858822000000000116e+02 3.979166504520559761e-06 6.953070719712715284e-06
9.865712899999999763e+02 3.723860219438795090e-06 6.782186590409226078e-06
9.872603100000000040e+02 4.937716582435254208e-06 6.611319820070516366e-06
9.879493400000000065e+02 6.151590562574321336e-06 6.440450569879699775e-06
9.886383700000000090e+02 6.301308084401893649e-06 6.267088424815595358e-06
9.893273299999999608e+02 6.272476096752656730e-06 6.087961749336452537e-06
9.900163000000000011e+02 6.264406608211958924e-06 5.908832473899735789e-06
9.907052599999999529e+02 6.299556705718480208e-06 5.729705798420593816e-06
9.913941700000000310e+02 6.334704252271577674e-06 5.550592122729176640e-06
9.920830700000000206e+02 6.700036167803257252e-06 5.371481046995335085e-06
9.927719700000000103e+02 7.151861229624004881e-06 5.192369971261492684e-06
9.934608799999999746e+02 7.272027974518598508e-06 5.013256295570105153e-06
9.941497200000000021e+02 6.450656894051305251e-06 4.834160819581563170e-06
9.948385600000000295e+02 5.629285813584011995e-06 4.655065343593021187e-06
9.955273399999999810e+02 5.018427545485232526e-06 4.475985467349808422e-06
9.962161300000000210e+02 4.486135916644204526e-06 4.296902991149021729e-06
9.969049099999999726e+02 4.127228382258097603e-06 4.156118173770785230e-06
9.975936900000000378e+02 4.481043711662953859e-06 4.093716118415121212e-06
9.982824100000000271e+02 4.834828220022205972e-06 4.031319498936407683e-06
9.989711300000000165e+02 5.099580482854516889e-06 3.968922879457694155e-06
9.996597900000000436e+02 5.319089598860200276e-06 3.906531695855920953e-06
1.000348449999999957e+03 5.348592145328104682e-06 3.844140512254157915e-06
1.001037109999999984e+03 4.109707962538714322e-06 3.781749328652384713e-06
1.001725770000000011e+03 2.870823779749324809e-06 3.719358145050611511e-06
1.002414369999999963e+03 2.376480273050002837e-06 3.656972397325788799e-06
1.003102970000000028e+03 2.383980830300348655e-06 3.594586649600955923e-06
1.003791560000000004e+03 2.428185106447435276e-06 3.532201807855621995e-06
1.004480099999999993e+03 3.007651350033144335e-06 3.469821496007739609e-06
1.005168639999999982e+03 3.587117593618852971e-06 3.402248946435563086e-06
1.005857179999999971e+03 3.595197818942075370e-06 3.325081153154345781e-06
1.006545650000000023e+03 3.098263651580273063e-06 3.247921205089855385e-06
1.007234130000000050e+03 2.601322266269016463e-06 3.170760136280119740e-06
1.007922609999999963e+03 2.086666138815746994e-06 3.093599067470396800e-06
1.008611020000000053e+03 1.572015081625000744e-06 3.016445843877388064e-06
1.009299440000000004e+03 1.317229018679881671e-06 2.939291499539146783e-06
1.009987849999999980e+03 1.363010861164457614e-06 2.862138275946150328e-06
1.010676270000000045e+03 1.408793368686480650e-06 2.784983931607896766e-06
1.011364619999999945e+03 1.976782901626217372e-06 2.707837432486394676e-06
1.012052919999999972e+03 2.584063351798175344e-06 2.630696537091116714e-06
1.012741269999999986e+03 2.757607223159011503e-06 2.553550037969602341e-06
1.013429570000000012e+03 2.269048337604681265e-06 2.545156669385937058e-06
1.014117859999999951e+03 1.780496550101925507e-06 2.653826485121368541e-06
1.014806090000000040e+03 2.223076557017695289e-06 2.762486827831000295e-06
1.015494320000000016e+03 2.814928348011814267e-06 2.871147170540613837e-06
1.016182559999999967e+03 3.455881885607849115e-06 2.979809092087860809e-06
1.016870790000000056e+03 4.197669463228665370e-06 3.088469434797492563e-06
1.017558959999999956e+03 4.939392371691210277e-06 3.197120304481270801e-06
1.018247129999999970e+03 3.519791624686456527e-06 3.305771174165066827e-06
1.018935240000000022e+03 1.535855833409151815e-06 3.414412570823045336e-06
1.019623349999999959e+03 4.648128414209744485e-07 3.523053967481006058e-06
1.020311460000000011e+03 2.017669830805189314e-06 3.631695364138984144e-06
1.020999569999999949e+03 3.570526820189147794e-06 3.740336760796944441e-06
1.021687620000000038e+03 3.757151690659979366e-06 3.821367456288519812e-06
1.022375670000000014e+03 3.421450513767414957e-06 3.858247622442675431e-06
1.023063719999999989e+03 3.206826954109274124e-06 3.895127788596831050e-06
1.023751710000000003e+03 3.513715178790151427e-06 3.932004738691154148e-06
1.024439699999999903e+03 3.820603403470977485e-06 3.968881688785471317e-06
1.025127690000000030e+03 3.851761745799361667e-06 4.005758638879800344e-06
1.025815550000000030e+03 3.736617928956386342e-06 4.042628620844480949e-06
1.026503539999999930e+03 3.530633353555847469e-06 4.079505570938798118e-06
1.027191409999999905e+03 2.643590250966824982e-06 4.116376088913450245e-06
1.027879269999999906e+03 1.756560043882772706e-06 4.153246070878130850e-06
1.028567140000000109e+03 2.115547281241413494e-06 4.190116588852793989e-06
1.029255000000000109e+03 3.368503143100317169e-06 4.226986570817474594e-06
1.029942870000000084e+03 4.525726984270412071e-06 4.168247133153288341e-06
1.030630619999999908e+03 3.727228440037694564e-06 3.963267700035363586e-06
1.031318479999999909e+03 2.928602182478902985e-06 3.758255482129828718e-06
1.032006229999999960e+03 2.533568533353783077e-06 3.553276049011836623e-06
1.032693970000000036e+03 2.524893613577746115e-06 3.348299596329069338e-06
1.033381710000000112e+03 2.516218693801709576e-06 3.143323143646302475e-06
1.034069340000000011e+03 3.133971830100609375e-06 2.938379475751146150e-06
1.034757080000000087e+03 3.768029602821844501e-06 2.733403023068378865e-06
1.035444700000000012e+03 3.692859455720715165e-06 2.528462335608447348e-06
1.036132319999999936e+03 2.709610596415112391e-06 2.323521648148516255e-06
1.036820069999999987e+03 1.726175846135084320e-06 2.118542215030524161e-06
1.037507569999999987e+03 1.718192282490986117e-06 1.913637292793360650e-06
1.038195189999999911e+03 1.815965224394670887e-06 1.765196767597961085e-06
1.038882810000000063e+03 1.842691679028418108e-06 1.700927147592177249e-06
1.039570310000000063e+03 1.746111571200042545e-06 1.636668743598741065e-06
1.040257810000000063e+03 1.649531463371666981e-06 1.572410339605304880e-06
1.040945310000000063e+03 2.562871191808717258e-06 1.508151935611868695e-06
1.041632810000000063e+03 3.684777260061439487e-06 1.443893531618432511e-06
1.042320310000000063e+03 4.288906825352511620e-06 1.379635127624996326e-06
1.043007689999999911e+03 3.638188760027909786e-06 1.315387939643907581e-06
1.043695189999999911e+03 2.987357094994359059e-06 1.251129535650471396e-06
1.044382569999999987e+03 2.070029799562107025e-06 1.186882347669361475e-06
1.045069950000000063e+03 1.066236392708693341e-06 1.122635159688251766e-06
1.045757319999999936e+03 5.071947849804572797e-07 1.058388906374855164e-06
1.046444700000000012e+03 1.546136530092214848e-06 1.078523483895233020e-06
1.047131959999999935e+03 2.584896900986551340e-06 1.223149735704278550e-06
1.047819340000000011e+03 3.317317237602263022e-06 1.367801240183694874e-06
1.048506589999999960e+03 3.905609394377135824e-06 1.512425387603550779e-06
1.049193850000000111e+03 4.411461363425689701e-06 1.657051639412644165e-06
1.049881100000000060e+03 4.421706953960705270e-06 1.801675786832500069e-06
1.050568359999999984e+03 4.431952693576703553e-06 1.946302038641545599e-06
1.051255490000000009e+03 4.272746185736527242e-06 2.090900933391078565e-06
1.051942749999999933e+03 4.002810353545813418e-06 2.235527185200124094e-06
1.052629879999999957e+03 3.724457529452336422e-06 2.380126079949657060e-06
1.053317019999999957e+03 3.328123179978652408e-06 2.524727079088379651e-06
1.054004149999999981e+03 2.931794598388492640e-06 2.669325973837912617e-06
1.054691280000000006e+03 2.671876865180326568e-06 2.766355257329058010e-06
1.055378300000000081e+03 2.533588323919508338e-06 2.792608352816148400e-06
1.056065430000000106e+03 2.395277641033217520e-06 2.818865651733273288e-06
1.056752439999999979e+03 2.527086867203114077e-06 2.845118365090352264e-06
1.057439450000000079e+03 2.661414801652396904e-06 2.871371078447440557e-06
1.058126459999999952e+03 2.666063229155853320e-06 2.897623791804519533e-06
1.058813480000000027e+03 2.513612591954896236e-06 2.923876887291609923e-06
1.059500489999999900e+03 2.361164173767072082e-06 2.950129600648689322e-06
1.060187380000000076e+03 2.328208865905669941e-06 2.976377728445740174e-06
1.060874270000000024e+03 2.306546854402590300e-06 3.002625856242782979e-06
1.061561159999999973e+03 2.438355434214952965e-06 3.028873984039825361e-06
1.062248049999999921e+03 2.826356682867268504e-06 3.055122111836867742e-06
1.062934940000000097e+03 3.214357931519712792e-06 3.019987351261442918e-06
1.063621830000000045e+03 3.532182978125491019e-06 2.891127401204438943e-06
1.064308590000000095e+03 3.836181303418575147e-06 2.762291839031222000e-06
1.064995480000000043e+03 3.849874539241219151e-06 2.633431888974218025e-06
1.065682250000000067e+03 3.175665805645308964e-06 2.504594450809944027e-06
1.066369020000000091e+03 2.501457072049398776e-06 2.375757012645670029e-06
1.067055659999999989e+03 2.404214098553103934e-06 2.246943962365224991e-06
1.067742430000000013e+03 2.491640698353507963e-06 2.118106524200950992e-06
1.068429080000000113e+03 2.396341414562186696e-06 1.989291597929406548e-06
1.069115839999999935e+03 1.645349981719316985e-06 1.860456035756232168e-06
1.069802490000000034e+03 8.944788369791387065e-07 1.731641109484687723e-06
1.070489139999999907e+03 1.119419103692559737e-06 1.602826183213185842e-06
1.071175780000000032e+03 1.806935464968910310e-06 1.538834749907647834e-06
1.071862300000000005e+03 2.420674699317738346e-06 1.578203063478190099e-06
1.072548950000000104e+03 2.576991345690463041e-06 1.617578831865444218e-06
1.073235470000000078e+03 2.733278397416645378e-06 1.656947145435986272e-06
1.073922000000000025e+03 2.687104999052910438e-06 1.696316032453965923e-06
1.074608519999999999e+03 2.505216655323609492e-06 1.735684346024507976e-06
1.075295039999999972e+03 2.351900388709162256e-06 1.775052659595050029e-06
1.075981569999999920e+03 2.656999203103495041e-06 1.814421546613029468e-06
1.076667969999999968e+03 2.962040244573351577e-06 1.853782978814310182e-06
1.077354370000000017e+03 2.862801145337336546e-06 1.893144411015590472e-06
1.078040770000000066e+03 2.387724323059604287e-06 1.932505843216871185e-06
1.078727169999999887e+03 1.912647500782029999e-06 1.971867275418138346e-06
1.079413569999999936e+03 2.121724694858926511e-06 1.986089653954013609e-06
1.080099979999999960e+03 2.346490069814141151e-06 1.957621501647657559e-06
1.080786250000000109e+03 2.284664599223139744e-06 1.929159155698026144e-06
1.081472659999999905e+03 1.853634677023702769e-06 1.900691003391679834e-06
1.082158940000000030e+03 1.422686388089725899e-06 1.872228242702283281e-06
1.082845209999999952e+03 1.467590922699508856e-06 1.843765896752661394e-06
1.083531369999999924e+03 1.567530707886888738e-06 1.815308112940468094e-06
1.084217650000000049e+03 1.816159134982024019e-06 1.786845352251071329e-06
1.084903929999999946e+03 2.334871322027497469e-06 1.758382591561684093e-06
1.085590089999999918e+03 2.853492809267634395e-06 1.729924807749490792e-06
1.086276249999999891e+03 2.483302997702451809e-06 1.701467023937297492e-06
1.086962399999999889e+03 1.909914301843200353e-06 1.673009654864869330e-06
1.087648560000000089e+03 1.645809731068281889e-06 1.663616946229315433e-06
1.088334589999999935e+03 2.205641715161034010e-06 1.689355854537896232e-06
1.089020749999999907e+03 2.765579785223792120e-06 1.715099640268868656e-06
1.089706789999999955e+03 2.659069573232672049e-06 1.740838923763794358e-06
1.090392820000000029e+03 2.307748447586155303e-06 1.766577832072383628e-06
1.091078860000000077e+03 2.049690763819199968e-06 1.792317115567309331e-06
1.091764889999999923e+03 2.190533947449000346e-06 1.818056023875889919e-06
1.092450810000000047e+03 2.331354547882496739e-06 1.843790805134769113e-06
1.093136839999999893e+03 2.076030808935107071e-06 1.869529713443349701e-06
1.093822750000000042e+03 1.605127445659082924e-06 1.895264119515892250e-06
1.094508669999999938e+03 1.229367929881192788e-06 1.920998900774762974e-06
1.095194580000000087e+03 1.658510486390898726e-06 1.946733306847305524e-06
1.095880490000000009e+03 2.087653042900462151e-06 2.007638696783621339e-06
1.096566409999999905e+03 2.423715898574356150e-06 2.140474573125061523e-06
1.097252199999999903e+03 2.687606162306603498e-06 2.273285273551072596e-06
1.097937989999999900e+03 2.944664522152074387e-06 2.406095973977083669e-06
1.098623779999999897e+03 2.880546566410192149e-06 2.538906674403095165e-06
1.099309569999999894e+03 2.816428610668309910e-06 2.671717374829106237e-06
1.099995359999999891e+03 2.854907164388482895e-06 2.804528075255117310e-06
1.100681149999999889e+03 3.005139773547527178e-06 2.937338775681128382e-06
1.101366819999999962e+03 3.155346094902596840e-06 3.070126236800586671e-06
1.102052490000000034e+03 3.167943918269436153e-06 3.202913697920044960e-06
1.102738160000000107e+03 3.171090040871920352e-06 3.335701159039502825e-06
1.103423829999999953e+03 3.319475116452393191e-06 3.468488620158916644e-06
1.104109500000000025e+03 3.692264544480777935e-06 3.566734045023227998e-06
1.104795170000000098e+03 4.065053972509163102e-06 3.584674839584192331e-06
1.105480710000000045e+03 3.989002125108483987e-06 3.602612232649838106e-06
1.106166259999999966e+03 3.833689507832257706e-06 3.620549887368968946e-06
1.106851809999999887e+03 3.963030463577578290e-06 3.638487542088099787e-06
1.107537350000000060e+03 4.736043505047900354e-06 3.656424935153751067e-06
1.108222899999999981e+03 5.509067822490768207e-06 3.674362589872881907e-06
1.108908449999999903e+03 5.173979791343173700e-06 3.692300244592012748e-06
1.109593869999999924e+03 4.495498829200116062e-06 3.710234497815830958e-06
1.110279299999999921e+03 3.937857008691008556e-06 3.728169012693134235e-06
1.110964719999999943e+03 3.809699256881210702e-06 3.746103265916952022e-06
1.111650149999999940e+03 3.681539635301761122e-06 3.764037780794255298e-06
1.112335569999999962e+03 3.846980100371351096e-06 3.807342502307374884e-06
1.113020999999999958e+03 4.153226557896292133e-06 3.919650954869847458e-06
1.113706300000000056e+03 4.434981440781648259e-06 4.031938106790647919e-06
1.114391599999999926e+03 4.556058753407197614e-06 4.144225258711410263e-06
1.115076900000000023e+03 4.677136066032786781e-06 4.256512410632209877e-06
1.115762210000000096e+03 4.602630839711684223e-06 4.368801201063905261e-06
1.116447509999999966e+03 4.391183069593609033e-06 4.481088352984667606e-06
1.117132689999999911e+03 4.190509465120992594e-06 4.593355842774652761e-06
1.117817990000000009e+03 4.225098138973872131e-06 4.705642994695453222e-06
1.118503169999999955e+03 4.259680756149576834e-06 4.817910484485438377e-06
1.119188349999999900e+03 4.461024749924816017e-06 4.930177974275422685e-06
1.119873540000000048e+03 4.829675200745345303e-06 5.042447102576340032e-06
1.120558590000000095e+03 5.198250327840846826e-06 5.109747408493787591e-06
1.121243770000000040e+03 5.381943978982774378e-06 5.028633982671791402e-06
1.121928830000000062e+03 5.556803601345110586e-06 4.947534762768082021e-06
1.122613890000000083e+03 5.377534169926114842e-06 4.866435542864373486e-06
1.123298950000000104e+03 4.688312197738299917e-06 4.785336322960664951e-06
1.123984009999999898e+03 3.999090225550712844e-06 4.704237103056982675e-06
1.124669069999999920e+03 4.569719377840575105e-06 4.623137883153274140e-06
1.125354000000000042e+03 5.336937653723193971e-06 4.542054052994375042e-06
1.126039060000000063e+03 5.793928829013974338e-06 4.460954833090665660e-06
1.126723999999999933e+03 5.590405773742839804e-06 4.379869819105271884e-06
1.127408940000000030e+03 5.386882718471637506e-06 4.298784805119851003e-06
1.128093869999999924e+03 4.760054574231523889e-06 4.217700974960979010e-06
1.128778690000000097e+03 4.010136729275966386e-06 4.150766980814880636e-06
1.129463619999999992e+03 3.511506788993235728e-06 4.143418368588538539e-06
1.130148439999999937e+03 3.858353877907598832e-06 4.136070936551917045e-06
1.130833249999999907e+03 4.205195902029927950e-06 4.128723611805269304e-06
1.131518070000000080e+03 4.494325841393956227e-06 4.121376179768645269e-06
1.132202880000000050e+03 4.756715957038029124e-06 4.114028855021997528e-06
1.132887699999999995e+03 4.934828696356572574e-06 4.106681422985375186e-06
1.133572390000000041e+03 4.584856595078826711e-06 4.099335385718420954e-06
1.134257080000000087e+03 4.234884493801080000e-06 4.091989348451467568e-06
1.134941769999999906e+03 4.159862342453423255e-06 4.084643311184515877e-06
1.135626459999999952e+03 4.274547749636679725e-06 4.077297273917561644e-06
1.136311159999999973e+03 4.367004724089663155e-06 4.069951129360633659e-06
1.136995850000000019e+03 3.994669908774325921e-06 4.060826731945416486e-06
1.137680419999999913e+03 3.622400349528004479e-06 4.041361739997871920e-06
1.138364990000000034e+03 3.586185458399445115e-06 4.021896748050320577e-06
1.139049559999999929e+03 3.886985545128502296e-06 4.002431756102775164e-06
1.139734130000000050e+03 4.187785631857659003e-06 3.982966764155223821e-06
1.140418699999999944e+03 3.968541137861504327e-06 3.963501772207679254e-06
1.141103149999999914e+03 3.723545900467528799e-06 3.944040192327610275e-06
1.141787720000000036e+03 3.699017064629525616e-06 3.924575200380058932e-06
1.142472170000000006e+03 3.997016079344313392e-06 3.905113620499989952e-06
1.143156619999999975e+03 4.295015094059101168e-06 3.885652040619920972e-06
1.143841059999999970e+03 4.175422582212491601e-06 3.866190745078808080e-06
1.144525509999999940e+03 3.987344157956871852e-06 3.846729165198739947e-06
1.145209839999999986e+03 3.813511354461983517e-06 3.822966942707761472e-06
1.145894289999999955e+03 3.670970124164417276e-06 3.759140253514151482e-06
1.146578610000000026e+03 3.528455967224910766e-06 3.695325687148489655e-06
1.147262940000000071e+03 3.341796282707526819e-06 3.631510188257602186e-06
1.147947269999999889e+03 3.141594896719738965e-06 3.567694689366736317e-06
1.148631470000000036e+03 3.109742858346428736e-06 3.503891313303796588e-06
1.149315800000000081e+03 3.682948670131664152e-06 3.440075814412909543e-06
1.150000000000000000e+03 4.256045591826439344e-06 3.376272438349990990e-06
1.150684199999999919e+03 3.947228260888693949e-06 3.312469062287072860e-06
1.151368410000000040e+03 3.204598609740228153e-06 3.248664753698908336e-06
1.152052609999999959e+03 2.582826911381089406e-06 3.184861377635989783e-06
1.152736820000000080e+03 2.826183351114800492e-06 3.121057069047825259e-06
1.153420900000000074e+03 3.069493553089349499e-06 3.061034861710530768e-06
1.154104980000000069e+03 3.329049957596207087e-06 3.084877712268340393e-06
1.154789060000000063e+03 3.600634556189421851e-06 3.108720562826150019e-06
1.155473140000000058e+03 3.863257805130936964e-06 3.132563413383959644e-06
1.156157230000000027e+03 3.797715477106526887e-06 3.156406612480690163e-06
1.156841310000000021e+03 3.732174107177218579e-06 3.180249463038499788e-06
1.157525270000000091e+03 3.897775656346926879e-06 3.204088131129251500e-06
1.158209229999999934e+03 4.315283348840813344e-06 3.227926799219995164e-06
1.158893190000000004e+03 4.732791041334838723e-06 3.251765467310746452e-06
1.159577150000000074e+03 4.251445555802085824e-06 3.275604135401498164e-06
1.160261109999999917e+03 3.702485723284278345e-06 3.299442803492241829e-06
1.160945069999999987e+03 3.358657487756340464e-06 3.323281471582993116e-06
1.161628909999999905e+03 3.347279248429521744e-06 3.347115957206678443e-06
1.162312740000000076e+03 3.335901175490147719e-06 3.307722726298527197e-06
1.162996579999999994e+03 3.424842732299475928e-06 3.267333912429083411e-06
1.163680419999999913e+03 3.533909249843226110e-06 3.226945098559639201e-06
1.164364260000000058e+03 3.638853093310327461e-06 3.186556284690181438e-06
1.165047970000000078e+03 3.733385589231981825e-06 3.146175148853316768e-06
1.165731809999999996e+03 3.827936059476756579e-06 3.105786334983872558e-06
1.166415529999999990e+03 3.629008620922186620e-06 3.065404608529117871e-06
1.167099240000000009e+03 3.324208232049244039e-06 3.025023472692253201e-06
1.167782840000000078e+03 3.045290610069684464e-06 2.984648833652188036e-06
1.168466550000000097e+03 2.879749086125799753e-06 2.944267697815323366e-06
1.169150270000000091e+03 2.714205140957660323e-06 2.903885971360568679e-06
1.169833859999999959e+03 2.840658487120122445e-06 2.863511922938406660e-06
1.170517460000000028e+03 3.134035591567515481e-06 2.892372986194837573e-06
1.171201049999999896e+03 3.410661956033908711e-06 2.927133319028981393e-06
1.171884639999999990e+03 3.510675414942560980e-06 2.961893651863136649e-06
1.172568119999999908e+03 3.610672780168599735e-06 2.996648391232469592e-06
1.173251710000000003e+03 3.502888913707652269e-06 3.031408724066624847e-06
1.173935179999999946e+03 3.215841853378083189e-06 3.066162954939157994e-06
1.174618649999999889e+03 2.928794793048513685e-06 3.100917185811690718e-06
1.175302120000000059e+03 2.956345683988338143e-06 3.135671416684235300e-06
1.175985599999999977e+03 2.988111777782996067e-06 3.170426156053568243e-06
1.176668949999999995e+03 3.052581946179717680e-06 3.205174284964490717e-06
1.177352419999999938e+03 3.159251712720139087e-06 3.239928515837023865e-06
1.178035769999999957e+03 3.265902750754588577e-06 3.274676644747945915e-06
1.178719119999999975e+03 3.357611523418539546e-06 3.238173322939680747e-06
1.179402469999999994e+03 3.447408576723668528e-06 3.189484340930339554e-06
1.180085690000000113e+03 3.436482050859754902e-06 3.140804621477018245e-06
1.180769039999999904e+03 3.226723561450580213e-06 3.092115639467693569e-06
1.181452269999999999e+03 3.017001906780068649e-06 3.043435207510064048e-06
1.182135500000000093e+03 2.926121567276855067e-06 2.994754775552434950e-06
1.182818729999999960e+03 2.867709015366054045e-06 2.946074343594821946e-06
1.183501950000000079e+03 2.809664241548312120e-06 2.897394624141500637e-06
1.184185179999999946e+03 2.752815829996321512e-06 2.848714192183887633e-06
1.184868289999999888e+03 2.695977403089885423e-06 2.800042310277986724e-06
1.185551390000000083e+03 2.682556022482532942e-06 2.751371140876377509e-06
1.186234500000000025e+03 2.689219838050874688e-06 2.702699258970476600e-06
1.186917599999999993e+03 2.681695617038196283e-06 2.707998973884093745e-06
1.187600709999999935e+03 2.581353423134708407e-06 2.728368849080704425e-06
1.188283809999999903e+03 2.481012698133647134e-06 2.748738426084123385e-06
1.188966799999999921e+03 2.417585610774331734e-06 2.769104722962422409e-06
1.189649779999999964e+03 2.380743062051303580e-06 2.789470721647529290e-06
1.190332760000000007e+03 2.351070144799957756e-06 2.809836720332636171e-06
1.191015750000000025e+03 2.554476776064769955e-06 2.830203017210935196e-06
1.191698730000000069e+03 2.757880429150827707e-06 2.850569015896041653e-06
1.192381589999999960e+03 2.859690041231103301e-06 2.870931436262830102e-06
1.193064579999999978e+03 2.850675243064000707e-06 2.891297733141129127e-06
1.193747440000000097e+03 2.841662160769401315e-06 2.911660153507923929e-06
1.194430299999999988e+03 2.911070215518760689e-06 2.932022573874711955e-06
1.195113160000000107e+03 2.986696434369639366e-06 2.922308105435655755e-06
1.195795900000000074e+03 2.944371851391915565e-06 2.900021677858134948e-06
1.196478759999999966e+03 2.704937360870247717e-06 2.877731333165303184e-06
1.197161499999999933e+03 2.465544946526484904e-06 2.855444905587782377e-06
1.197844239999999900e+03 2.569910712479015823e-06 2.833158478010261570e-06
1.198526980000000094e+03 2.748573463609608146e-06 2.810872050432733563e-06
1.199209720000000061e+03 2.920254657343542130e-06 2.788585622855212756e-06
1.199892329999999902e+03 3.073029230844153878e-06 2.766303438819285914e-06
1.200575070000000096e+03 3.225832899574266006e-06 2.744017011241757907e-06
1.201257689999999911e+03 3.136625194972287818e-06 2.721734500779555681e-06
1.201940309999999954e+03 2.952117814814974132e-06 2.699451990317346255e-06
1.202622920000000022e+03 2.755742261400528874e-06 2.677169806281412212e-06
1.203305540000000065e+03 2.499155565003415024e-06 2.608662805506391208e-06
1.203988039999999955e+03 2.242613974820017260e-06 2.512304829521593265e-06
1.204670650000000023e+03 2.295666006543573686e-06 2.415931323313534159e-06
1.205353149999999914e+03 2.545175077671289612e-06 2.319573347328735792e-06
1.206035640000000058e+03 2.760895955833168656e-06 2.223216783182378213e-06
1.206718139999999948e+03 2.436204385967463445e-06 2.126858807197579846e-06
1.207400509999999940e+03 2.111574662115017782e-06 2.030519185112955134e-06
1.208083010000000058e+03 1.950603977308986539e-06 1.934161209128124580e-06
1.208765380000000050e+03 1.949820628788807294e-06 1.837821587043499868e-06
1.209447750000000042e+03 1.949037280268627626e-06 1.741481964958874944e-06
1.210130130000000008e+03 1.738276770295796777e-06 1.645140931035777681e-06
1.210812500000000000e+03 1.517027320384299105e-06 1.548801308951152757e-06
1.211494750000000067e+03 1.616118272717680508e-06 1.549763160553702212e-06
1.212177120000000059e+03 2.198497091550487489e-06 1.634283158650634450e-06
1.212859380000000101e+03 2.780782029248364511e-06 1.718789531881604802e-06
1.213541629999999941e+03 2.724739188163910826e-06 1.803294666488371333e-06
1.214223880000000008e+03 2.551661736721102618e-06 1.887799801095165815e-06
1.214906009999999924e+03 2.428088113258154959e-06 1.972290072211794802e-06
1.215588259999999991e+03 2.424955709167473901e-06 2.056795206818589285e-06
1.216270389999999907e+03 2.421823856030975547e-06 2.141285477935217848e-06
1.216952510000000075e+03 2.432252050358653136e-06 2.225774510427699129e-06
1.217634639999999990e+03 2.447520904102018222e-06 2.310264781544327692e-06
1.218316769999999906e+03 2.465364918933430461e-06 2.394755052660956679e-06
1.218998900000000049e+03 2.494728099209145973e-06 2.479245323777613618e-06
1.219680910000000040e+03 2.524086113927507880e-06 2.516221769045786604e-06
1.220363039999999955e+03 2.347542037182548193e-06 2.494541687722116896e-06
1.221045039999999972e+03 2.049248082025590070e-06 2.472865738177682616e-06
1.221727049999999963e+03 1.776674783675788269e-06 2.451189470804076999e-06
1.222408940000000030e+03 1.826378941588439873e-06 2.429517017380535472e-06
1.223090940000000046e+03 1.876091117593991795e-06 2.407841067836101616e-06
1.223772830000000113e+03 1.902437519644700315e-06 2.386168614412560089e-06
1.224454709999999977e+03 1.907134235698511135e-06 2.364496478818197100e-06
1.225136600000000044e+03 1.911831020631246998e-06 2.342824025394655573e-06
1.225818479999999909e+03 1.970105954124906222e-06 2.321151889800292583e-06
1.226500369999999975e+03 2.030381360761683588e-06 2.299479436376751057e-06
1.227182129999999916e+03 2.148257609833588102e-06 2.277811114732452158e-06
1.227864010000000007e+03 2.349433614138547560e-06 2.267092799062973190e-06
1.228545779999999922e+03 2.550577164990540176e-06 2.276509510713670274e-06
1.229227540000000090e+03 2.250595881690068302e-06 2.285926084242839864e-06
1.229909180000000106e+03 1.864818208506203092e-06 2.295341000313629552e-06
1.230590940000000046e+03 1.623402598587366625e-06 2.304757573842795754e-06
1.231272580000000062e+03 1.722012739390107306e-06 2.314172489913585443e-06
1.231954349999999977e+03 1.820641686774466368e-06 2.323589201564282950e-06
1.232635989999999993e+03 1.865182313986293690e-06 2.333004117635072638e-06
1.233317630000000008e+03 1.891005160264321140e-06 2.342419033705862327e-06
1.233999150000000100e+03 1.947228346788343181e-06 2.351832292318275501e-06
1.234680789999999888e+03 2.135826590196407935e-06 2.361247208389062225e-06
1.235362300000000005e+03 2.324388864806307582e-06 2.370660328879944094e-06
1.236043820000000096e+03 2.380178660652991442e-06 2.381369301221610607e-06
1.236725339999999960e+03 2.358269153777922846e-06 2.395916053253463498e-06
1.237406860000000052e+03 2.328129972725089512e-06 2.410462805285321047e-06
1.238088379999999916e+03 2.196300166805833278e-06 2.425009557317173937e-06
1.238769780000000083e+03 2.064493573083828068e-06 2.439553748000512291e-06
1.239451170000000047e+03 2.127310843819877067e-06 2.454097725238136581e-06
1.240132569999999987e+03 2.371028269184270526e-06 2.468641915921470276e-06
1.240813959999999952e+03 2.614742117832715473e-06 2.483185893159094566e-06
1.241495359999999891e+03 2.544597918390771477e-06 2.497730083842428261e-06
1.242176760000000058e+03 2.462060561904870562e-06 2.512274274525766614e-06
1.242858030000000099e+03 2.435360226242375874e-06 2.526815690414871708e-06
1.243539309999999887e+03 2.490505808013741434e-06 2.541357319749681548e-06
1.244220579999999927e+03 2.545650580344342948e-06 2.561527397209325686e-06
1.244901859999999942e+03 2.297782715077412380e-06 2.614132293030390089e-06
1.245583129999999983e+03 1.995855308952101355e-06 2.666736416703501717e-06
1.246264280000000099e+03 1.960533630250740314e-06 2.719331274601169883e-06
1.246945429999999988e+03 2.572841802854648171e-06 2.771926132498820261e-06
1.247626590000000078e+03 3.185158964788144909e-06 2.824521762544440355e-06
1.248307739999999967e+03 3.242650344743857313e-06 2.877116620442090310e-06
1.248988890000000083e+03 3.099132722368507625e-06 2.929711478339758053e-06
1.249670039999999972e+03 3.042629280397965524e-06 2.982306336237408431e-06
1.250351069999999936e+03 3.390998963230553012e-06 3.034891928359614501e-06
1.251032099999999900e+03 3.739368646063140077e-06 3.087477520481820994e-06
1.251713130000000092e+03 3.603923895485069817e-06 3.140063112604044428e-06
1.252394170000000031e+03 3.171033925112125070e-06 3.189887316848992865e-06
1.253075199999999995e+03 2.772881042814146688e-06 3.170953824865866728e-06
1.253756100000000060e+03 2.899918755452526849e-06 3.152023947046515875e-06
1.254437130000000025e+03 3.026980722610851934e-06 3.133090455063389738e-06
1.255118040000000065e+03 3.119157946770115844e-06 3.114160299231441013e-06
1.255798950000000104e+03 3.177017925668040426e-06 3.095230143399492712e-06
1.256479739999999993e+03 3.234867707627344366e-06 3.076303323718728177e-06
1.257160640000000058e+03 3.319350703275489780e-06 3.057373445899377323e-06
1.257841429999999946e+03 3.405343622354811813e-06 3.038446626218612788e-06
1.258522220000000061e+03 3.354815483153107551e-06 3.019519806537841900e-06
1.259202999999999975e+03 3.088650875493470765e-06 3.000593264869675235e-06
1.259883790000000090e+03 2.822482358133004749e-06 2.981666445188904347e-06
1.260564579999999978e+03 2.945211707324105714e-06 2.962739625508139812e-06
1.261245239999999967e+03 3.148052299371854085e-06 2.967789032169360648e-06
1.261926030000000083e+03 3.303090869766353901e-06 2.974794672234480774e-06
1.262606690000000071e+03 3.329274621546623594e-06 2.981798974540218836e-06
1.263287350000000060e+03 3.355458373326893710e-06 2.988803276845957322e-06
1.263968020000000024e+03 3.275067970117811542e-06 2.995807682056262780e-06
1.264648560000000089e+03 3.151587571834279962e-06 3.002810749507189562e-06
1.265329220000000078e+03 3.095240819521229745e-06 3.009815051812928048e-06
1.266009769999999889e+03 3.410176540922552290e-06 3.016818222168419684e-06
1.266690309999999954e+03 3.725107634659288177e-06 3.023821289619346042e-06
1.267370850000000019e+03 3.664542506903497489e-06 3.030824357070272824e-06
1.268051269999999931e+03 3.347278486154594320e-06 3.037826189666385362e-06
1.268731809999999996e+03 3.046343971313721421e-06 3.044829257117311720e-06
1.269412229999999909e+03 3.199896631602311379e-06 3.077924717179909778e-06
1.270092650000000049e+03 3.353449291890952582e-06 3.117307998243830501e-06
1.270773069999999962e+03 3.419326335895976999e-06 3.156691279307738094e-06
1.271453490000000102e+03 3.388461679649345038e-06 3.196074560371658816e-06
1.272133910000000014e+03 3.357597023402723241e-06 3.235457841435566409e-06
1.272814210000000003e+03 3.474138845626305159e-06 3.274834176798693900e-06
1.273494509999999991e+03 3.604225405344042213e-06 3.314210512161821813e-06
1.274174800000000005e+03 3.661717758249595055e-06 3.353586268716551879e-06
1.274855099999999993e+03 3.587890021089731387e-06 3.392962604079679369e-06
1.275535399999999981e+03 3.514062283929868142e-06 3.432338939442807283e-06
1.276215580000000045e+03 3.509569961182771939e-06 3.471708329105154670e-06
1.276895870000000059e+03 3.522851877146154267e-06 3.511084085659885160e-06
1.277576049999999896e+03 3.487772184663050387e-06 3.465248069471761426e-06
1.278256229999999960e+03 3.295983262919935304e-06 3.379736808404031456e-06
1.278936279999999897e+03 3.104230997002999728e-06 3.294241890751205850e-06
1.279616459999999961e+03 3.107707097566879054e-06 3.208730629683475880e-06
1.280296509999999898e+03 3.204956917448974168e-06 3.123235712030650274e-06
1.280976560000000063e+03 3.279389827774815706e-06 3.037740794377796293e-06
1.281656739999999900e+03 3.178619821004671125e-06 2.952229533310094699e-06
1.282336669999999913e+03 3.077886852226931936e-06 2.866749701886387572e-06
1.283016720000000078e+03 2.958720920259332070e-06 2.781254784233533167e-06
1.283696779999999990e+03 2.824756347151435284e-06 2.695758609394950053e-06
1.284376710000000003e+03 2.690817382658205463e-06 2.610278777971242503e-06
1.285056640000000016e+03 2.556499667822299756e-06 2.524798946547535376e-06
1.285736570000000029e+03 2.422179627413352685e-06 2.490181937472019605e-06
1.286416500000000042e+03 2.480872237123518812e-06 2.496539324816245070e-06
1.287096309999999903e+03 2.792408501300240957e-06 2.502895590153083936e-06
1.287776249999999891e+03 3.104004340526436398e-06 2.509253070997924739e-06
1.288456050000000005e+03 2.905113219151549152e-06 2.515609242834150808e-06
1.289135860000000093e+03 2.631035788405396428e-06 2.521965508170991793e-06
1.289815669999999955e+03 2.419225315169710770e-06 2.528321773507830660e-06
1.290495359999999891e+03 2.345838617894099875e-06 2.534676916837285470e-06
1.291175169999999980e+03 2.272438964118195757e-06 2.541033182174126454e-06
1.291854859999999917e+03 2.365949240970004743e-06 2.547388325503581265e-06
1.292534550000000081e+03 2.515465601067459334e-06 2.553743468833038193e-06
1.293214230000000043e+03 2.614939176111441971e-06 2.560098518661877665e-06
1.293893919999999980e+03 2.497052034675470291e-06 2.561942715045553887e-06
1.294573489999999993e+03 2.379185706341005352e-06 2.557573959903168322e-06
1.295253169999999955e+03 2.410906692452545350e-06 2.553204497603219252e-06
1.295932739999999967e+03 2.532302614743660878e-06 2.548835742460833262e-06
1.296612300000000005e+03 2.645975255075614499e-06 2.544467051605498924e-06
1.297291870000000017e+03 2.645584969220426483e-06 2.540098296463113359e-06
1.297971309999999903e+03 2.645194758025922953e-06 2.535730377052394599e-06
1.298650879999999916e+03 2.526102408778450908e-06 2.531361621910009034e-06
1.299330320000000029e+03 2.288820732463945183e-06 2.526993702499289004e-06
1.300009769999999889e+03 2.051535563837089321e-06 2.522625718801519441e-06
1.300689210000000003e+03 2.212107198732086368e-06 2.518257799390799411e-06
1.301368649999999889e+03 2.398641227037902125e-06 2.513889879980081075e-06
1.302047970000000078e+03 2.546847313777595210e-06 2.501870032370083365e-06
1.302727290000000039e+03 2.631525997521382122e-06 2.470413152907646575e-06
1.303406739999999900e+03 2.716220886041825313e-06 2.438950253610187424e-06
1.304085939999999937e+03 2.829757996829441011e-06 2.407498930918540701e-06
1.304765259999999898e+03 2.949930243040236216e-06 2.376042051456103487e-06
1.305444580000000087e+03 3.035699342868051594e-06 2.344585171993656109e-06
1.306123779999999897e+03 3.018533708203744744e-06 2.313133849302019550e-06
1.306802979999999934e+03 3.001368073539431966e-06 2.281682526610372827e-06
1.307482299999999896e+03 2.897565417013241478e-06 2.250225647147935613e-06
1.308161380000000008e+03 2.754403677120717381e-06 2.218779881227078533e-06
1.308840580000000045e+03 2.598184129532822143e-06 2.187328558535431810e-06
1.309519780000000083e+03 2.350062683021392670e-06 2.155877235843784663e-06
1.310198849999999993e+03 2.101988727364024088e-06 2.133003512128526010e-06
1.310877930000000106e+03 2.024279708664307100e-06 2.162990130558348730e-06
1.311557009999999991e+03 2.080069900153982833e-06 2.192976748988161285e-06
1.312236079999999902e+03 2.135859270088152427e-06 2.222962925840864235e-06
1.312915040000000090e+03 2.195128955755729212e-06 2.252944245345362381e-06
1.313594119999999975e+03 2.254417944022397926e-06 2.282930863775174936e-06
1.314273069999999962e+03 2.314037333333817803e-06 2.312911741702553735e-06
1.314952029999999922e+03 2.374104248439211161e-06 2.342893061207041716e-06
1.315630979999999909e+03 2.434170278854564653e-06 2.372873939134420516e-06
1.316309809999999970e+03 2.390113434887129815e-06 2.402849518136474741e-06
1.316988769999999931e+03 2.330436564685010187e-06 2.432830837640962722e-06
1.317667599999999993e+03 2.336296454851496418e-06 2.462806416643016946e-06
1.318346440000000030e+03 2.491106057235994405e-06 2.492782437222180776e-06
1.319025270000000091e+03 2.645913379118429905e-06 2.459091494321138723e-06
1.319704099999999926e+03 2.334589029957466106e-06 2.424862203303980293e-06
1.320382810000000063e+03 1.860469067678930299e-06 2.390638963160990068e-06
1.321061519999999973e+03 1.460367789486697052e-06 2.356415723018011279e-06
1.321740360000000010e+03 1.405763495824730128e-06 2.322185927761327043e-06
1.322419069999999920e+03 1.351169659057146165e-06 2.287962687618348253e-06
1.323097659999999905e+03 1.534052967536454783e-06 2.253745498349549105e-06
1.323776370000000043e+03 1.867441945456455163e-06 2.219522258206558881e-06
1.324454960000000028e+03 2.183819407480079159e-06 2.185305068937759733e-06
1.325133669999999938e+03 2.158863975229067848e-06 2.151081828794780943e-06
1.325812259999999924e+03 2.133912955248198971e-06 2.116864639525981795e-06
1.326490720000000010e+03 2.089974511846259472e-06 2.082654005370876659e-06
1.327169309999999996e+03 2.025643151837675848e-06 2.054989100121322300e-06
1.327847899999999981e+03 1.961311791829091800e-06 2.028584179563683740e-06
1.328526370000000043e+03 1.441127748650659288e-06 2.002183928379989364e-06
1.329204829999999902e+03 8.799160651230590378e-07 1.975784066310798630e-06
1.329883299999999963e+03 7.451560142140993069e-07 1.949383815127104677e-06
1.330561770000000024e+03 1.396977566781191241e-06 1.922983563943410300e-06
1.331240109999999959e+03 2.048674225392888994e-06 1.896588371248163751e-06
1.331918580000000020e+03 1.776961221145679430e-06 1.870188120064469586e-06
1.332596919999999955e+03 1.254278673778214944e-06 1.843792927369223248e-06
1.333275270000000091e+03 9.317669143048389658e-07 1.817397345559473268e-06
1.333953610000000026e+03 1.315664155125403917e-06 1.791002152864226930e-06
1.334631840000000011e+03 1.699499142951201114e-06 1.764611240428430239e-06
1.335310179999999946e+03 1.784269623157004370e-06 1.724016151612693834e-06
1.335988399999999956e+03 1.711395390775251185e-06 1.676779249052522381e-06
1.336666629999999941e+03 1.635609978079151886e-06 1.629541650008872798e-06
1.337344849999999951e+03 1.530008203446281298e-06 1.582304747448701134e-06
1.338022950000000037e+03 1.424425113330157360e-06 1.535076202690280811e-06
1.338701170000000047e+03 1.388254273617596864e-06 1.487839300130109147e-06
1.339379269999999906e+03 1.415530484616468758e-06 1.440610755371704494e-06
1.340057369999999992e+03 1.442806695615349970e-06 1.393382210613284170e-06
1.340735470000000078e+03 1.406741318374004406e-06 1.346153665854863635e-06
1.341413569999999936e+03 1.367778035768991039e-06 1.298925121096458982e-06
1.342091550000000097e+03 1.313337578885584946e-06 1.251704934139789788e-06
1.342769649999999956e+03 1.234626227145982909e-06 1.204476389381384923e-06
1.343447629999999890e+03 1.155928804564621473e-06 1.179373464205536327e-06
1.344125610000000052e+03 1.277949970490638834e-06 1.174825734275597551e-06
1.344803589999999986e+03 1.443136639671318531e-06 1.170278004345660256e-06
1.345481449999999995e+03 1.540862957557649145e-06 1.165731079347418921e-06
1.346159419999999955e+03 1.442687423012200642e-06 1.161183416495122921e-06
1.346837279999999964e+03 1.344527817355633565e-06 1.156636491496881586e-06
1.347515139999999974e+03 1.227575541531500478e-06 1.152089566498640252e-06
1.348192990000000009e+03 1.102142430477214943e-06 1.147542708578040211e-06
1.348870850000000019e+03 1.012184241281000778e-06 1.142995783579798877e-06
1.349548579999999902e+03 1.177711057761670395e-06 1.138449730590896279e-06
1.350226319999999987e+03 1.343240316613488213e-06 1.133903610524350904e-06
1.350904170000000022e+03 1.276173459165887934e-06 1.129356752603750864e-06
1.351581789999999955e+03 1.022277064817950028e-06 1.135210871685197451e-06
1.352259520000000066e+03 7.683394547393324843e-07 1.160337391095500568e-06
1.352937259999999924e+03 8.460996953515539224e-07 1.185464281251067812e-06
1.353614870000000110e+03 9.282643404662426111e-07 1.210586351718093609e-06
1.354292480000000069e+03 9.350413192066168600e-07 1.235708422185110936e-06
1.354970090000000027e+03 8.372935809282157794e-07 1.260830492652128263e-06
1.355647709999999961e+03 7.395444001129861382e-07 1.285952933864418189e-06
1.356325319999999920e+03 7.551632375411531868e-07 1.311075004331435516e-06
1.357002809999999954e+03 7.905928990767046253e-07 1.336192625855175523e-06
1.357680299999999988e+03 9.009342947678314694e-07 1.361310247378915531e-06
1.358357790000000023e+03 1.201176262145435246e-06 1.386427868902655751e-06
1.359035280000000057e+03 1.501418229523038704e-06 1.411545490426395759e-06
1.359712770000000091e+03 1.390756692634076276e-06 1.430335164335411034e-06
1.360390139999999974e+03 1.116322767362620851e-06 1.419868902482612277e-06
1.361067630000000008e+03 8.678698996061728349e-07 1.409400786471194370e-06
1.361744999999999891e+03 7.713111198052957416e-07 1.398934524618395825e-06
1.362422360000000026e+03 6.747537654997514268e-07 1.388468417278811290e-06
1.363099609999999984e+03 6.187054617457113013e-07 1.378004009584628296e-06
1.363776980000000094e+03 5.922333821328748949e-07 1.367537747731826152e-06
1.364454220000000078e+03 5.664466833940248293e-07 1.357073494550860979e-06
1.365131470000000036e+03 6.170532059800731986e-07 1.346609086856677985e-06
1.365808719999999994e+03 6.676597285661216737e-07 1.336144679162494991e-06
1.366485959999999977e+03 8.057783589763038655e-07 1.325680425981529818e-06
1.367163209999999935e+03 1.055289936337359248e-06 1.315216018287346824e-06
1.367840329999999994e+03 1.304753619264997413e-06 1.304753619264997413e-06
