9.306945799999999736e+02 0.000000000000000000e+00 6.518304020451702596e-02
9.313851899999999659e+02 0.000000000000000000e+00 6.614914433932814197e-02
9.320757399999999961e+02 0.000000000000000000e+00 6.711516453928738357e-02
9.327663000000000011e+02 0.000000000000000000e+00 6.638143085661027398e-02
9.334568500000000313e+02 0.000000000000000000e+00 6.517739956934021084e-02
9.341473999999999478e+02 0.000000000000000000e+00 6.337519668901264724e-02
9.348378900000000158e+02 0.000000000000000000e+00 5.984340471897679065e-02
9.355283799999999701e+02 0.000000000000000000e+00 5.631161274894151691e-02
9.362188700000000381e+02 0.000000000000000000e+00 5.733298707648365466e-02
9.369093000000000302e+02 0.000000000000000000e+00 6.003478917030467127e-02
9.375997300000000223e+02 0.000000000000000000e+00 6.131201880105803526e-02
9.382901600000000144e+02 0.000000000000000000e+00 5.702252521938296070e-02
9.389805300000000443e+02 0.000000000000000000e+00 5.273340440484538399e-02
9.396708999999999605e+02 0.000000000000000000e+00 5.058359707178533560e-02
9.403612699999999904e+02 0.000000000000000000e+00 4.945468797446767734e-02
9.410515699999999697e+02 0.000000000000000000e+00 4.893991436342685214e-02
9.417418800000000374e+02 0.000000000000000000e+00 5.190839994931581436e-02
9.424321899999999914e+02 0.000000000000000000e+00 5.487688553520429086e-02
9.431224999999999454e+02 0.000000000000000000e+00 5.265943035591635207e-02
9.438127399999999625e+02 0.000000000000000000e+00 4.730063611541038965e-02
9.445029899999999543e+02 0.000000000000000000e+00 4.290606293217223005e-02
9.451931799999999839e+02 0.000000000000000000e+00 4.765375477335713483e-02
9.458833600000000388e+02 0.000000000000000000e+00 5.240137782635575364e-02
9.465735499999999547e+02 0.000000000000000000e+00 5.514960443342013796e-02
9.472637300000000096e+02 0.000000000000000000e+00 5.637547997745857853e-02
9.479538599999999633e+02 0.000000000000000000e+00 5.753049307595525796e-02
9.486439800000000560e+02 0.000000000000000000e+00 5.698990957707011917e-02
9.493341100000000097e+02 0.000000000000000000e+00 5.644931824500391132e-02
9.500241700000000264e+02 0.000000000000000000e+00 5.927958682786371725e-02
9.507142300000000432e+02 0.000000000000000000e+00 6.531883655990705639e-02
9.514043000000000347e+02 0.000000000000000000e+00 7.135817380969836088e-02
9.520943600000000515e+02 0.000000000000000000e+00 7.199037389127585507e-02
9.527843599999999924e+02 0.000000000000000000e+00 7.253606188191891180e-02
9.534743700000000217e+02 0.000000000000000000e+00 7.608068408758772438e-02
9.541643100000000004e+02 0.000000000000000000e+00 8.320104932568189726e-02
9.548542499999999791e+02 0.000000000000000000e+00 9.032141456377605626e-02
9.555441899999999578e+02 0.000000000000000000e+00 9.410467174560287196e-02
9.562341300000000501e+02 0.000000000000000000e+00 9.762795866016557578e-02
9.569240099999999529e+02 0.000000000000000000e+00 1.011219908030639714e-01
9.576138899999999694e+02 0.000000000000000000e+00 1.045724525378668446e-01
9.583037699999999859e+02 0.000000000000000000e+00 1.080229142726697178e-01
9.589935900000000402e+02 0.000000000000000000e+00 1.180226012057492002e-01
9.596834099999999808e+02 0.000000000000000000e+00 1.289969514395818695e-01
9.603731699999999591e+02 0.000000000000000000e+00 1.396258675306272790e-01
9.610629900000000134e+02 0.000000000000000000e+00 1.495913308052470303e-01
9.617527499999999918e+02 0.000000000000000000e+00 1.595559272917231597e-01
9.624424999999999955e+02 0.000000000000000000e+00 1.712726065569681599e-01
9.631322000000000116e+02 0.000000000000000000e+00 1.833930096977164359e-01
9.638219000000000278e+02 0.000000000000000000e+00 1.965253350282869238e-01
9.645116000000000440e+02 0.000000000000000000e+00 2.122179755295832970e-01
9.652012300000000096e+02 0.000000000000000000e+00 2.279090233313931235e-01
9.658908699999999499e+02 0.000000000000000000e+00 2.431017661360258542e-01
9.665805100000000039e+02 0.000000000000000000e+00 2.581316653378300519e-01
9.672701399999999694e+02 0.000000000000000000e+00 2.725053423973740063e-01
9.679597199999999475e+02 0.000000000000000000e+00 2.846090468722522471e-01
9.686492899999999509e+02 0.000000000000000000e+00 2.967125758242840639e-01
9.693388700000000426e+02 0.000000000000000000e+00 3.096092112992272494e-01
9.700283799999999701e+02 0.000000000000000000e+00 3.228530778967414472e-01
9.707178999999999860e+02 0.000000000000000000e+00 3.358434257008018342e-01
9.714073499999999513e+02 0.000000000000000000e+00 3.475462195501988205e-01
9.720968599999999924e+02 0.000000000000000000e+00 3.592500318456496866e-01
9.727863200000000461e+02 0.000000000000000000e+00 3.726991885907412483e-01
9.734757100000000491e+02 0.000000000000000000e+00 3.871521158847147093e-01
9.741651600000000144e+02 0.000000000000000000e+00 4.013495902255057590e-01
9.748545500000000175e+02 0.000000000000000000e+00 4.133431571910486935e-01
9.755438799999999446e+02 0.000000000000000000e+00 4.253356803149072052e-01
9.762332800000000361e+02 0.000000000000000000e+00 4.387755194791294611e-01
9.769226099999999633e+02 0.000000000000000000e+00 4.532876443282446433e-01
9.776119400000000041e+02 0.000000000000000000e+00 4.679863203250814174e-01
9.783012099999999691e+02 0.000000000000000000e+00 4.867963957852321499e-01
9.789904800000000478e+02 0.000000000000000000e+00 5.056064712453860466e-01
9.796797500000000127e+02 0.000000000000000000e+00 5.242081463769667771e-01
9.803690199999999777e+02 0.000000000000000000e+00 5.426116826957440020e-01
9.810582299999999805e+02 0.000000000000000000e+00 5.610136170121442500e-01
9.817474399999999832e+02 0.000000000000000000e+00 5.864279562736598450e-01
9.824365800000000490e+02 0.000000000000000000e+00 6.119706236666321297e-01
9.831257299999999759e+02 0.000000000000000000e+00 6.407693088339865284e-01
9.838148800000000165e+02 0.000000000000000000e+00 6.735385917821108404e-01
9.845040299999999434e+02 0.000000000000000000e+00 7.063078747302297122e-01
9.851931200000000217e+02 0.000000000000000000e+00 7.393184893768447452e-01
9.858822000000000116e+02 0.000000000000000000e+00 7.723500567773550207e-01
9.865712899999999763e+02 0.000000000000000000e+00 8.058301339615677739e-01
9.872603100000000040e+02 0.000000000000000000e+00 8.400138274049163689e-01
9.879493400000000065e+02 0.000000000000000000e+00 8.741980169687456614e-01
9.886383700000000090e+02 0.000000000000000000e+00 9.091870472937841896e-01
9.893273299999999608e+02 0.000000000000000000e+00 9.443075517271266595e-01
9.900163000000000011e+02 0.000000000000000000e+00 9.750840428265422632e-01
9.907052599999999529e+02 0.000000000000000000e+00 9.968166577511118343e-01
9.913941700000000310e+02 0.000000000000000000e+00 1.018547695471281322e+00
9.920830700000000206e+02 0.000000000000000000e+00 1.031596358629909949e+00
9.927719700000000103e+02 0.000000000000000000e+00 1.042370724396415094e+00
9.934608799999999746e+02 0.000000000000000000e+00 1.050145563562683737e+00
9.941497200000000021e+02 0.000000000000000000e+00 1.049404154536459854e+00
9.948385600000000295e+02 0.000000000000000000e+00 1.048662745510235750e+00
9.955273399999999810e+02 0.000000000000000000e+00 1.040654389739956942e+00
9.962161300000000210e+02 0.000000000000000000e+00 1.029932528307108575e+00
9.969049099999999726e+02 0.000000000000000000e+00 1.018068995320673853e+00
9.975936900000000378e+02 0.000000000000000000e+00 1.001511590963412690e+00
9.982824100000000271e+02 0.000000000000000000e+00 9.849556289306420354e-01
9.989711300000000165e+02 0.000000000000000000e+00 9.594028344810224818e-01
9.996597900000000436e+02 0.000000000000000000e+00 9.292827138628474426e-01
1.000348449999999957e+03 0.000000000000000000e+00 8.991653769409002628e-01
1.001037109999999984e+03 0.000000000000000000e+00 8.690666225519411148e-01
1.001725770000000011e+03 0.000000000000000000e+00 8.389678681629820778e-01
1.002414369999999963e+03 0.000000000000000000e+00 8.063508451901910679e-01
1.003102970000000028e+03 0.000000000000000000e+00 7.720344152725604481e-01
1.003791560000000004e+03 0.000000000000000000e+00 7.379409760545403429e-01
1.004480099999999993e+03 0.000000000000000000e+00 7.070946987145005913e-01
1.005168639999999982e+03 0.000000000000000000e+00 6.762484213744608397e-01
1.005857179999999971e+03 0.000000000000000000e+00 6.477702041480932760e-01
1.006545650000000023e+03 0.000000000000000000e+00 6.213878673688478793e-01
1.007234130000000050e+03 0.000000000000000000e+00 5.950051473871869057e-01
1.007922609999999963e+03 0.000000000000000000e+00 5.718376393261875856e-01
1.008611020000000053e+03 0.000000000000000000e+00 5.486810637988781547e-01
1.009299440000000004e+03 0.000000000000000000e+00 5.257293049273753516e-01
1.009987849999999980e+03 0.000000000000000000e+00 5.030151560616835660e-01
1.010676270000000045e+03 0.000000000000000000e+00 4.803006772451040018e-01
1.011364619999999945e+03 0.000000000000000000e+00 4.635958329125166588e-01
1.012052919999999972e+03 0.000000000000000000e+00 4.473446643743802520e-01
1.012741269999999986e+03 0.000000000000000000e+00 4.312667329065953958e-01
1.013429570000000012e+03 0.000000000000000000e+00 4.154561871754556823e-01
1.014117859999999951e+03 0.000000000000000000e+00 3.996458711486000626e-01
1.014806090000000040e+03 0.000000000000000000e+00 3.874941996039106273e-01
1.015494320000000016e+03 0.000000000000000000e+00 3.759288592672019869e-01
1.016182559999999967e+03 0.000000000000000000e+00 3.644867648585125575e-01
1.016870790000000056e+03 0.000000000000000000e+00 3.532983441576074690e-01
1.017558959999999956e+03 0.000000000000000000e+00 3.421108988649876337e-01
1.018247129999999970e+03 0.000000000000000000e+00 3.321265222059986422e-01
1.018935240000000022e+03 0.000000000000000000e+00 3.224572136583767623e-01
1.019623349999999959e+03 0.000000000000000000e+00 3.136770800568788875e-01
1.020311460000000011e+03 0.000000000000000000e+00 3.074526749334497988e-01
1.020999569999999949e+03 0.000000000000000000e+00 3.012282698100217648e-01
1.021687620000000038e+03 0.000000000000000000e+00 2.965221700073800148e-01
1.022375670000000014e+03 0.000000000000000000e+00 2.923963855807962808e-01
1.023063719999999989e+03 0.000000000000000000e+00 2.885743379749258208e-01
1.023751710000000003e+03 0.000000000000000000e+00 2.860608476788779053e-01
1.024439699999999903e+03 0.000000000000000000e+00 2.835473573828304339e-01
1.025127690000000030e+03 0.000000000000000000e+00 2.809288326648891609e-01
1.025815550000000030e+03 0.000000000000000000e+00 2.782550737563689314e-01
1.026503539999999930e+03 0.000000000000000000e+00 2.757679816895624025e-01
1.027191409999999905e+03 0.000000000000000000e+00 2.746850156533036658e-01
1.027879269999999906e+03 0.000000000000000000e+00 2.736020653608051134e-01
1.028567140000000109e+03 0.000000000000000000e+00 2.735977339887797344e-01
1.029255000000000109e+03 0.000000000000000000e+00 2.743672772359132539e-01
1.029942870000000084e+03 0.000000000000000000e+00 2.751568649133492306e-01
1.030630619999999908e+03 0.000000000000000000e+00 2.763554565750734882e-01
1.031318479999999909e+03 0.000000000000000000e+00 2.775542399417529893e-01
1.032006229999999960e+03 0.000000000000000000e+00 2.802286493864369898e-01
1.032693970000000036e+03 0.000000000000000000e+00 2.843162447715171237e-01
1.033381710000000112e+03 0.000000000000000000e+00 2.884038401565972576e-01
1.034069340000000011e+03 0.000000000000000000e+00 2.933696725901536184e-01
1.034757080000000087e+03 0.000000000000000000e+00 2.983590365324452209e-01
1.035444700000000012e+03 0.000000000000000000e+00 3.023499291188178617e-01
1.036132319999999936e+03 0.000000000000000000e+00 3.050633178888429442e-01
1.036820069999999987e+03 0.000000000000000000e+00 3.077772196464780841e-01
1.037507569999999987e+03 0.000000000000000000e+00 3.122237145837726269e-01
1.038195189999999911e+03 0.000000000000000000e+00 3.168590083317403550e-01
1.038882810000000063e+03 0.000000000000000000e+00 3.206244511681891618e-01
1.039570310000000063e+03 0.000000000000000000e+00 3.228796018106405152e-01
1.040257810000000063e+03 0.000000000000000000e+00 3.251347524530918687e-01
1.040945310000000063e+03 0.000000000000000000e+00 3.253581240850360601e-01
1.041632810000000063e+03 0.000000000000000000e+00 3.251618973525171596e-01
1.042320310000000063e+03 0.000000000000000000e+00 3.244605868374969004e-01
1.043007689999999911e+03 0.000000000000000000e+00 3.225354151725661755e-01
1.043695189999999911e+03 0.000000000000000000e+00 3.206099074190089659e-01
1.044382569999999987e+03 0.000000000000000000e+00 3.175796151679596835e-01
1.045069950000000063e+03 0.000000000000000000e+00 3.141909126709688249e-01
1.045757319999999936e+03 0.000000000000000000e+00 3.104241383522420294e-01
1.046444700000000012e+03 0.000000000000000000e+00 3.052986769070192286e-01
1.047131959999999935e+03 0.000000000000000000e+00 3.001741102439753894e-01
1.047819340000000011e+03 0.000000000000000000e+00 2.955670014975902427e-01
1.048506589999999960e+03 0.000000000000000000e+00 2.912042623259712970e-01
1.049193850000000111e+03 0.000000000000000000e+00 2.863766633168547404e-01
1.049881100000000060e+03 0.000000000000000000e+00 2.787552459369234126e-01
1.050568359999999984e+03 0.000000000000000000e+00 2.711337176596859688e-01
1.051255490000000009e+03 0.000000000000000000e+00 2.641241955462408919e-01
1.051942749999999933e+03 0.000000000000000000e+00 2.575122194000585840e-01
1.052629879999999957e+03 0.000000000000000000e+00 2.509472735272557098e-01
1.053317019999999957e+03 0.000000000000000000e+00 2.450200362051504210e-01
1.054004149999999981e+03 0.000000000000000000e+00 2.390928851425746238e-01
1.054691280000000006e+03 0.000000000000000000e+00 2.319389087233492130e-01
1.055378300000000081e+03 0.000000000000000000e+00 2.236925668037114678e-01
1.056065430000000106e+03 0.000000000000000000e+00 2.154449045475322344e-01
1.056752439999999979e+03 0.000000000000000000e+00 2.113378892942707754e-01
1.057439450000000079e+03 0.000000000000000000e+00 2.072694731446503014e-01
1.058126459999999952e+03 0.000000000000000000e+00 2.035757247830001782e-01
1.058813480000000027e+03 0.000000000000000000e+00 2.003358107511446495e-01
1.059500489999999900e+03 0.000000000000000000e+00 1.970959438782378670e-01
1.060187380000000076e+03 0.000000000000000000e+00 1.926043772546638388e-01
1.060874270000000024e+03 0.000000000000000000e+00 1.879944325978658570e-01
1.061561159999999973e+03 0.000000000000000000e+00 1.841749029740240295e-01
1.062248049999999921e+03 0.000000000000000000e+00 1.816748348512331468e-01
1.062934940000000097e+03 0.000000000000000000e+00 1.791747667284414591e-01
1.063621830000000045e+03 0.000000000000000000e+00 1.779494429004956080e-01
1.064308590000000095e+03 0.000000000000000000e+00 1.769744194635458623e-01
1.064995480000000043e+03 0.000000000000000000e+00 1.760175914042262091e-01
1.065682250000000067e+03 0.000000000000000000e+00 1.751044745217622267e-01
1.066369020000000091e+03 0.000000000000000000e+00 1.741913576392982166e-01
1.067055659999999989e+03 0.000000000000000000e+00 1.734999334656992520e-01
1.067742430000000013e+03 0.000000000000000000e+00 1.728793030604945380e-01
1.068429080000000113e+03 0.000000000000000000e+00 1.722368777957364872e-01
1.069115839999999935e+03 0.000000000000000000e+00 1.715157472314760845e-01
1.069802490000000034e+03 0.000000000000000000e+00 1.707947321724312961e-01
1.070489139999999907e+03 0.000000000000000000e+00 1.718983416533265418e-01
1.071175780000000032e+03 0.000000000000000000e+00 1.738668907911281869e-01
1.071862300000000005e+03 0.000000000000000000e+00 1.754039252549031980e-01
1.072548950000000104e+03 0.000000000000000000e+00 1.742629259536221387e-01
1.073235470000000078e+03 0.000000000000000000e+00 1.731221426720153389e-01
1.073922000000000025e+03 0.000000000000000000e+00 1.725420634410146370e-01
1.074608519999999999e+03 0.000000000000000000e+00 1.723378571612911025e-01
1.075295039999999972e+03 0.000000000000000000e+00 1.721063389375849795e-01
1.075981569999999920e+03 0.000000000000000000e+00 1.714366179079735986e-01
1.076667969999999968e+03 0.000000000000000000e+00 1.707670236954478282e-01
1.077354370000000017e+03 0.000000000000000000e+00 1.696101442241792212e-01
1.078040770000000066e+03 0.000000000000000000e+00 1.680002615908015029e-01
1.078727169999999887e+03 0.000000000000000000e+00 1.663903789574242842e-01
1.079413569999999936e+03 0.000000000000000000e+00 1.657635837425480430e-01
1.080099979999999960e+03 0.000000000000000000e+00 1.651593179741835393e-01
1.080786250000000109e+03 0.000000000000000000e+00 1.628962530872275216e-01
1.081472659999999905e+03 0.000000000000000000e+00 1.584953289384127828e-01
1.082158940000000030e+03 0.000000000000000000e+00 1.540952382858144787e-01
1.082845209999999952e+03 0.000000000000000000e+00 1.525873353535010524e-01
1.083531369999999924e+03 0.000000000000000000e+00 1.514142138255836767e-01
1.084217650000000049e+03 0.000000000000000000e+00 1.501052805214610764e-01
1.084903929999999946e+03 0.000000000000000000e+00 1.485499971985807521e-01
1.085590089999999918e+03 0.000000000000000000e+00 1.469949858259228248e-01
1.086276249999999891e+03 0.000000000000000000e+00 1.441843931837334947e-01
1.086962399999999889e+03 0.000000000000000000e+00 1.410867845228815920e-01
1.087648560000000089e+03 0.000000000000000000e+00 1.382544922962211931e-01
1.088334589999999935e+03 0.000000000000000000e+00 1.361296010202162343e-01
1.089020749999999907e+03 0.000000000000000000e+00 1.340043070856305474e-01
1.089706789999999955e+03 0.000000000000000000e+00 1.326429118615259362e-01
1.090392820000000029e+03 0.000000000000000000e+00 1.315620509772635061e-01
1.091078860000000077e+03 0.000000000000000000e+00 1.302947776737994612e-01
1.091764889999999923e+03 0.000000000000000000e+00 1.282303293680742418e-01
1.092450810000000047e+03 0.000000000000000000e+00 1.261662120818570210e-01
1.093136839999999893e+03 0.000000000000000000e+00 1.251576706362685365e-01
1.093822750000000042e+03 0.000000000000000000e+00 1.247240107328098369e-01
1.094508669999999938e+03 0.000000000000000000e+00 1.243214230922859986e-01
1.095194580000000087e+03 0.000000000000000000e+00 1.241817405335992192e-01
1.095880490000000009e+03 0.000000000000000000e+00 1.240420579749124952e-01
1.096566409999999905e+03 0.000000000000000000e+00 1.236972165840044963e-01
1.097252199999999903e+03 0.000000000000000000e+00 1.231935161414253466e-01
1.097937989999999900e+03 0.000000000000000000e+00 1.227169757708554271e-01
1.098623779999999897e+03 0.000000000000000000e+00 1.235172642321285819e-01
1.099309569999999894e+03 0.000000000000000000e+00 1.243175526934017366e-01
1.099995359999999891e+03 0.000000000000000000e+00 1.249376733583558441e-01
1.100681149999999889e+03 0.000000000000000000e+00 1.253615448331210636e-01
1.101366819999999962e+03 0.000000000000000000e+00 1.257853421385677628e-01
1.102052490000000034e+03 0.000000000000000000e+00 1.275091166758816064e-01
1.102738160000000107e+03 0.000000000000000000e+00 1.293221807263847667e-01
1.103423829999999953e+03 0.000000000000000000e+00 1.309360551845872300e-01
1.104109500000000025e+03 0.000000000000000000e+00 1.322421677747931401e-01
1.104795170000000098e+03 0.000000000000000000e+00 1.335482803649990224e-01
1.105480710000000045e+03 0.000000000000000000e+00 1.361270812077806092e-01
1.106166259999999966e+03 0.000000000000000000e+00 1.389307393572536131e-01
1.106851809999999887e+03 0.000000000000000000e+00 1.419203943223712461e-01
1.107537350000000060e+03 0.000000000000000000e+00 1.453305916832353106e-01
1.108222899999999981e+03 0.000000000000000000e+00 1.487408387887864392e-01
1.108908449999999903e+03 0.000000000000000000e+00 1.515879066186897328e-01
1.109593869999999924e+03 0.000000000000000000e+00 1.542598786449897452e-01
1.110279299999999921e+03 0.000000000000000000e+00 1.573743174081808083e-01
1.110964719999999943e+03 0.000000000000000000e+00 1.620610200526952649e-01
1.111650149999999940e+03 0.000000000000000000e+00 1.667477910743015990e-01
1.112335569999999962e+03 0.000000000000000000e+00 1.724292658522591504e-01
1.113020999999999958e+03 0.000000000000000000e+00 1.785878954794266060e-01
1.113706300000000056e+03 0.000000000000000000e+00 1.846940499111970890e-01
1.114391599999999926e+03 0.000000000000000000e+00 1.904628024508390194e-01
1.115076900000000023e+03 0.000000000000000000e+00 1.962315549904828649e-01
1.115762210000000096e+03 0.000000000000000000e+00 2.024842444439318712e-01
1.116447509999999966e+03 0.000000000000000000e+00 2.090756252115756331e-01
1.117132689999999911e+03 0.000000000000000000e+00 2.157354827147144050e-01
1.117817990000000009e+03 0.000000000000000000e+00 2.239224229308163783e-01
1.118503169999999955e+03 0.000000000000000000e+00 2.321079295662570319e-01
1.119188349999999900e+03 0.000000000000000000e+00 2.396209615662657777e-01
1.119873540000000048e+03 0.000000000000000000e+00 2.464594423636530529e-01
1.120558590000000095e+03 0.000000000000000000e+00 2.532965259028895355e-01
1.121243770000000040e+03 0.000000000000000000e+00 2.611282637126538519e-01
1.121928830000000062e+03 0.000000000000000000e+00 2.690059038539966418e-01
1.122613890000000083e+03 0.000000000000000000e+00 2.770229223627718174e-01
1.123298950000000104e+03 0.000000000000000000e+00 2.852406483589485786e-01
1.123984009999999898e+03 0.000000000000000000e+00 2.934583743551225643e-01
1.124669069999999920e+03 0.000000000000000000e+00 2.998407996002036557e-01
1.125354000000000042e+03 0.000000000000000000e+00 3.059354727668861518e-01
1.126039060000000063e+03 0.000000000000000000e+00 3.119096973008800844e-01
1.126723999999999933e+03 0.000000000000000000e+00 3.176241143136487310e-01
1.127408940000000030e+03 0.000000000000000000e+00 3.233385313264193206e-01
1.128093869999999924e+03 0.000000000000000000e+00 3.292365163965745301e-01
1.128778690000000097e+03 0.000000000000000000e+00 3.351870001819475253e-01
1.129463619999999992e+03 0.000000000000000000e+00 3.402856388154353873e-01
1.130148439999999937e+03 0.000000000000000000e+00 3.425157921425617813e-01
1.130833249999999907e+03 0.000000000000000000e+00 3.447459129041479664e-01
1.131518070000000080e+03 0.000000000000000000e+00 3.460923098278180232e-01
1.132202880000000050e+03 0.000000000000000000e+00 3.470293155363715076e-01
1.132887699999999995e+03 0.000000000000000000e+00 3.479246789712058252e-01
1.133572390000000041e+03 0.000000000000000000e+00 3.485588834087258170e-01
1.134257080000000087e+03 0.000000000000000000e+00 3.491930878462457533e-01
1.134941769999999906e+03 0.000000000000000000e+00 3.497697680094106754e-01
1.135626459999999952e+03 0.000000000000000000e+00 3.503067580775351408e-01
1.136311159999999973e+03 0.000000000000000000e+00 3.505680103259747327e-01
1.136995850000000019e+03 0.000000000000000000e+00 3.450639269296524314e-01
1.137680419999999913e+03 0.000000000000000000e+00 3.395608081888799590e-01
1.138364990000000034e+03 0.000000000000000000e+00 3.360436866613477069e-01
1.139049559999999929e+03 0.000000000000000000e+00 3.345182375322230950e-01
1.139734130000000050e+03 0.000000000000000000e+00 3.329927884030980390e-01
1.140418699999999944e+03 0.000000000000000000e+00 3.304490100498322924e-01
1.141103149999999914e+03 0.000000000000000000e+00 3.278551783334243686e-01
1.141787720000000036e+03 0.000000000000000000e+00 3.249716787716867561e-01
1.142472170000000006e+03 0.000000000000000000e+00 3.216656729909940227e-01
1.143156619999999975e+03 0.000000000000000000e+00 3.183596672103013447e-01
1.143841059999999970e+03 0.000000000000000000e+00 3.186312851934195445e-01
1.144525509999999940e+03 0.000000000000000000e+00 3.194896283966021655e-01
1.145209839999999986e+03 0.000000000000000000e+00 3.202582317755008345e-01
1.145894289999999955e+03 0.000000000000000000e+00 3.208295315290755623e-01
1.146578610000000026e+03 0.000000000000000000e+00 3.214007227736753181e-01
1.147262940000000071e+03 0.000000000000000000e+00 3.231923168078005837e-01
1.147947269999999889e+03 0.000000000000000000e+00 3.253582861815607630e-01
1.148631470000000036e+03 0.000000000000000000e+00 3.274105295370358659e-01
1.149315800000000081e+03 0.000000000000000000e+00 3.290558072824903424e-01
1.150000000000000000e+03 0.000000000000000000e+00 3.307007724797486614e-01
1.150684199999999919e+03 0.000000000000000000e+00 3.328899291340770006e-01
1.151368410000000040e+03 0.000000000000000000e+00 3.353468019742961714e-01
1.152052609999999959e+03 0.000000000000000000e+00 3.379225076153660745e-01
1.152736820000000080e+03 0.000000000000000000e+00 3.413492249511615451e-01
1.153420900000000074e+03 0.000000000000000000e+00 3.447752912101617606e-01
1.154104980000000069e+03 0.000000000000000000e+00 3.474319920205206635e-01
1.154789060000000063e+03 0.000000000000000000e+00 3.495190780596004743e-01
1.155473140000000058e+03 0.000000000000000000e+00 3.515716936048095542e-01
1.156157230000000027e+03 0.000000000000000000e+00 3.523620112379775016e-01
1.156841310000000021e+03 0.000000000000000000e+00 3.531523173183142572e-01
1.157525270000000091e+03 0.000000000000000000e+00 3.546150954152035295e-01
1.158209229999999934e+03 0.000000000000000000e+00 3.568109402387970586e-01
1.158893190000000004e+03 0.000000000000000000e+00 3.590067850623913093e-01
1.159577150000000074e+03 0.000000000000000000e+00 3.586532366668536143e-01
1.160261109999999917e+03 0.000000000000000000e+00 3.581079155080505450e-01
1.160945069999999987e+03 0.000000000000000000e+00 3.571424430635213865e-01
1.161628909999999905e+03 0.000000000000000000e+00 3.554963382706933794e-01
1.162312740000000076e+03 0.000000000000000000e+00 3.538502575493551183e-01
1.162996579999999994e+03 0.000000000000000000e+00 3.508107836756154674e-01
1.163680419999999913e+03 0.000000000000000000e+00 3.474917887190792087e-01
1.164364260000000058e+03 0.000000000000000000e+00 3.430803594517761179e-01
1.165047970000000078e+03 0.000000000000000000e+00 3.359162358221596811e-01
1.165731809999999996e+03 0.000000000000000000e+00 3.287507500125675941e-01
1.166415529999999990e+03 0.000000000000000000e+00 3.227258406078641340e-01
1.167099240000000009e+03 0.000000000000000000e+00 3.171120662734515649e-01
1.167782840000000078e+03 0.000000000000000000e+00 3.113513256253229722e-01
1.168466550000000097e+03 0.000000000000000000e+00 3.049404484546383021e-01
1.169150270000000091e+03 0.000000000000000000e+00 2.985294775179248017e-01
1.169833859999999959e+03 0.000000000000000000e+00 2.917430157728489459e-01
1.170517460000000028e+03 0.000000000000000000e+00 2.847410832592788266e-01
1.171201049999999896e+03 0.000000000000000000e+00 2.777876268685849914e-01
1.171884639999999990e+03 0.000000000000000000e+00 2.713443335138079338e-01
1.172568119999999908e+03 0.000000000000000000e+00 2.649020769826680444e-01
1.173251710000000003e+03 0.000000000000000000e+00 2.586613542294514123e-01
1.173935179999999946e+03 0.000000000000000000e+00 2.525964996301769405e-01
1.174618649999999889e+03 0.000000000000000000e+00 2.465316450309024965e-01
1.175302120000000059e+03 0.000000000000000000e+00 2.402447359762993617e-01
1.175985599999999977e+03 0.000000000000000000e+00 2.339547599805469891e-01
1.176668949999999995e+03 0.000000000000000000e+00 2.280869592175371885e-01
1.177352419999999938e+03 0.000000000000000000e+00 2.227610907197950796e-01
1.178035769999999957e+03 0.000000000000000000e+00 2.174361573095028033e-01
1.178719119999999975e+03 0.000000000000000000e+00 2.138771954881167614e-01
1.179402469999999994e+03 0.000000000000000000e+00 2.105441727723437184e-01
1.180085690000000113e+03 0.000000000000000000e+00 2.073808989284314508e-01
1.180769039999999904e+03 0.000000000000000000e+00 2.045509150195675419e-01
1.181452269999999999e+03 0.000000000000000000e+00 2.017214280713653940e-01
1.182135500000000093e+03 0.000000000000000000e+00 1.984877719807659480e-01
1.182818729999999960e+03 0.000000000000000000e+00 1.951436957231719727e-01
1.183501950000000079e+03 0.000000000000000000e+00 1.917148801663279278e-01
1.184185179999999946e+03 0.000000000000000000e+00 1.880093638731234751e-01
1.184868289999999888e+03 0.000000000000000000e+00 1.843044984031482481e-01
1.185551390000000083e+03 0.000000000000000000e+00 1.806948292459365502e-01
1.186234500000000025e+03 0.000000000000000000e+00 1.771291222765287721e-01
1.186917599999999993e+03 0.000000000000000000e+00 1.739448002860160547e-01
1.187600709999999935e+03 0.000000000000000000e+00 1.732551205580370457e-01
1.188283809999999903e+03 0.000000000000000000e+00 1.725654509262318226e-01
1.188966799999999921e+03 0.000000000000000000e+00 1.703004476996766714e-01
1.189649779999999964e+03 0.000000000000000000e+00 1.669004134936716011e-01
1.190332760000000007e+03 0.000000000000000000e+00 1.635193075043266941e-01
1.191015750000000025e+03 0.000000000000000000e+00 1.607534958296708283e-01
1.191698730000000069e+03 0.000000000000000000e+00 1.579877246506542765e-01
1.192381589999999960e+03 0.000000000000000000e+00 1.557211551803835137e-01
1.193064579999999978e+03 0.000000000000000000e+00 1.539984676212681203e-01
1.193747440000000097e+03 0.000000000000000000e+00 1.522761079577039656e-01
1.194430299999999988e+03 0.000000000000000000e+00 1.498271967259600101e-01
1.195113160000000107e+03 0.000000000000000000e+00 1.473206758107875325e-01
1.195795900000000074e+03 0.000000000000000000e+00 1.449487953957816766e-01
1.196478759999999966e+03 0.000000000000000000e+00 1.428007792052957414e-01
1.197161499999999933e+03 0.000000000000000000e+00 1.406531404888787251e-01
1.197844239999999900e+03 0.000000000000000000e+00 1.394541035985934763e-01
1.198526980000000094e+03 0.000000000000000000e+00 1.384600894826174267e-01
1.199209720000000061e+03 0.000000000000000000e+00 1.369553827997930795e-01
1.199892329999999902e+03 0.000000000000000000e+00 1.340703571988928200e-01
1.200575070000000096e+03 0.000000000000000000e+00 1.311847821578596418e-01
1.201257689999999911e+03 0.000000000000000000e+00 1.291428976754255276e-01
1.201940309999999954e+03 0.000000000000000000e+00 1.274330803190409644e-01
1.202622920000000022e+03 0.000000000000000000e+00 1.256506702480117421e-01
1.203305540000000065e+03 0.000000000000000000e+00 1.234999217770050978e-01
1.203988039999999955e+03 0.000000000000000000e+00 1.213495513930994141e-01
1.204670650000000023e+03 0.000000000000000000e+00 1.201554425952506278e-01
1.205353149999999914e+03 0.000000000000000000e+00 1.195685009032368962e-01
1.206035640000000058e+03 0.000000000000000000e+00 1.188818844060725299e-01
1.206718139999999948e+03 0.000000000000000000e+00 1.166007275528251480e-01
1.207400509999999940e+03 0.000000000000000000e+00 1.143200052056447258e-01
1.208083010000000058e+03 0.000000000000000000e+00 1.124103928795054802e-01
1.208765380000000050e+03 0.000000000000000000e+00 1.108646002777562700e-01
1.209447750000000042e+03 0.000000000000000000e+00 1.093188076760070460e-01
1.210130130000000008e+03 0.000000000000000000e+00 1.081753423537641506e-01
1.210812500000000000e+03 0.000000000000000000e+00 1.070519981998117182e-01
1.211494750000000067e+03 0.000000000000000000e+00 1.057576884992267735e-01
1.212177120000000059e+03 0.000000000000000000e+00 1.042049005099675435e-01
1.212859380000000101e+03 0.000000000000000000e+00 1.026523628345831080e-01
1.213541629999999941e+03 0.000000000000000000e+00 1.017050877280897825e-01
1.214223880000000008e+03 0.000000000000000000e+00 1.008687821816534741e-01
1.214906009999999924e+03 0.000000000000000000e+00 9.994337858867670399e-02
1.215588259999999991e+03 0.000000000000000000e+00 9.880050881812582619e-02
1.216270389999999907e+03 0.000000000000000000e+00 9.765784006534355965e-02
1.216952510000000075e+03 0.000000000000000000e+00 9.671668762175925083e-02
1.217634639999999990e+03 0.000000000000000000e+00 9.584745057058484397e-02
1.218316769999999906e+03 0.000000000000000000e+00 9.486639816512888734e-02
1.218998900000000049e+03 0.000000000000000000e+00 9.338517527668389884e-02
1.219680910000000040e+03 0.000000000000000000e+00 9.190421296429748810e-02
1.220363039999999955e+03 0.000000000000000000e+00 9.075145552448805886e-02
1.221045039999999972e+03 0.000000000000000000e+00 8.979318815085575445e-02
1.221727049999999963e+03 0.000000000000000000e+00 8.879170537685467102e-02
1.222408940000000030e+03 0.000000000000000000e+00 8.724926246622993764e-02
1.223090940000000046e+03 0.000000000000000000e+00 8.570657073435825057e-02
1.223772830000000113e+03 0.000000000000000000e+00 8.457302882843262259e-02
1.224454709999999977e+03 0.000000000000000000e+00 8.381849630627886960e-02
1.225136600000000044e+03 0.000000000000000000e+00 8.306395271865117669e-02
1.225818479999999909e+03 0.000000000000000000e+00 8.295555727443219840e-02
1.226500369999999975e+03 0.000000000000000000e+00 8.287127503440923360e-02
1.227182129999999916e+03 0.000000000000000000e+00 8.264104945529676671e-02
1.227864010000000007e+03 0.000000000000000000e+00 8.219979807015016793e-02
1.228545779999999922e+03 0.000000000000000000e+00 8.175861786710662826e-02
1.229227540000000090e+03 0.000000000000000000e+00 8.098367958830136881e-02
1.229909180000000106e+03 0.000000000000000000e+00 8.015169917289829971e-02
1.230590940000000046e+03 0.000000000000000000e+00 7.934662093275546280e-02
1.231272580000000062e+03 0.000000000000000000e+00 7.860535598241860655e-02
1.231954349999999977e+03 0.000000000000000000e+00 7.786394966061960243e-02
1.232635989999999993e+03 0.000000000000000000e+00 7.708243687188957860e-02
1.233317630000000008e+03 0.000000000000000000e+00 7.628699108890694969e-02
1.233999150000000100e+03 0.000000000000000000e+00 7.549652818249362463e-02
1.234680789999999888e+03 0.000000000000000000e+00 7.472700900368778321e-02
1.235362300000000005e+03 0.000000000000000000e+00 7.395763658489161452e-02
1.236043820000000096e+03 0.000000000000000000e+00 7.343700297257635401e-02
1.236725339999999960e+03 0.000000000000000000e+00 7.306193647182920858e-02
1.237406860000000052e+03 0.000000000000000000e+00 7.269070330106493227e-02
1.238088379999999916e+03 0.000000000000000000e+00 7.236683697774445867e-02
1.238769780000000083e+03 0.000000000000000000e+00 7.204302767983586375e-02
1.239451170000000047e+03 0.000000000000000000e+00 7.201450483364389699e-02
1.240132569999999987e+03 0.000000000000000000e+00 7.226044309981695390e-02
1.240813959999999952e+03 0.000000000000000000e+00 7.250637775668174190e-02
1.241495359999999891e+03 0.000000000000000000e+00 7.183174219012808392e-02
1.242176760000000058e+03 0.000000000000000000e+00 7.112075679556781327e-02
1.242858030000000099e+03 0.000000000000000000e+00 7.048252592417642015e-02
1.243539309999999887e+03 0.000000000000000000e+00 6.995076099018930627e-02
1.244220579999999927e+03 0.000000000000000000e+00 6.941900386158207648e-02
1.244901859999999942e+03 0.000000000000000000e+00 6.898421816534190676e-02
1.245583129999999983e+03 0.000000000000000000e+00 6.856674173294080576e-02
1.246264280000000099e+03 0.000000000000000000e+00 6.838264954814893271e-02
1.246945429999999988e+03 0.000000000000000000e+00 6.876542113830662328e-02
1.247626590000000078e+03 0.000000000000000000e+00 6.914819834795483955e-02
1.248307739999999967e+03 0.000000000000000000e+00 6.964704407195888847e-02
1.248988890000000083e+03 0.000000000000000000e+00 7.018794321999438646e-02
1.249670039999999972e+03 0.000000000000000000e+00 7.074878078902739620e-02
1.250351069999999936e+03 0.000000000000000000e+00 7.140228986207557138e-02
1.251032099999999900e+03 0.000000000000000000e+00 7.205579893512373268e-02
1.251713130000000092e+03 0.000000000000000000e+00 7.240787526300895838e-02
1.252394170000000031e+03 0.000000000000000000e+00 7.257463957404364230e-02
1.253075199999999995e+03 0.000000000000000000e+00 7.274264672184244107e-02
1.253756100000000060e+03 0.000000000000000000e+00 7.292945001044078002e-02
1.254437130000000025e+03 0.000000000000000000e+00 7.311628896422855961e-02
1.255118040000000065e+03 0.000000000000000000e+00 7.345573231235734413e-02
1.255798950000000104e+03 0.000000000000000000e+00 7.394542633430190026e-02
1.256479739999999993e+03 0.000000000000000000e+00 7.443503405514541316e-02
1.257160640000000058e+03 0.000000000000000000e+00 7.441383588006408867e-02
1.257841429999999946e+03 0.000000000000000000e+00 7.436340533267002395e-02
1.258522220000000061e+03 0.000000000000000000e+00 7.443578209450264771e-02
1.259202999999999975e+03 0.000000000000000000e+00 7.470213391632830879e-02
1.259883790000000090e+03 0.000000000000000000e+00 7.496848965060480541e-02
1.260564579999999978e+03 0.000000000000000000e+00 7.576743460853942180e-02
1.261245239999999967e+03 0.000000000000000000e+00 7.667597012687031588e-02
1.261926030000000083e+03 0.000000000000000000e+00 7.745541970919840591e-02
1.262606690000000071e+03 0.000000000000000000e+00 7.788665164133562469e-02
1.263287350000000060e+03 0.000000000000000000e+00 7.831788357347285734e-02
1.263968020000000024e+03 0.000000000000000000e+00 7.825574895018153065e-02
1.264648560000000089e+03 0.000000000000000000e+00 7.799407562046328790e-02
1.265329220000000078e+03 0.000000000000000000e+00 7.788508131358207187e-02
1.266009769999999889e+03 0.000000000000000000e+00 7.862045622305416370e-02
1.266690309999999954e+03 0.000000000000000000e+00 7.935582032692943544e-02
1.267370850000000019e+03 0.000000000000000000e+00 8.020206841209499837e-02
1.268051269999999931e+03 0.000000000000000000e+00 8.112397357843638412e-02
1.268731809999999996e+03 0.000000000000000000e+00 8.203492780407056761e-02
1.269412229999999909e+03 0.000000000000000000e+00 8.263749891914351497e-02
1.270092650000000049e+03 0.000000000000000000e+00 8.324007003421665662e-02
1.270773069999999962e+03 0.000000000000000000e+00 8.317423306951197970e-02
1.271453490000000102e+03 0.000000000000000000e+00 8.237087138766688299e-02
1.272133910000000014e+03 0.000000000000000000e+00 8.156750970582204996e-02
1.272814210000000003e+03 0.000000000000000000e+00 8.195695930709033517e-02
1.273494509999999991e+03 0.000000000000000000e+00 8.245600377414491478e-02
1.274174800000000005e+03 0.000000000000000000e+00 8.316161994492990428e-02
1.274855099999999993e+03 0.000000000000000000e+00 8.424095216548600773e-02
1.275535399999999981e+03 0.000000000000000000e+00 8.532028438604212506e-02
1.276215580000000045e+03 0.000000000000000000e+00 8.503524143577016747e-02
1.276895870000000059e+03 0.000000000000000000e+00 8.440036155563004905e-02
1.277576049999999896e+03 0.000000000000000000e+00 8.420474200554546595e-02
1.278256229999999960e+03 0.000000000000000000e+00 8.543221649427353015e-02
1.278936279999999897e+03 0.000000000000000000e+00 8.665945638086144931e-02
1.279616459999999961e+03 0.000000000000000000e+00 8.726695545418865219e-02
1.280296509999999898e+03 0.000000000000000000e+00 8.757660044293934243e-02
1.280976560000000063e+03 0.000000000000000000e+00 8.783889324689099498e-02
1.281656739999999900e+03 0.000000000000000000e+00 8.773760611031866663e-02
1.282336669999999913e+03 0.000000000000000000e+00 8.763635620180967867e-02
1.283016720000000078e+03 0.000000000000000000e+00 8.753278656161410376e-02
1.283696779999999990e+03 0.000000000000000000e+00 8.742736581619263425e-02
1.284376710000000003e+03 0.000000000000000000e+00 8.732196522295905539e-02
1.285056640000000016e+03 0.000000000000000000e+00 8.788140246336877126e-02
1.285736570000000029e+03 0.000000000000000000e+00 8.844492188871234950e-02
1.286416500000000042e+03 0.000000000000000000e+00 8.861616169409998467e-02
1.287096309999999903e+03 0.000000000000000000e+00 8.827346985152398351e-02
1.287776249999999891e+03 0.000000000000000000e+00 8.793071247602028684e-02
1.288456050000000005e+03 0.000000000000000000e+00 8.843521125766483360e-02
1.289135860000000093e+03 0.000000000000000000e+00 8.906450475136871991e-02
1.289815669999999955e+03 0.000000000000000000e+00 8.954555127973511108e-02
1.290495359999999891e+03 0.000000000000000000e+00 8.969703859852196093e-02
1.291175169999999980e+03 0.000000000000000000e+00 8.984855266255781236e-02
1.291854859999999917e+03 0.000000000000000000e+00 8.932839954756501000e-02
1.292534550000000081e+03 0.000000000000000000e+00 8.858286217835144305e-02
1.293214230000000043e+03 0.000000000000000000e+00 8.808841292896266162e-02
1.293893919999999980e+03 0.000000000000000000e+00 8.868456469001141651e-02
1.294573489999999993e+03 0.000000000000000000e+00 8.928061119982610983e-02
1.295253169999999955e+03 0.000000000000000000e+00 8.959664095415219298e-02
1.295932739999999967e+03 0.000000000000000000e+00 8.974470845835401389e-02
1.296612300000000005e+03 0.000000000000000000e+00 8.988404404177417761e-02
1.297291870000000017e+03 0.000000000000000000e+00 8.989442291352119085e-02
1.297971309999999903e+03 0.000000000000000000e+00 8.990479979981663705e-02
1.298650879999999916e+03 0.000000000000000000e+00 8.956755511061342823e-02
1.299330320000000029e+03 0.000000000000000000e+00 8.888418622442315065e-02
1.300009769999999889e+03 0.000000000000000000e+00 8.820080728040775864e-02
1.300689210000000003e+03 0.000000000000000000e+00 8.836443293137904997e-02
1.301368649999999889e+03 0.000000000000000000e+00 8.858333022335737605e-02
1.302047970000000078e+03 0.000000000000000000e+00 8.859778731401639351e-02
1.302727290000000039e+03 0.000000000000000000e+00 8.827316358028543253e-02
1.303406739999999900e+03 0.000000000000000000e+00 8.794847772401229169e-02
1.304085939999999937e+03 0.000000000000000000e+00 8.755752624839306664e-02
1.304765259999999898e+03 0.000000000000000000e+00 8.715129645550565018e-02
1.305444580000000087e+03 0.000000000000000000e+00 8.683900454823217929e-02
1.306123779999999897e+03 0.000000000000000000e+00 8.680779001197931610e-02
1.306802979999999934e+03 0.000000000000000000e+00 8.677657547572643904e-02
1.307482299999999896e+03 0.000000000000000000e+00 8.589834766786587361e-02
1.308161380000000008e+03 0.000000000000000000e+00 8.463526362388588964e-02
1.308840580000000045e+03 0.000000000000000000e+00 8.345930149689263777e-02
1.309519780000000083e+03 0.000000000000000000e+00 8.289927461660974439e-02
1.310198849999999993e+03 0.000000000000000000e+00 8.233935492639531117e-02
1.310877930000000106e+03 0.000000000000000000e+00 8.172075851652221834e-02
1.311557009999999991e+03 0.000000000000000000e+00 8.105619004705037767e-02
1.312236079999999902e+03 0.000000000000000000e+00 8.039163136388455255e-02
1.312915040000000090e+03 0.000000000000000000e+00 7.991909556506561485e-02
1.313594119999999975e+03 0.000000000000000000e+00 7.944696174913279396e-02
1.314273069999999962e+03 0.000000000000000000e+00 7.911596935788625662e-02
1.314952029999999922e+03 0.000000000000000000e+00 7.896931715479114933e-02
1.315630979999999909e+03 0.000000000000000000e+00 7.882266711164954975e-02
1.316309809999999970e+03 0.000000000000000000e+00 7.784472458078058044e-02
1.316988769999999931e+03 0.000000000000000000e+00 7.674193892438477271e-02
1.317667599999999993e+03 0.000000000000000000e+00 7.588801680487601564e-02
1.318346440000000030e+03 0.000000000000000000e+00 7.559930898483616102e-02
1.319025270000000091e+03 0.000000000000000000e+00 7.531060541775458361e-02
1.319704099999999926e+03 0.000000000000000000e+00 7.460215158577442052e-02
1.320382810000000063e+03 0.000000000000000000e+00 7.374717643843527182e-02
1.321061519999999973e+03 0.000000000000000000e+00 7.282410097488226097e-02
1.321740360000000010e+03 0.000000000000000000e+00 7.158290637687884927e-02
1.322419069999999920e+03 0.000000000000000000e+00 7.034194947155397726e-02
1.323097659999999905e+03 0.000000000000000000e+00 6.977948575528153397e-02
1.323776370000000043e+03 0.000000000000000000e+00 6.964671661677176995e-02
1.324454960000000028e+03 0.000000000000000000e+00 6.948785204024439388e-02
1.325133669999999938e+03 0.000000000000000000e+00 6.880297983669118878e-02
1.325812259999999924e+03 0.000000000000000000e+00 6.811822872265245465e-02
1.326490720000000010e+03 0.000000000000000000e+00 6.730246100843505219e-02
1.327169309999999996e+03 0.000000000000000000e+00 6.634577492792727293e-02
1.327847899999999981e+03 0.000000000000000000e+00 6.538908884741950756e-02
1.328526370000000043e+03 0.000000000000000000e+00 6.461954075528607289e-02
1.329204829999999902e+03 0.000000000000000000e+00 6.386683429181079508e-02
1.329883299999999963e+03 0.000000000000000000e+00 6.328449947750347526e-02
1.330561770000000024e+03 0.000000000000000000e+00 6.301642616864747137e-02
1.331240109999999959e+03 0.000000000000000000e+00 6.274840422467155288e-02
1.331918580000000020e+03 0.000000000000000000e+00 6.227228245780944138e-02
1.332596919999999955e+03 0.000000000000000000e+00 6.173970324186613817e-02
1.333275270000000091e+03 0.000000000000000000e+00 6.126420637656920798e-02
1.333953610000000026e+03 0.000000000000000000e+00 6.099018052607148993e-02
1.334631840000000011e+03 0.000000000000000000e+00 6.071619911176143192e-02
1.335310179999999946e+03 0.000000000000000000e+00 6.000616716448574361e-02
1.335988399999999956e+03 0.000000000000000000e+00 5.906650031243455140e-02
1.336666629999999941e+03 0.000000000000000000e+00 5.815075155339542723e-02
1.337344849999999951e+03 0.000000000000000000e+00 5.748022743508456045e-02
1.338022950000000037e+03 0.000000000000000000e+00 5.680982195511249944e-02
1.338701170000000047e+03 0.000000000000000000e+00 5.639353596739830887e-02
1.339379269999999906e+03 0.000000000000000000e+00 5.620962689405873541e-02
1.340057369999999992e+03 0.000000000000000000e+00 5.602571782071909257e-02
1.340735470000000078e+03 0.000000000000000000e+00 5.580529900507908564e-02
1.341413569999999936e+03 0.000000000000000000e+00 5.558320985276182097e-02
1.342091550000000097e+03 0.000000000000000000e+00 5.519693056007109883e-02
1.342769649999999956e+03 0.000000000000000000e+00 5.455325951903688964e-02
1.343447629999999890e+03 0.000000000000000000e+00 5.390970238528018654e-02
1.344125610000000052e+03 0.000000000000000000e+00 5.315647306365423042e-02
1.344803589999999986e+03 0.000000000000000000e+00 5.237965820758642282e-02
1.345481449999999995e+03 0.000000000000000000e+00 5.170474856025797372e-02
1.346159419999999955e+03 0.000000000000000000e+00 5.132541037192345224e-02
1.346837279999999964e+03 0.000000000000000000e+00 5.094613373085606772e-02
1.347515139999999974e+03 0.000000000000000000e+00 5.072627685349215959e-02
1.348192990000000009e+03 0.000000000000000000e+00 5.057838147696357145e-02
1.348870850000000019e+03 0.000000000000000000e+00 5.046815322193509701e-02
1.349548579999999902e+03 0.000000000000000000e+00 5.062920224592382112e-02
1.350226319999999987e+03 0.000000000000000000e+00 5.079025364621324312e-02
1.350904170000000022e+03 0.000000000000000000e+00 5.022098919359562624e-02
1.351581789999999955e+03 0.000000000000000000e+00 4.906527733945762609e-02
1.352259520000000066e+03 0.000000000000000000e+00 4.790937787529606778e-02
1.352937259999999924e+03 0.000000000000000000e+00 4.820588041203435758e-02
1.353614870000000110e+03 0.000000000000000000e+00 4.852167691558250534e-02
1.354292480000000069e+03 0.000000000000000000e+00 4.889666163229009627e-02
1.354970090000000027e+03 0.000000000000000000e+00 4.935371058481888978e-02
1.355647709999999961e+03 0.000000000000000000e+00 4.981076628236253551e-02
1.356325319999999920e+03 0.000000000000000000e+00 4.991461819597994842e-02
1.357002809999999954e+03 0.000000000000000000e+00 4.995672187134014147e-02
1.357680299999999988e+03 0.000000000000000000e+00 4.990593174727644965e-02
1.358357790000000023e+03 0.000000000000000000e+00 4.961965667795587009e-02
1.359035280000000057e+03 0.000000000000000000e+00 4.933338160863529054e-02
1.359712770000000091e+03 0.000000000000000000e+00 4.871352123788583177e-02
1.360390139999999974e+03 0.000000000000000000e+00 4.796079880716755395e-02
1.361067630000000008e+03 0.000000000000000000e+00 4.736921436720020057e-02
1.361744999999999891e+03 0.000000000000000000e+00 4.771854806917311814e-02
1.362422360000000026e+03 0.000000000000000000e+00 4.806787661393958216e-02
1.363099609999999984e+03 0.000000000000000000e+00 4.761412716248922955e-02
1.363776980000000094e+03 0.000000000000000000e+00 4.657357628240294672e-02
1.364454220000000078e+03 0.000000000000000000e+00 4.553907100016454240e-02
1.365131470000000036e+03 0.000000000000000000e+00 4.516100913397132210e-02
1.365808719999999994e+03 0.000000000000000000e+00 4.478294726777810875e-02
1.366485959999999977e+03 0.000000000000000000e+00 4.461275812938894636e-02
1.367163209999999935e+03 0.000000000000000000e+00 4.470715057785033114e-02
1.367840329999999994e+03 0.000000000000000000e+00 4.480152490742166094e-02
