9.306945799999999736e+02 7.517697692363616557e-06 7.517697692363616557e-06
9.313851899999999659e+02 6.045775791133969009e-06 7.922774498705432129e-06
9.320757399999999961e+02 4.573981770059572146e-06 8.327816112089767830e-06
9.327663000000000011e+02 7.379338612754539175e-06 8.732863590967005973e-06
9.334568500000000313e+02 1.136810423527612327e-05 9.137905204351341675e-06
9.341473999999999478e+02 1.334557420355532781e-05 9.542946817735611307e-06
9.348378900000000158e+02 9.506765395181723420e-06 9.947953238162467984e-06
9.355283799999999701e+02 5.667956586808754307e-06 1.035295965858925690e-05
9.362188700000000381e+02 6.440144391107496272e-06 1.075796607901611358e-05
9.369093000000000302e+02 8.914126057981217253e-06 1.116293730648542347e-05
9.375997300000000223e+02 1.101827281425108416e-05 1.156790853395473166e-05
9.382901600000000144e+02 1.167723609618117807e-05 1.197287976142404155e-05
9.389805300000000443e+02 1.233614211264353224e-05 1.233642686374404548e-05
9.396708999999999605e+02 1.033598217480020361e-05 1.198777766377592008e-05
9.403612699999999904e+02 7.066893786320985844e-06 1.163912846380773877e-05
9.410515699999999697e+02 4.434768390436311947e-06 1.129051461509180558e-05
9.417418800000000374e+02 5.414138155428308130e-06 1.094189571619693890e-05
9.424321899999999914e+02 6.393507920420144223e-06 1.059327681730212982e-05
9.431224999999999454e+02 9.369333849940235888e-06 1.024465791840732074e-05
9.438127399999999625e+02 1.355428075260749842e-05 9.896074370764702181e-06
9.445029899999999543e+02 1.707209323796674699e-05 9.547485772943209429e-06
9.451931799999999839e+02 1.426436158623555007e-05 9.198927476195031309e-06
9.458833600000000388e+02 1.145667061506542542e-05 8.850374229625730774e-06
9.465735499999999547e+02 9.435946077042630225e-06 8.501815932877610253e-06
9.472637300000000096e+02 8.014445920765617416e-06 8.290418838288806264e-06
9.479538599999999633e+02 6.733377145312649370e-06 9.237052903261152944e-06
9.486439800000000560e+02 8.814285132204174221e-06 1.018367325148373127e-05
9.493341100000000097e+02 1.089522327193807429e-05 1.113030731645607964e-05
9.500241700000000264e+02 1.316335973349830226e-05 1.207684536417879421e-05
9.507142300000000432e+02 1.560990852994011526e-05 1.302338341190151047e-05
9.514043000000000347e+02 1.805649278052780010e-05 1.396993517637415095e-05
9.520943600000000515e+02 1.158024499475667915e-05 1.491647322409686552e-05
9.527843599999999924e+02 4.961887438490373043e-06 1.586292897131972142e-05
9.534743700000000217e+02 4.392217397225664360e-06 1.680939843529265400e-05
9.541643100000000004e+02 1.103554341707473276e-05 1.775577188201579861e-05
9.548542499999999791e+02 1.767886943692380201e-05 1.870214532873894662e-05
9.555441899999999578e+02 1.970332232538076956e-05 1.970765792239940467e-05
9.562341300000000501e+02 2.136795177924033195e-05 2.104074445996024950e-05
9.569240099999999529e+02 2.163899842782750053e-05 2.237371506687131653e-05
9.576138899999999694e+02 1.981277122466850813e-05 2.370668567378260379e-05
9.583037699999999859e+02 1.798654402150951233e-05 2.503965628069389443e-05
9.589935900000000402e+02 2.078758172442908065e-05 2.637251095695584434e-05
9.596834099999999808e+02 2.427719917640665186e-05 2.770536563321757741e-05
9.603731699999999591e+02 2.659754761341674668e-05 2.903810437882997314e-05
9.610629900000000134e+02 2.666358343375445597e-05 3.037095905509192305e-05
9.617527499999999918e+02 2.672961351034854976e-05 3.170369780070432216e-05
9.624424999999999955e+02 2.934465268934016529e-05 3.303641722454186221e-05
9.631322000000000116e+02 3.254804537478165087e-05 3.436904003950492397e-05
9.638219000000000278e+02 3.625198728816901356e-05 3.599466128715506140e-05
9.645116000000000440e+02 4.122239395042220326e-05 3.882209970587300192e-05
9.652012300000000096e+02 4.619229614918893344e-05 4.164925115824404415e-05
9.658908699999999499e+02 4.738292248128207095e-05 4.447644360580737361e-05
9.665805100000000039e+02 4.733904032687169961e-05 4.730363605337116386e-05
9.672701399999999694e+02 4.851293766392182773e-05 5.013078750574221287e-05
9.679597199999999475e+02 5.389869779465764543e-05 5.295773398215139206e-05
9.686492899999999509e+02 5.928437982335864776e-05 5.578463946336829080e-05
9.693388700000000426e+02 6.220034996552993817e-05 5.861158593977793755e-05
9.700283799999999701e+02 6.403040470163561546e-05 6.143824544984022524e-05
9.707178999999999860e+02 6.587416028919032714e-05 6.426494595509525416e-05
9.714073499999999513e+02 6.778705319654632295e-05 6.709135949400338479e-05
9.720968599999999924e+02 6.970011257511066476e-05 7.010655076763963481e-05
9.727863200000000461e+02 7.158669572996059663e-05 7.373481380407353656e-05
9.734757100000000491e+02 7.345792706780370743e-05 7.736270846755943472e-05
9.741651600000000144e+02 7.546734554309253971e-05 8.099091887928605094e-05
9.748545500000000175e+02 7.866088734874796950e-05 8.461881354277194910e-05
9.755438799999999446e+02 8.185415120939611166e-05 8.824639245801653290e-05
9.762332800000000361e+02 8.705184398111357011e-05 9.187433974620971659e-05
9.769226099999999633e+02 9.373694914672380711e-05 9.550191866145428684e-05
9.776119400000000041e+02 1.002768814174636203e-04 9.912949757669946695e-05
9.783012099999999691e+02 1.036157844012102212e-04 1.027567607437033191e-04
9.789904800000000478e+02 1.069546873849573914e-04 1.063840239107077676e-04
9.796797500000000127e+02 1.102487673792649147e-04 1.100112870777116198e-04
9.803690199999999777e+02 1.135002314430952331e-04 1.133695397161418465e-04
9.810582299999999805e+02 1.167514124714768761e-04 1.160009820442331111e-04
9.817474399999999832e+02 1.218624969175186414e-04 1.186324243723243756e-04
9.824365800000000490e+02 1.270077834018659734e-04 1.212635994365007292e-04
9.831257299999999759e+02 1.310853812541606705e-04 1.238948126812358544e-04
9.838148800000000165e+02 1.338607315348797327e-04 1.265260259259713997e-04
9.845040299999999434e+02 1.366360818155983069e-04 1.291572391707065384e-04
9.851931200000000217e+02 1.403768296748842412e-04 1.317882233320863915e-04
9.858822000000000116e+02 1.442022762471604678e-04 1.344191693129065922e-04
9.865712899999999763e+02 1.462297356621968761e-04 1.370501534742860116e-04
9.872603100000000040e+02 1.454195764039782970e-04 1.396808703717505201e-04
9.879493400000000065e+02 1.446094053876212284e-04 1.423116254497742202e-04
9.886383700000000090e+02 1.439697343365716430e-04 1.430797257588925487e-04
9.893273299999999608e+02 1.433587331736487511e-04 1.395274152063652961e-04
9.900163000000000011e+02 1.417160087751666384e-04 1.359750530933616418e-04
9.907052599999999529e+02 1.379257224181993497e-04 1.324227425408343892e-04
9.913941700000000310e+02 1.341357111342658833e-04 1.288706897906863802e-04
9.920830700000000206e+02 1.306302410929135517e-04 1.253186886010147728e-04
9.927719700000000103e+02 1.271992932677065192e-04 1.217666874113431654e-04
9.934608799999999746e+02 1.232802344969874191e-04 1.182146346611957256e-04
9.941497200000000021e+02 1.179760727888928568e-04 1.146629428343797500e-04
9.948385600000000295e+02 1.126719110807982945e-04 1.111112510075637743e-04
9.955273399999999810e+02 1.083301069909228906e-04 1.075598685436040267e-04
9.962161300000000210e+02 1.043473967769090942e-04 1.040084345191678503e-04
9.969049099999999726e+02 1.002030812063179585e-04 1.003588913121571276e-04
9.975936900000000378e+02 9.539419383858098456e-05 9.650843157986623716e-05
9.982824100000000271e+02 9.058572537563569754e-05 9.265830726321491848e-05
9.989711300000000165e+02 8.715671738035123931e-05 8.880818294656361335e-05
9.996597900000000436e+02 8.442864545301442629e-05 8.495839404555125657e-05
1.000348449999999957e+03 8.148880930099841222e-05 8.110860514453952321e-05
1.001037109999999984e+03 7.713534343623786244e-05 7.725881624352716644e-05
1.001725770000000011e+03 7.278187757147731266e-05 7.340902734251479611e-05
1.002414369999999963e+03 6.822010460149282598e-05 6.955957385714201110e-05
1.003102970000000028e+03 6.351764997169732235e-05 6.571012037176858912e-05
1.003791560000000004e+03 5.898257128071080554e-05 6.186072278900218708e-05
1.004480099999999993e+03 5.688772975842922860e-05 5.801160471926835043e-05
1.005168639999999982e+03 5.479288823614765166e-05 5.495848153793371168e-05
1.005857179999999971e+03 5.346867056954459100e-05 5.337635513118883860e-05
1.006545650000000023e+03 5.282569538397479140e-05 5.179438957036195079e-05
1.007234130000000050e+03 5.218271085921543420e-05 5.021240103154681712e-05
1.007922609999999963e+03 4.971550155475692198e-05 4.863041249273194772e-05
1.008611020000000053e+03 4.724367673022805659e-05 4.704858479983479931e-05
1.009299440000000004e+03 4.478938484311352730e-05 4.546673412894966932e-05
1.009987849999999980e+03 4.235544844136887447e-05 4.388490643605278519e-05
1.010676270000000045e+03 3.992147668371098329e-05 4.230305576516739770e-05
1.011364619999999945e+03 3.890988082486855843e-05 4.072136594020051725e-05
1.012052919999999972e+03 3.800547095365729730e-05 3.913979100517487285e-05
1.012741269999999986e+03 3.711376733698014543e-05 3.755810118020773490e-05
1.013429570000000012e+03 3.624162263821191130e-05 3.642267314260249500e-05
1.014117859999999951e+03 3.536949061044043633e-05 3.604695906957522205e-05
1.014806090000000040e+03 3.436758770947342495e-05 3.567127774850471506e-05
1.015494320000000016e+03 3.334486781463558662e-05 3.529559642743427584e-05
1.016182559999999967e+03 3.233208088175332950e-05 3.491990964770437224e-05
1.016870790000000056e+03 3.133974271275526954e-05 3.454422832663386526e-05
1.017558959999999956e+03 3.034749105595564272e-05 3.416857975752032075e-05
1.018247129999999970e+03 3.023271991028851196e-05 3.379293118840670849e-05
1.018935240000000022e+03 3.034712463875747463e-05 3.341731537124992995e-05
1.019623349999999959e+03 3.065745722329929604e-05 3.304169955409321240e-05
1.020311460000000011e+03 3.153093927982791861e-05 3.266608373693642708e-05
1.020999569999999949e+03 3.240442133635639210e-05 3.229046791977970953e-05
1.021687620000000038e+03 3.157957916333295077e-05 3.181038437959012337e-05
1.022375670000000014e+03 3.010541312567430246e-05 3.116314337585214495e-05
1.023063719999999989e+03 2.893731885541855393e-05 3.051590237211415977e-05
1.023751710000000003e+03 2.908760730478026748e-05 2.986871780971067389e-05
1.024439699999999903e+03 2.923789575414195732e-05 2.922153324730729305e-05
1.025127690000000030e+03 2.863578791981020335e-05 2.857434868490369876e-05
1.025815550000000030e+03 2.763458877267213675e-05 2.792728641205837549e-05
1.026503539999999930e+03 2.679573519216192022e-05 2.728010184965499465e-05
1.027191409999999905e+03 2.717595286708224833e-05 2.663303016992060566e-05
1.027879269999999906e+03 2.755616501453846652e-05 2.598596789707528239e-05
1.028567140000000109e+03 2.685800583771074965e-05 2.533889621734068334e-05
1.029255000000000109e+03 2.538616722378017615e-05 2.469183394449536007e-05
1.029942870000000084e+03 2.407324671413440381e-05 2.452220058949018807e-05
1.030630619999999908e+03 2.600659899184947621e-05 2.508291272766949073e-05
1.031318479999999909e+03 2.794026049348441530e-05 2.564371454717964991e-05
1.032006229999999960e+03 2.906507153856759473e-05 2.620442668535913553e-05
1.032693970000000036e+03 2.941561716042653238e-05 2.676513067069039226e-05
1.033381710000000112e+03 2.976616278228547341e-05 2.732583465602165238e-05
1.034069340000000011e+03 3.066506390454789145e-05 2.788644896002205259e-05
1.034757080000000087e+03 3.157829636824340430e-05 2.844715294535331271e-05
1.035444700000000012e+03 3.209532177770929915e-05 2.900775909650548404e-05
1.036132319999999936e+03 3.210517792104636357e-05 2.956836524765765875e-05
1.036820069999999987e+03 3.211503592776528620e-05 3.012907738583714098e-05
1.037507569999999987e+03 3.148478507491330770e-05 3.068958570281041324e-05
1.038195189999999911e+03 3.078499889798169312e-05 3.107883757424788991e-05
1.038882810000000063e+03 3.081643735055203891e-05 3.121281504905312954e-05
1.039570310000000063e+03 3.211691806780024404e-05 3.134676914278016093e-05
1.040257810000000063e+03 3.341739878504845594e-05 3.148072323650719231e-05
1.040945310000000063e+03 3.445322888138155695e-05 3.161467733023423047e-05
1.041632810000000063e+03 3.543440393545078194e-05 3.174863142396126185e-05
1.042320310000000063e+03 3.578496704673125509e-05 3.188258551768829324e-05
1.043007689999999911e+03 3.460728953056535105e-05 3.201651623033711637e-05
1.043695189999999911e+03 3.342940642025629656e-05 3.215047032406414775e-05
1.044382569999999987e+03 3.321152961817973369e-05 3.228440103671301832e-05
1.045069950000000063e+03 3.330493324496585570e-05 3.241833174936188888e-05
1.045757319999999936e+03 3.316321792609784288e-05 3.255226051358753195e-05
1.046444700000000012e+03 3.217669623109984333e-05 3.238022698512297686e-05
1.047131959999999935e+03 3.119034675904045861e-05 3.175680989457886345e-05
1.047819340000000011e+03 3.042427442973248076e-05 3.113328395141570646e-05
1.048506589999999960e+03 2.976190395716814057e-05 3.050987593192314048e-05
1.049193850000000111e+03 2.926274028729300598e-05 2.988645884137881701e-05
1.049881100000000060e+03 2.974467710361316340e-05 2.926305082188625443e-05
1.050568359999999984e+03 3.022662093247337168e-05 2.863963373134213763e-05
1.051255490000000009e+03 2.953471442276879284e-05 2.801633456446840179e-05
1.051942749999999933e+03 2.807587872821401464e-05 2.739291747392428499e-05
1.052629879999999957e+03 2.667719149076063515e-05 2.676961830705055253e-05
1.053317019999999957e+03 2.611263172655010954e-05 2.614631006912526587e-05
1.054004149999999981e+03 2.554808017842018775e-05 2.552301090225153341e-05
1.054691280000000006e+03 2.485909412055858645e-05 2.491453757550150417e-05
1.055378300000000081e+03 2.405930569104444951e-05 2.432821536156677388e-05
1.056065430000000106e+03 2.325938920597558983e-05 2.374179927053457218e-05
1.056752439999999979e+03 2.241171840150057298e-05 2.315548559088160638e-05
1.057439450000000079e+03 2.156360097373134744e-05 2.256917191122844406e-05
1.058126459999999952e+03 2.102240358795094788e-05 2.198285823157547825e-05
1.058813480000000027e+03 2.085301399106099707e-05 2.139653601764074796e-05
1.059500489999999900e+03 2.068362685974119340e-05 2.081022233798778215e-05
1.060187380000000076e+03 2.045525575178123686e-05 2.022401106971365921e-05
1.060874270000000024e+03 2.022130602754797674e-05 1.963779980143973277e-05
1.061561159999999973e+03 1.972526154407163622e-05 1.905158853316580634e-05
1.062248049999999921e+03 1.879169508792342396e-05 1.846537726489187991e-05
1.062934940000000097e+03 1.785812863177490677e-05 1.803556194595338903e-05
1.063621830000000045e+03 1.829897162245904720e-05 1.784454672870930972e-05
1.064308590000000095e+03 1.900935112871387028e-05 1.765356766278235908e-05
1.064995480000000043e+03 1.941641859525645102e-05 1.746255244553827977e-05
1.065682250000000067e+03 1.910451829326582094e-05 1.727157059874078729e-05
1.066369020000000091e+03 1.879261799127519085e-05 1.708058875194329480e-05
1.067055659999999989e+03 1.887865784421523631e-05 1.688964305646299197e-05
1.067742430000000013e+03 1.909210476805225861e-05 1.669866120966549610e-05
1.068429080000000113e+03 1.888345203467442371e-05 1.650771273331459044e-05
1.069115839999999935e+03 1.716014919769466685e-05 1.631673366738770078e-05
1.069802490000000034e+03 1.543712238627200311e-05 1.612578519103679512e-05
1.070489139999999907e+03 1.538922233762737867e-05 1.593483671468594705e-05
1.071175780000000032e+03 1.613540991186488224e-05 1.582707958181320498e-05
1.071862300000000005e+03 1.677423286082387044e-05 1.585197324615432321e-05
1.072548950000000104e+03 1.674706447644170695e-05 1.587687162438049224e-05
1.073235470000000078e+03 1.671990123571347886e-05 1.590176528872160708e-05
1.073922000000000025e+03 1.666869470744166218e-05 1.592665931566926638e-05
1.074608519999999999e+03 1.660137239839899913e-05 1.595155298001038122e-05
1.075295039999999972e+03 1.654756227216205700e-05 1.597644664435149945e-05
1.075981569999999920e+03 1.671054409043205879e-05 1.600134067129915536e-05
1.076667969999999968e+03 1.687349504677853967e-05 1.602622998436176725e-05
1.077354370000000017e+03 1.680268967554841063e-05 1.605111929742437913e-05
1.078040770000000066e+03 1.651457349169811853e-05 1.607600861048698762e-05
1.078727169999999887e+03 1.622645730784792468e-05 1.610089792354959273e-05
1.079413569999999936e+03 1.606453804426793985e-05 1.608270030716880153e-05
1.080099979999999960e+03 1.590550965288106279e-05 1.599133289262111908e-05
1.080786250000000109e+03 1.572295027231024539e-05 1.589998411334684865e-05
1.081472659999999905e+03 1.550999393631947263e-05 1.580861669879919670e-05
1.082158940000000030e+03 1.529707793238040041e-05 1.571726658843397117e-05
1.082845209999999952e+03 1.548557394036065597e-05 1.562591780915973123e-05
1.083531369999999924e+03 1.572047178192312076e-05 1.553458367188604141e-05
1.084217650000000049e+03 1.584978353379200010e-05 1.544323356152081588e-05
1.084903929999999946e+03 1.578720748087832006e-05 1.535188345115562084e-05
1.085590089999999918e+03 1.572464236974692385e-05 1.526054931388193102e-05
1.086276249999999891e+03 1.547340538248554066e-05 1.516921517660823949e-05
1.086962399999999889e+03 1.517903699229836248e-05 1.507788237042550476e-05
1.087648560000000089e+03 1.497047666639809016e-05 1.502557966770226381e-05
1.088334589999999935e+03 1.499054091881462660e-05 1.504520728036968299e-05
1.089020749999999907e+03 1.501060897332847022e-05 1.506483861239288696e-05
1.089706789999999955e+03 1.518345073726605210e-05 1.508446651116460340e-05
1.090392820000000029e+03 1.541241926484306589e-05 1.510409412383202766e-05
1.091078860000000077e+03 1.573861111889109164e-05 1.512372202260374411e-05
1.091764889999999923e+03 1.648059504158886612e-05 1.514334963527116328e-05
1.092450810000000047e+03 1.722245999247594569e-05 1.516297410079138880e-05
1.093136839999999893e+03 1.719992259980170714e-05 1.518260171345880798e-05
1.093822750000000042e+03 1.676127828062646210e-05 1.520222589287474470e-05
1.094508669999999938e+03 1.630554311549156605e-05 1.522185035839496683e-05
1.095194580000000087e+03 1.570529422343491173e-05 1.524147453781090356e-05
1.095880490000000009e+03 1.510504533137845391e-05 1.531066527547839419e-05
1.096566409999999905e+03 1.518453681028775357e-05 1.548122759047068650e-05
1.097252199999999903e+03 1.579057987498431635e-05 1.565175757938860873e-05
1.097937989999999900e+03 1.639647811510668970e-05 1.582228756830653097e-05
1.098623779999999897e+03 1.699556797151703603e-05 1.599281755722445659e-05
1.099309569999999894e+03 1.759465782792738576e-05 1.616334754614237883e-05
1.099995359999999891e+03 1.766097208414725746e-05 1.633387753506030106e-05
1.100681149999999889e+03 1.714695632453764809e-05 1.650440752397822330e-05
1.101366819999999962e+03 1.663303050775472716e-05 1.667490767344287668e-05
1.102052490000000034e+03 1.680938618691364957e-05 1.684540782290753005e-05
1.102738160000000107e+03 1.703315415701532650e-05 1.701590797237218343e-05
1.103423829999999953e+03 1.721380778878818038e-05 1.718640812183678260e-05
1.104109500000000025e+03 1.732784674883905654e-05 1.746782284008559238e-05
1.104795170000000098e+03 1.744188570888993269e-05 1.800709593633143172e-05
1.105480710000000045e+03 1.796994873597247425e-05 1.854626678878276518e-05
1.106166259999999966e+03 1.857114618360627175e-05 1.908544550614134095e-05
1.106851809999999887e+03 1.933052469329801535e-05 1.962462422349991334e-05
1.107537350000000060e+03 2.044757965302191390e-05 2.016379507595142636e-05
1.108222899999999981e+03 2.156465090727175895e-05 2.070297379331000214e-05
1.108908449999999903e+03 2.232240974683187987e-05 2.124215251066857452e-05
1.109593869999999924e+03 2.296865696685689999e-05 2.178122898423282060e-05
1.110279299999999921e+03 2.341895855043120027e-05 2.232031332270430899e-05
1.110964719999999943e+03 2.317286421720134290e-05 2.285938979626855506e-05
1.111650149999999940e+03 2.292676629355491674e-05 2.339847413474004345e-05
1.112335569999999962e+03 2.428576411233743834e-05 2.403333669509284218e-05
1.113020999999999958e+03 2.641455046342544675e-05 2.492872940290968332e-05
1.113706300000000056e+03 2.828763257060433196e-05 2.582395228878712245e-05
1.114391599999999926e+03 2.848182800059466003e-05 2.671917517466426342e-05
1.115076900000000023e+03 2.867602343058505587e-05 2.761439806054169916e-05
1.115762210000000096e+03 2.874559737506882144e-05 2.850963400964522373e-05
1.116447509999999966e+03 2.872791122329314498e-05 2.940485689552236470e-05
1.117132689999999911e+03 2.879878911919588855e-05 3.029992302268618570e-05
1.117817990000000009e+03 3.081043494623041091e-05 3.119514590856362144e-05
1.118503169999999955e+03 3.282172852242653811e-05 3.209021203572744922e-05
1.119188349999999900e+03 3.401086667716449809e-05 3.298527816289127023e-05
1.119873540000000048e+03 3.437519393506496286e-05 3.388035735328147482e-05
1.120558590000000095e+03 3.473944675256765945e-05 3.473308553306008037e-05
1.121243770000000040e+03 3.623598651030796719e-05 3.544672212492105685e-05
1.121928830000000062e+03 3.778614653327294951e-05 3.616023373299533973e-05
1.122613890000000083e+03 3.877910486179351996e-05 3.687374534106962261e-05
1.123298950000000104e+03 3.896968220301991090e-05 3.758725694914389872e-05
1.123984009999999898e+03 3.916025954424624084e-05 3.830076855721794443e-05
1.124669069999999920e+03 4.012227592726614283e-05 3.901428016529222731e-05
1.125354000000000042e+03 4.120455260420245589e-05 3.972765637426426782e-05
1.126039060000000063e+03 4.212880193170677028e-05 4.044116798233855071e-05
1.126723999999999933e+03 4.271618990010512401e-05 4.115455460662589604e-05
1.127408940000000030e+03 4.330357786850367425e-05 4.186794123091347854e-05
1.128093869999999924e+03 4.330057793899058503e-05 4.258131743988528866e-05
1.128778690000000097e+03 4.312576733605438182e-05 4.313533540696457154e-05
1.129463619999999992e+03 4.306906612237501494e-05 4.301812368928570221e-05
1.130148439999999937e+03 4.340962832632603809e-05 4.290093079585009702e-05
1.130833249999999907e+03 4.375018555725928188e-05 4.278373961370932787e-05
1.131518070000000080e+03 4.325317796308295770e-05 4.266654672027368880e-05
1.132202880000000050e+03 4.236820052214568662e-05 4.254935553813291965e-05
1.132887699999999995e+03 4.170063977120675960e-05 4.243216264469731446e-05
1.133572390000000041e+03 4.239547775904103151e-05 4.231499199809464549e-05
1.134257080000000087e+03 4.309031574687529665e-05 4.219782135149198330e-05
1.134941769999999906e+03 4.310882557281042640e-05 4.208065070488935499e-05
1.135626459999999952e+03 4.266068841665941345e-05 4.196348005828669280e-05
1.136311159999999973e+03 4.220804491132152834e-05 4.184630770038918779e-05
1.136995850000000019e+03 4.166132543566862707e-05 4.171685669524965073e-05
1.137680419999999913e+03 4.111470177905377323e-05 4.151601098437791084e-05
1.138364990000000034e+03 4.074590868495596516e-05 4.131516527350610318e-05
1.139049559999999929e+03 4.055545432194866050e-05 4.111431956263435650e-05
1.139734130000000050e+03 4.036499995894129485e-05 4.091347385176254885e-05
1.140418699999999944e+03 3.965225621845751470e-05 4.071262814089080895e-05
1.141103149999999914e+03 3.891373692112087097e-05 4.051181763676971052e-05
1.141787720000000036e+03 3.852091951859460507e-05 4.031097192589790286e-05
1.142472170000000006e+03 3.863399424354566894e-05 4.011016142177681120e-05
1.143156619999999975e+03 3.874706896849673281e-05 3.990935091765571277e-05
1.143841059999999970e+03 3.895459910919270313e-05 3.970854334743049774e-05
1.144525509999999940e+03 3.917762321144154002e-05 3.950773284330939930e-05
1.145209839999999986e+03 3.933749558736505687e-05 3.937733438670316092e-05
1.145894289999999955e+03 3.935830739233962832e-05 3.990195059459042545e-05
1.146578610000000026e+03 3.937911524445476379e-05 4.042646716027303963e-05
1.147262940000000071e+03 4.017314934377907287e-05 4.095099139074061180e-05
1.147947269999999889e+03 4.120438275748479907e-05 4.147551562120801457e-05
1.148631470000000036e+03 4.196853616397385725e-05 4.199994020947093640e-05
1.149315800000000081e+03 4.177341062393463629e-05 4.252446443993851535e-05
1.150000000000000000e+03 4.157832215127552550e-05 4.304888902820126100e-05
1.150684199999999919e+03 4.215226333989642398e-05 4.357331361646401343e-05
1.151368410000000040e+03 4.310449353740497422e-05 4.409774586951190002e-05
1.152052609999999959e+03 4.403982393728348886e-05 4.462217045777465245e-05
1.152736820000000080e+03 4.485428298961808180e-05 4.514660271082253227e-05
1.153420900000000074e+03 4.566858729461354576e-05 4.563250700753754941e-05
1.154104980000000069e+03 4.556286103326532546e-05 4.526355421287442187e-05
1.154789060000000063e+03 4.477597213127197656e-05 4.489460141821130111e-05
1.155473140000000058e+03 4.401189867943814001e-05 4.452564862354817357e-05
1.156157230000000027e+03 4.408332804291384871e-05 4.415669043546916855e-05
1.156841310000000021e+03 4.415475636223800291e-05 4.378773764080604779e-05
1.157525270000000091e+03 4.425996878533607591e-05 4.341884956713363978e-05
1.158209229999999934e+03 4.440201557545147757e-05 4.304996149346136051e-05
1.158893190000000004e+03 4.454406236556692666e-05 4.268107341978895927e-05
1.159577150000000074e+03 4.387739675515158714e-05 4.231218534611655126e-05
1.160261109999999917e+03 4.314989744886994186e-05 4.194329727244427199e-05
1.160945069999999987e+03 4.229075565648549484e-05 4.157440919877186398e-05
1.161628909999999905e+03 4.121845468820284418e-05 4.120558584609030424e-05
1.162312740000000076e+03 4.014616940050251439e-05 4.042817018944744816e-05
1.162996579999999994e+03 3.989412975070941159e-05 3.964431307648369186e-05
1.163680419999999913e+03 3.980664114131280865e-05 3.886045596351992879e-05
1.164364260000000058e+03 3.933585526640775987e-05 3.807659885055590145e-05
1.165047970000000078e+03 3.789903977860269792e-05 3.729289075114005861e-05
1.165731809999999996e+03 3.646195109600266360e-05 3.650903363817629553e-05
1.166415529999999990e+03 3.548859036807605675e-05 3.572531407617985961e-05
1.167099240000000009e+03 3.468245806545842546e-05 3.494160597676400999e-05
1.167782840000000078e+03 3.388002124123172906e-05 3.415802396573490121e-05
1.168466550000000097e+03 3.309311058475914000e-05 3.337431586631905837e-05
1.169150270000000091e+03 3.230618841886509008e-05 3.259059630432262244e-05
1.169833859999999959e+03 3.177993921843642460e-05 3.180702575587435746e-05
1.170517460000000028e+03 3.140262802260969437e-05 3.114870451146947434e-05
1.171201049999999896e+03 3.092294142278110045e-05 3.050106657992020142e-05
1.171884639999999990e+03 2.936351588309168059e-05 2.985342864837071166e-05
1.172568119999999908e+03 2.780434127862606655e-05 2.920589493158823612e-05
1.173251710000000003e+03 2.668198488530674684e-05 2.855825700003874636e-05
1.173935179999999946e+03 2.593691737898682891e-05 2.791073275732596241e-05
1.174618649999999889e+03 2.519184987266690759e-05 2.726320851461318186e-05
1.175302120000000059e+03 2.527874593823561269e-05 2.661568427190018108e-05
1.175985599999999977e+03 2.537678943760183933e-05 2.596815055511770892e-05
1.176668949999999995e+03 2.517100409566952300e-05 2.532074000124141395e-05
1.177352419999999938e+03 2.457333966843569189e-05 2.467321575852863001e-05
1.178035769999999957e+03 2.397578017591914492e-05 2.402580520465233844e-05
1.178719119999999975e+03 2.386245803682170713e-05 2.359845791263108199e-05
1.179402469999999994e+03 2.381108941680873129e-05 2.320874657194328965e-05
1.180085690000000113e+03 2.349150116292005489e-05 2.281910936965346324e-05
1.180769039999999904e+03 2.264227333477001063e-05 2.242939802896580303e-05
1.181452269999999999e+03 2.179319463567407317e-05 2.203975512372229658e-05
1.182135500000000093e+03 2.159129382755515896e-05 2.165011221847879013e-05
1.182818729999999960e+03 2.156620387237199733e-05 2.126046931323541243e-05
1.183501950000000079e+03 2.143543948274553179e-05 2.087083211094558602e-05
1.184185179999999946e+03 2.095987311576233118e-05 2.048118920570221171e-05
1.184868289999999888e+03 2.048439027550366220e-05 2.009161473590311990e-05
1.185551390000000083e+03 1.993816204666464868e-05 1.970204596905758277e-05
1.186234500000000025e+03 1.935919407052107938e-05 1.931247149925849097e-05
1.186917599999999993e+03 1.884286409310308361e-05 1.897301078573849237e-05
1.187600709999999935e+03 1.873625051208062793e-05 1.864753658204524819e-05
1.188283809999999903e+03 1.862963849176699964e-05 1.832206714294632883e-05
1.188966799999999921e+03 1.828155354841925343e-05 1.799665011438508414e-05
1.189649779999999964e+03 1.775948679417378842e-05 1.767123785041816087e-05
1.190332760000000007e+03 1.725514034007397349e-05 1.734582558645123761e-05
1.191015750000000025e+03 1.732686175341011952e-05 1.702040855788998952e-05
1.191698730000000069e+03 1.739858211663699640e-05 1.669499629392306626e-05
1.192381589999999960e+03 1.705072716396295241e-05 1.636964120508825089e-05
1.193064579999999978e+03 1.624488259737328442e-05 1.604422417652700281e-05
1.193747440000000097e+03 1.543919141486474854e-05 1.571886908769207903e-05
1.194430299999999988e+03 1.531283424937320800e-05 1.539351399885726028e-05
1.195113160000000107e+03 1.524034279607055301e-05 1.513864088764832153e-05
1.195795900000000074e+03 1.529871047637629359e-05 1.491327761010537587e-05
1.196478759999999966e+03 1.557576478864931997e-05 1.468787472217884509e-05
1.197161499999999933e+03 1.585277041375740691e-05 1.446251144463589773e-05
1.197844239999999900e+03 1.599349702268430167e-05 1.423714816709295207e-05
1.198526980000000094e+03 1.610476943786212574e-05 1.401178488954993018e-05
1.199209720000000061e+03 1.599696904442843800e-05 1.378642161200698282e-05
1.199892329999999902e+03 1.529694811405512138e-05 1.356110124571298810e-05
1.200575070000000096e+03 1.459679386784817013e-05 1.333573796816996621e-05
1.201257689999999911e+03 1.389620058132786224e-05 1.311041430101067852e-05
1.201940309999999954e+03 1.319538592506154582e-05 1.288509063385131629e-05
1.202622920000000022e+03 1.261412900041277209e-05 1.265977026755724533e-05
1.203305540000000065e+03 1.263920006693096382e-05 1.247679059007653078e-05
1.203988039999999955e+03 1.266426672612445606e-05 1.231936702440830373e-05
1.204670650000000023e+03 1.271378423404432219e-05 1.216191808644373784e-05
1.205353149999999914e+03 1.277880543625342905e-05 1.200449452077551079e-05
1.206035640000000058e+03 1.284322625595097339e-05 1.184707326167961596e-05
1.206718139999999948e+03 1.289805957293673681e-05 1.168964969601138891e-05
1.207400509999999940e+03 1.295288244548117809e-05 1.153225611578421767e-05
1.208083010000000058e+03 1.281782870802999161e-05 1.137483255011593810e-05
1.208765380000000050e+03 1.249704748901654314e-05 1.121743896988876686e-05
1.209447750000000042e+03 1.217626627000309298e-05 1.106004538966159562e-05
1.210130130000000008e+03 1.152845734941888744e-05 1.090264950286203964e-05
1.210812500000000000e+03 1.086431740773764927e-05 1.074525592263486839e-05
1.211494750000000067e+03 1.062265935134153172e-05 1.064448284460246608e-05
1.212177120000000059e+03 1.101822263783859531e-05 1.059229978819385860e-05
1.212859380000000101e+03 1.141372215840003227e-05 1.054012514384352405e-05
1.213541629999999941e+03 1.162092990502198002e-05 1.048795126422577285e-05
1.214223880000000008e+03 1.179361577852034790e-05 1.043577738460800640e-05
1.214906009999999924e+03 1.183256236312117819e-05 1.038361268178109624e-05
1.215588259999999991e+03 1.154594738882384989e-05 1.033143880216332810e-05
1.216270389999999907e+03 1.125938282683426593e-05 1.027927409933641793e-05
1.216952510000000075e+03 1.079364040678826635e-05 1.022711016124205893e-05
1.217634639999999990e+03 1.026392863461459906e-05 1.017494545841514707e-05
1.218316769999999906e+03 9.851887417714154710e-06 1.012278075558823691e-05
1.218998900000000049e+03 9.966208066254274853e-06 1.007061605276130980e-05
1.219680910000000040e+03 1.008050860355776469e-05 1.000803178027392984e-05
1.220363039999999955e+03 1.015301295467681004e-05 9.932556595885476153e-06
1.221045039999999972e+03 1.020077130445259586e-05 9.857095795520542537e-06
1.221727049999999963e+03 1.023189230704620350e-05 9.781633888692262005e-06
1.222408940000000030e+03 1.005460109811367585e-05 9.706185259424156324e-06
1.223090940000000046e+03 9.877281289211982342e-06 9.630724459059221014e-06
1.223772830000000113e+03 9.710139965265482599e-06 9.555275829791115333e-06
1.224454709999999977e+03 9.552408584458338021e-06 9.479828306986378590e-06
1.225136600000000044e+03 9.394674890467291341e-06 9.404379677718272909e-06
1.225818479999999909e+03 9.299199889079689458e-06 9.328932154913536167e-06
1.226500369999999975e+03 9.206046987913761264e-06 9.253483525645430486e-06
1.227182129999999916e+03 9.143798458283051026e-06 9.178049280400866900e-06
1.227864010000000007e+03 9.126185773081254947e-06 9.129414054233497917e-06
1.228545779999999922e+03 9.108575929135069306e-06 9.130068108881880711e-06
1.229227540000000090e+03 9.038181505053837690e-06 9.130722153936783592e-06
1.229909180000000106e+03 8.958756689986570196e-06 9.131376083869932587e-06
1.230590940000000046e+03 8.955854671270147273e-06 9.132030128924835467e-06
1.231272580000000062e+03 9.133118138665549576e-06 9.132684058857986156e-06
1.231954349999999977e+03 9.310415413130290340e-06 9.133338113506367256e-06
1.232635989999999993e+03 9.178127633945276938e-06 9.133992043439517945e-06
1.233317630000000008e+03 8.938679423003568621e-06 9.134645973372666940e-06
1.233999150000000100e+03 8.793334303074962175e-06 9.135299788184063742e-06
1.234680789999999888e+03 9.057450100378787135e-06 9.135953718117212737e-06
1.235362300000000005e+03 9.321515526440368428e-06 9.136607523335129626e-06
1.236043820000000096e+03 9.013738585575223762e-06 9.137775839537900773e-06
1.236725339999999960e+03 8.371320544702668664e-06 9.140468059474820680e-06
1.237406860000000052e+03 7.798585193179848957e-06 9.143160279411740587e-06
1.238088379999999916e+03 8.086889546184274991e-06 9.145852499348660494e-06
1.238769780000000083e+03 8.375143135422014639e-06 9.148544245247558973e-06
1.239451170000000047e+03 8.647609704778970945e-06 9.151235951643288717e-06
1.240132569999999987e+03 8.905410320052061673e-06 9.153927697542187195e-06
1.240813959999999952e+03 9.163207151928987615e-06 9.156619403937916939e-06
1.241495359999999891e+03 8.806094646592426398e-06 9.159311149836815418e-06
1.242176760000000058e+03 8.424701648612553941e-06 9.162002895735713896e-06
1.242858030000000099e+03 8.369428401191547897e-06 9.164694128093422212e-06
1.243539309999999887e+03 8.792211194772018039e-06 9.167385399954299262e-06
1.244220579999999927e+03 9.214987782639961144e-06 9.177045927056576532e-06
1.244901859999999942e+03 9.365622683115020267e-06 9.226866364485385535e-06
1.245583129999999983e+03 9.467699176636660858e-06 9.276686070637223865e-06
1.246264280000000099e+03 9.501807939888890268e-06 9.326497001465425978e-06
1.246945429999999988e+03 9.370822475123687591e-06 9.376307932293611151e-06
1.247626590000000078e+03 9.239835087353750543e-06 9.426119594398780550e-06
1.248307739999999967e+03 9.251503117579005931e-06 9.475930525226965723e-06
1.248988890000000083e+03 9.314854220643873698e-06 9.525741456055167837e-06
1.249670039999999972e+03 9.414449704099893041e-06 9.575552386883353010e-06
1.250351069999999936e+03 9.682666990770099870e-06 9.625354542387900273e-06
1.251032099999999900e+03 9.950884277440308394e-06 9.675156697892449230e-06
1.251713130000000092e+03 9.942815151260800939e-06 9.724958853397013434e-06
1.252394170000000031e+03 9.764888379336962175e-06 9.774372134632814814e-06
1.253075199999999995e+03 9.597102773587312089e-06 9.814086448905293304e-06
1.253756100000000060e+03 9.582640018610020063e-06 9.853793182218268998e-06
1.254437130000000025e+03 9.568174502348918468e-06 9.893507496490747488e-06
1.255118040000000065e+03 9.475102264920469734e-06 9.933214812954451950e-06
1.255798950000000104e+03 9.304649894653610188e-06 9.972922129418156412e-06
1.256479739999999993e+03 9.134227564016742637e-06 1.001262244807307329e-05
1.257160640000000058e+03 9.553940071816218211e-06 1.005232918138604899e-05
1.257841429999999946e+03 1.000735728150718939e-05 1.009202950004096587e-05
1.258522220000000061e+03 1.025893871233823039e-05 1.013172981869589630e-05
1.259202999999999975e+03 1.019171358382507702e-05 1.017142955420008272e-05
1.259883790000000090e+03 1.012448746783976008e-05 1.021112987285501316e-05
1.260564579999999978e+03 1.024199471968206857e-05 1.025083019150993004e-05
1.261245239999999967e+03 1.039754492321772176e-05 1.030616024320528732e-05
1.261926030000000083e+03 1.057301865198632098e-05 1.036277628271795726e-05
1.262606690000000071e+03 1.080202877949733749e-05 1.041938151113595057e-05
1.263287350000000060e+03 1.103103890700835569e-05 1.047598673955394559e-05
1.263968020000000024e+03 1.104885999629867689e-05 1.053259279959460399e-05
1.264648560000000089e+03 1.098125838584598382e-05 1.058918804854060611e-05
1.265329220000000078e+03 1.087091115767328711e-05 1.064579327695860112e-05
1.266009769999999889e+03 1.052432556848845825e-05 1.070238935752724969e-05
1.266690309999999954e+03 1.017774507203128093e-05 1.075898460647325180e-05
1.267370850000000019e+03 1.026607333212592255e-05 1.081557985541925561e-05
1.268051269999999931e+03 1.065171321941553722e-05 1.087216512489324619e-05
1.268731809999999996e+03 1.100032607110130236e-05 1.092876037383925000e-05
1.269412229999999909e+03 1.032008387883047414e-05 1.097164566425825162e-05
1.270092650000000049e+03 9.639841686559418922e-06 1.101122964993801107e-05
1.270773069999999962e+03 9.603777441868958470e-06 1.105081363561775865e-05
1.271453490000000102e+03 1.027850226893141109e-05 1.109039762129751809e-05
1.272133910000000014e+03 1.095322709599363671e-05 1.112998160697726398e-05
1.272814210000000003e+03 1.083504836182803824e-05 1.116955861155963177e-05
1.273494509999999991e+03 1.064402035071100156e-05 1.120913561614199956e-05
1.274174800000000005e+03 1.058302052815174942e-05 1.124871203896625391e-05
1.274855099999999993e+03 1.075723836293111042e-05 1.128828904354862170e-05
1.275535399999999981e+03 1.093145619771046974e-05 1.132786604813098949e-05
1.276215580000000045e+03 1.114171524072699546e-05 1.136743607161597917e-05
1.276895870000000059e+03 1.136125749870995988e-05 1.140701249444023184e-05
1.277576049999999896e+03 1.143172795723865730e-05 1.142692436070035573e-05
1.278256229999999960e+03 1.101924506241028802e-05 1.143768255655668236e-05
1.278936279999999897e+03 1.060684100373761282e-05 1.144843869624337218e-05
1.279616459999999961e+03 1.093532463830189689e-05 1.145919689209969881e-05
1.280296509999999898e+03 1.161958843120723991e-05 1.146995303178638863e-05
1.280976560000000063e+03 1.214201876905721259e-05 1.148070917147308353e-05
1.281656739999999900e+03 1.142178662764578760e-05 1.149146736732940508e-05
1.282336669999999913e+03 1.070181920738939002e-05 1.150222160901335908e-05
1.283016720000000078e+03 1.072099462155349474e-05 1.151297774870005229e-05
1.283696779999999990e+03 1.133418523315523737e-05 1.152373404655363803e-05
1.284376710000000003e+03 1.194725862748284933e-05 1.153448828823759034e-05
1.285056640000000016e+03 1.168904440633736111e-05 1.154524252992154265e-05
1.285736570000000029e+03 1.142548037355817690e-05 1.155938907698704961e-05
1.286416500000000042e+03 1.123087357479701774e-05 1.157626841903056722e-05
1.287096309999999903e+03 1.112663775708375459e-05 1.159314478205999878e-05
1.287776249999999891e+03 1.102238200636521591e-05 1.161002437235468881e-05
1.288456050000000005e+03 1.105051593627280783e-05 1.162690048713295302e-05
1.289135860000000093e+03 1.109814762651644219e-05 1.164377685016238966e-05
1.289815669999999955e+03 1.123712033995390112e-05 1.166065321319182122e-05
1.290495359999999891e+03 1.157907112087642761e-05 1.167752659720717010e-05
1.291175169999999980e+03 1.192108227357691632e-05 1.169440296023660674e-05
1.291854859999999917e+03 1.204324466287279606e-05 1.171127634425195731e-05
1.292534550000000081e+03 1.209165204838737560e-05 1.172814972826731297e-05
1.293214230000000043e+03 1.202843908364392239e-05 1.174502286403149113e-05
1.293893919999999980e+03 1.148038098239854431e-05 1.175450330789178942e-05
1.294573489999999993e+03 1.093241964139990641e-05 1.175380027528658964e-05
1.295253169999999955e+03 1.099670062752431588e-05 1.175309712888356540e-05
1.295932739999999967e+03 1.142802697521461509e-05 1.175239409627836562e-05
1.296612300000000005e+03 1.180072241557667532e-05 1.175169107401842306e-05
1.297291870000000017e+03 1.130740109461905434e-05 1.175098804141322327e-05
1.297971309999999903e+03 1.081417414476637674e-05 1.175028514329635901e-05
1.298650879999999916e+03 1.080677295868669551e-05 1.174958211069115922e-05
1.299330320000000029e+03 1.128328764089066286e-05 1.174887921257429665e-05
1.300009769999999889e+03 1.175980933643900323e-05 1.174817630411217685e-05
1.300689210000000003e+03 1.179083166525870316e-05 1.174747340599531258e-05
1.301368649999999889e+03 1.179278285802340887e-05 1.174677050787844831e-05
1.302047970000000078e+03 1.170432853125294622e-05 1.172282360512556564e-05
1.302727290000000039e+03 1.146590145398357367e-05 1.163983912184746309e-05
1.303406739999999900e+03 1.122742874943983738e-05 1.155683875800818512e-05
1.304085939999999937e+03 1.108587679535776197e-05 1.147386893370963173e-05
1.304765259999999898e+03 1.096648488840807610e-05 1.139088445043152918e-05
1.305444580000000087e+03 1.087582709350946834e-05 1.130789996715339954e-05
1.306123779999999897e+03 1.087114555678283850e-05 1.122493014285487325e-05
1.306802979999999934e+03 1.086646402005620867e-05 1.114196031855631986e-05
1.307482299999999896e+03 1.078426754910350334e-05 1.105897583527821732e-05
1.308161380000000008e+03 1.066685151720255151e-05 1.097602066995921308e-05
1.308840580000000045e+03 1.057470803046107928e-05 1.089305084566065969e-05
1.309519780000000083e+03 1.066092633184319481e-05 1.081008102136210630e-05
1.310198849999999993e+03 1.074712813090023695e-05 1.072901400479697127e-05
1.310877930000000106e+03 1.077362556048570567e-05 1.065958241936606079e-05
1.311557009999999991e+03 1.075333821812582374e-05 1.059015083393517234e-05
1.312236079999999902e+03 1.073305117451340013e-05 1.052072027094030564e-05
1.312915040000000090e+03 1.076567652818079801e-05 1.045130095474166127e-05
1.313594119999999975e+03 1.079844149538079900e-05 1.038186936931077451e-05
1.314273069999999962e+03 1.062983553246405038e-05 1.031245107554817222e-05
1.314952029999999922e+03 1.019805582453112574e-05 1.024303175934954988e-05
1.315630979999999909e+03 9.766282476025954309e-06 1.017361346558694759e-05
1.316309809999999970e+03 9.644548319824941684e-06 1.010420744105660971e-05
1.316988769999999931e+03 9.569269653491548403e-06 1.003478812485798906e-05
1.317667599999999993e+03 9.604802234825070425e-06 9.965382100327651181e-06
1.318346440000000030e+03 9.892194368218961223e-06 9.895975053361293246e-06
1.319025270000000091e+03 1.017958226803597726e-05 9.829934894278835890e-06
1.319704099999999926e+03 9.940446626236719543e-06 9.763923196109119539e-06
1.320382810000000063e+03 9.517403732262862397e-06 9.697923167140468353e-06
1.321061519999999973e+03 9.197483822517909404e-06 9.631923138171840883e-06
1.321740360000000010e+03 9.358956519489725672e-06 9.565910467568680272e-06
1.322419069999999920e+03 9.520398293931009481e-06 9.499910438600051108e-06
1.323097659999999905e+03 9.493025767530709739e-06 9.433922078832512520e-06
1.323776370000000043e+03 9.346022674342592480e-06 9.367922049863863028e-06
1.324454960000000028e+03 9.204616493140717096e-06 9.301933690096324440e-06
1.325133669999999938e+03 9.175371845971563414e-06 9.235933661127696971e-06
1.325812259999999924e+03 9.146132369431483222e-06 9.169945301360158383e-06
1.326490720000000010e+03 9.104111243600090678e-06 9.103969583227130915e-06
1.327169309999999996e+03 9.048357398259318599e-06 9.019418158665008534e-06
1.327847899999999981e+03 8.992603552918544826e-06 8.931297112058495297e-06
1.328526370000000043e+03 8.557867140018570842e-06 8.843191648536887254e-06
1.329204829999999902e+03 8.089021546071555640e-06 8.755087483605715647e-06
1.329883299999999963e+03 7.855035121569020636e-06 8.666982020084107604e-06
1.330561770000000024e+03 8.054246134345208026e-06 8.578876556562501255e-06
1.331240109999999959e+03 8.253418976779763975e-06 8.490787974716234842e-06
1.331918580000000020e+03 8.341364458814644857e-06 8.402682511194626799e-06
1.332596919999999955e+03 8.399050526682195334e-06 8.314593929348360385e-06
1.333275270000000091e+03 8.405704287446037209e-06 8.226504048911659230e-06
1.333953610000000026e+03 8.232268478141314895e-06 8.138415467065392817e-06
1.334631840000000011e+03 8.058860793286007040e-06 8.050341169713625655e-06
1.335310179999999946e+03 7.968370881170270089e-06 7.992053445482474728e-06
1.335988399999999956e+03 7.921606667877166395e-06 7.947730061099759981e-06
1.336666629999999941e+03 7.852423812497083791e-06 7.903406023191873227e-06
1.337344849999999951e+03 7.553543513074899263e-06 7.859082638809156786e-06
1.338022950000000037e+03 7.254716095661367366e-06 7.814767096728531540e-06
1.338701170000000047e+03 7.122588888973072011e-06 7.770443712345815099e-06
1.339379269999999906e+03 7.142851217143662936e-06 7.726128170265205100e-06
1.340057369999999992e+03 7.163113545314260637e-06 7.681812628184578161e-06
1.340735470000000078e+03 7.055949823284612879e-06 7.637497086103951221e-06
1.341413569999999936e+03 6.942956303730073629e-06 7.593181544023339528e-06
1.342091550000000097e+03 6.995587125310131138e-06 7.548873844244802090e-06
1.342769649999999956e+03 7.307704911168651946e-06 7.504558302164190397e-06
1.343447629999999890e+03 7.619767463087813288e-06 7.425924446520972988e-06
1.344125610000000052e+03 7.651593519231564866e-06 7.315388773969590267e-06
1.344803589999999986e+03 7.623153361566022814e-06 7.204853101418243970e-06
1.345481449999999995e+03 7.546239655852087424e-06 7.094336993279856968e-06
1.346159419999999955e+03 7.328461386761190940e-06 6.983802951096254454e-06
1.346837279999999964e+03 7.110718451991266215e-06 6.873286842957867452e-06
1.347515139999999974e+03 6.631276027047582823e-06 6.762770734819479603e-06
1.348192990000000009e+03 6.033715802335551968e-06 6.652256257048836386e-06
1.348870850000000019e+03 5.530751488251055319e-06 6.541740148910449384e-06
1.349548579999999902e+03 5.709130975187870557e-06 6.431245235552801885e-06
1.350226319999999987e+03 5.887513094138770490e-06 6.320748691827373332e-06
1.350904170000000022e+03 6.047132893634134476e-06 6.210234214056729268e-06
1.351581789999999955e+03 6.191604614957884305e-06 6.171217770004650394e-06
1.352259520000000066e+03 6.336099788790962612e-06 6.264620286266411577e-06
1.352937259999999924e+03 6.309941811560837117e-06 6.358024180695198891e-06
1.353614870000000110e+03 6.281515180786561069e-06 6.451410158952232296e-06
1.354292480000000069e+03 6.273811827740409066e-06 6.544796137209233513e-06
1.354970090000000027e+03 6.294841221632973944e-06 6.638182115466234731e-06
1.355647709999999961e+03 6.315870925872106230e-06 6.731569471890294267e-06
1.356325319999999920e+03 6.224201253442090048e-06 6.824955450147296332e-06
1.357002809999999954e+03 6.112850888616070878e-06 6.918324890399569771e-06
1.357680299999999988e+03 6.177861994318674712e-06 7.011694330651843210e-06
1.358357790000000023e+03 6.689947840105378522e-06 7.105063770904116649e-06
1.359035280000000057e+03 7.202033685892083180e-06 7.198433211156390088e-06
1.359712770000000091e+03 7.261708616619238883e-06 7.252440521946289261e-06
1.360390139999999974e+03 7.141035543095620468e-06 7.124476436502420772e-06
1.361067630000000008e+03 6.984100504142901128e-06 6.996489681483176391e-06
1.361744999999999891e+03 6.615775481192781877e-06 6.868525596039307902e-06
1.362422360000000026e+03 6.247455895817600774e-06 6.740563399726670621e-06
1.363099609999999984e+03 6.053538734684067879e-06 6.612621983858135672e-06
1.363776980000000094e+03 5.986969240363553143e-06 6.484657898414224831e-06
1.364454220000000078e+03 5.922831401915501318e-06 6.356718371676963443e-06
1.365131470000000036e+03 6.130318144518300468e-06 6.228776955808428494e-06
1.365808719999999994e+03 6.337804887121098772e-06 6.100835539939893545e-06
1.366485959999999977e+03 6.321101393813398752e-06 5.972896013202633004e-06
1.367163209999999935e+03 6.019040576290497687e-06 5.844954597334098055e-06
1.367840329999999994e+03 5.717037740172171054e-06 5.717037740172171054e-06
