9.306945799999999736e+02 -4.522277948880540875e-03 -4.522277948880540875e-03
9.313851899999999659e+02 -1.618736619091761322e-03 -4.005540281760233343e-03
9.320757399999999961e+02 1.284552451853853382e-03 -3.488847508661164186e-03
9.327663000000000011e+02 -8.932674232389611283e-04 -2.972147253225236423e-03
9.334568500000000313e+02 -4.476957806357579825e-03 -2.455454480126167266e-03
9.341473999999999478e+02 -7.778160718139420435e-03 -1.938761707027183111e-03
9.348378900000000158e+02 -1.026220169277126774e-02 -1.422113827949352764e-03
9.355283799999999701e+02 -1.274624266740270739e-02 -9.054659488716078515e-04
9.362188700000000381e+02 -1.134055077719488443e-02 -3.888180697937775043e-04
9.369093000000000302e+02 -8.499329466962159824e-03 1.277849152627290319e-04
9.375997300000000223e+02 -5.493062916647949330e-03 6.443879003192355681e-04
9.382901600000000144e+02 -1.841858188121312835e-03 1.160990885375742104e-03
9.389805300000000443e+02 1.809029242078811182e-03 1.632898743769298786e-03
9.396708999999999605e+02 3.632863039935658143e-03 1.336491767744071857e-03
9.403612699999999904e+02 4.584811606378106849e-03 1.040084791718796356e-03
9.410515699999999697e+02 5.117002307466041178e-03 7.437078698504754216e-04
9.417418800000000374e+02 3.268512905083169329e-03 4.473266545311261905e-04
9.424321899999999914e+02 1.420023502700601924e-03 1.509454392118255318e-04
9.431224999999999454e+02 2.219596576541772986e-04 -1.454357761074749102e-04
9.438127399999999625e+02 -5.819648043993565049e-04 -4.417869372698697908e-04
9.445029899999999543e+02 -1.307626043767142572e-03 -7.381423918832439625e-04
9.451931799999999839e+02 -1.291151538843739741e-03 -1.034472085790691647e-03
9.458833600000000388e+02 -1.274677272615549377e-03 -1.330797486247160041e-03
9.465735499999999547e+02 -1.495434739395796022e-03 -1.627127180154559587e-03
9.472637300000000096e+02 -1.896807751097821012e-03 -1.672966626442826772e-03
9.479538599999999633e+02 -2.495292673503839587e-03 3.960619455267680618e-04
9.486439800000000560e+02 -7.816831108391979199e-03 2.465060537223903638e-03
9.493341100000000097e+02 -1.313844665361398913e-02 4.534089109193499556e-03
9.500241700000000264e+02 -8.320801779237262455e-03 6.602907819253153038e-03
9.507142300000000432e+02 6.148829085449048631e-03 8.671726529312808254e-03
9.514043000000000347e+02 2.061866963669635455e-02 1.074057521964526252e-02
9.520943600000000515e+02 9.623414612548612801e-03 1.280939392970491600e-02
9.527843599999999924e+02 -1.778060365677257282e-03 1.487803275812708999e-02
9.534743700000000217e+02 -1.961864558591095049e-03 1.694670156682239956e-02
9.541643100000000004e+02 1.123118172418046366e-02 1.901516051360743059e-02
9.548542499999999791e+02 2.442422800695202151e-02 2.108361946039246509e-02
9.555441899999999578e+02 2.204863324307378830e-02 2.252688554894504563e-02
9.562341300000000501e+02 1.846019678944378281e-02 2.050718504302629502e-02
9.569240099999999529e+02 1.402302141430731251e-02 1.848766017851221494e-02
9.576138899999999694e+02 8.307933151093377377e-03 1.646813531399779831e-02
9.583037699999999859e+02 2.592844887879442242e-03 1.444861044948338342e-02
9.589935900000000402e+02 4.290367846195836284e-03 1.242926122637297293e-02
9.596834099999999808e+02 7.090919702456845511e-03 1.040991200326289376e-02
9.603731699999999591e+02 8.262037470026389191e-03 8.390738421556820717e-03
9.610629900000000134e+02 6.291133957923318760e-03 6.371389198446410218e-03
9.617527499999999918e+02 4.320401873454812573e-03 4.352215616740335441e-03
9.624424999999999955e+02 2.012934064962562317e-03 2.333071308601542687e-03
9.631322000000000116e+02 -3.721222657231248315e-04 3.140733682994722997e-04
9.638219000000000278e+02 -1.150389244953279808e-03 -9.714913115764253586e-04
9.645116000000000440e+02 2.136762237897325487e-03 7.513310436885925047e-04
9.652012300000000096e+02 5.423580096557753007e-03 2.473978543850005769e-03
9.658908699999999499e+02 5.397082454814153447e-03 4.196651023311853343e-03
9.665805100000000039e+02 4.288288339243896338e-03 5.919323502773984544e-03
9.672701399999999694e+02 5.663463154349544088e-03 7.641971002935398459e-03
9.679597199999999475e+02 1.562981899661691765e-02 9.364493606594359587e-03
9.686492899999999509e+02 2.559603031097140019e-02 1.108699123095288619e-02
9.693388700000000426e+02 2.922126208421325574e-02 1.280951383461213094e-02
9.700283799999999701e+02 3.005882517206172333e-02 1.453186158316748834e-02
9.707178999999999860e+02 2.980897342901416697e-02 1.625423431102356042e-02
9.714073499999999513e+02 2.404623059321677955e-02 1.797643218377602964e-02
9.720968599999999924e+02 1.828298624959346502e-02 1.940143039690393062e-02
9.727863200000000461e+02 1.707053771894267644e-02 1.985905262595496351e-02
9.734757100000000491e+02 1.847748079704409491e-02 2.031662839320102359e-02
9.741651600000000144e+02 1.968248080524725649e-02 2.077424398485128859e-02
9.748545500000000175e+02 1.915358072522756888e-02 2.123181975209734867e-02
9.755438799999999446e+02 1.862472667721420602e-02 2.168935569493912405e-02
9.762332800000000361e+02 1.858937223063760608e-02 2.214693809958594856e-02
9.769226099999999633e+02 1.892045821875034534e-02 2.260447404242772393e-02
9.776119400000000041e+02 1.926192256859509191e-02 2.306200998526957563e-02
9.783012099999999691e+02 1.983215701589014293e-02 2.351950610370714262e-02
9.789904800000000478e+02 2.040239146318529109e-02 2.397700222214478594e-02
9.796797500000000127e+02 2.241560824966182600e-02 2.443449834058235293e-02
9.803690199999999777e+02 2.580075573098782396e-02 2.498582289843903972e-02
9.810582299999999805e+02 2.918560853990859877e-02 2.579050236469099255e-02
9.817474399999999832e+02 2.909421531406435404e-02 2.659518183094294538e-02
9.824365800000000490e+02 2.893793592846460871e-02 2.739977956947390464e-02
9.831257299999999759e+02 2.937435029675037820e-02 2.820438898339342609e-02
9.838148800000000165e+02 3.053361865228476288e-02 2.900899839731307939e-02
9.845040299999999434e+02 3.169288700781895673e-02 2.981360781123260084e-02
9.851931200000000217e+02 3.182268957313796887e-02 3.061814717281995113e-02
9.858822000000000116e+02 3.186214413248800864e-02 3.142267485901847901e-02
9.865712899999999763e+02 3.183306443243905104e-02 3.222721422060569746e-02
9.872603100000000040e+02 3.169583585731511333e-02 3.303167185447192233e-02
9.879493400000000065e+02 3.155860529054252406e-02 3.383614116372683778e-02
9.886383700000000090e+02 3.611063913015757215e-02 3.454773480519145179e-02
9.893273299999999608e+02 4.144893180317321679e-02 3.504383577521774651e-02
9.900163000000000011e+02 4.339098206678144304e-02 3.553994394596650397e-02
9.907052599999999529e+02 3.826332612691147467e-02 3.603604491599279869e-02
9.913941700000000310e+02 3.313604231720340687e-02 3.653210988240722379e-02
9.920830700000000206e+02 3.511042906223331428e-02 3.702816764809918615e-02
9.927719700000000103e+02 3.894510509243987589e-02 3.752422541379114851e-02
9.934608799999999746e+02 4.174125828969030283e-02 3.802029038020548340e-02
9.941497200000000021e+02 4.158882524341361853e-02 3.851630494156311341e-02
9.948385600000000295e+02 4.143639219713692728e-02 3.901231950292074341e-02
9.955273399999999810e+02 4.101572930412349799e-02 3.950829085994395778e-02
9.962161300000000210e+02 4.049490247880752070e-02 4.000426941768962796e-02
9.969049099999999726e+02 4.058948944813561832e-02 4.036502652498975829e-02
9.975936900000000378e+02 4.321391425911295936e-02 4.044902556813663452e-02
9.982824100000000271e+02 4.583811045501892667e-02 4.053301729408121529e-02
9.989711300000000165e+02 4.367301837000816395e-02 4.061700902002580299e-02
9.996597900000000436e+02 3.907560286276126615e-02 4.070099342876810217e-02
1.000348449999999957e+03 3.486503327310606914e-02 4.078497783751039441e-02
1.001037109999999984e+03 3.323684927850323323e-02 4.086896224625269358e-02
1.001725770000000011e+03 3.160866528390040425e-02 4.095294665499499970e-02
1.002414369999999963e+03 3.324102018280283150e-02 4.103692374653501035e-02
1.003102970000000028e+03 3.707130488356796122e-02 4.112090083807503488e-02
1.003791560000000004e+03 4.067925816237622644e-02 4.120487671008133540e-02
1.004480099999999993e+03 4.104542122382458941e-02 4.128884648441906446e-02
1.005168639999999982e+03 4.141158428527294544e-02 4.118950351547182032e-02
1.005857179999999971e+03 4.015148389526678602e-02 4.075139900666633480e-02
1.006545650000000023e+03 3.745415562714692753e-02 4.031333903748903630e-02
1.007234130000000050e+03 3.475678818043887591e-02 3.987527270550772496e-02
1.007922609999999963e+03 3.504756587693317466e-02 3.943720637352648301e-02
1.008611020000000053e+03 3.534628529523735352e-02 3.899918458117335174e-02
1.009299440000000004e+03 3.488347730243267913e-02 3.856115642601627008e-02
1.009987849999999980e+03 3.353990099485348181e-02 3.812313463366321514e-02
1.010676270000000045e+03 3.219630517017953858e-02 3.768510647850606410e-02
1.011364619999999945e+03 3.358966614999706057e-02 3.724712286297724578e-02
1.012052919999999972e+03 3.518905897485995887e-02 3.680917106146849860e-02
1.012741269999999986e+03 3.612995786602955783e-02 3.637118744593961089e-02
1.013429570000000012e+03 3.606553557582575092e-02 3.574908563913624382e-02
1.014117859999999951e+03 3.600111422158432106e-02 3.481342284767449669e-02
1.014806090000000040e+03 3.371669616919165113e-02 3.387784162033157659e-02
1.015494320000000016e+03 3.107636838883405528e-02 3.294226039298881609e-02
1.016182559999999967e+03 2.852269544581052807e-02 3.200666557162624298e-02
1.016870790000000056e+03 2.614713808946571988e-02 3.107108434428332636e-02
1.017558959999999956e+03 2.377178783458674949e-02 3.013558468105969473e-02
1.018247129999999970e+03 2.593397220325535657e-02 2.920008501783591046e-02
1.018935240000000022e+03 2.928100640732088714e-02 2.826466691873110587e-02
1.019623349999999959e+03 3.094473204968758648e-02 2.732924881962645047e-02
1.020311460000000011e+03 2.777017513891646278e-02 2.639383072052164936e-02
1.020999569999999949e+03 2.459561822814586296e-02 2.545841262141699396e-02
1.021687620000000038e+03 2.570331958333701636e-02 2.476689601183012027e-02
1.022375670000000014e+03 2.844823331355311388e-02 2.446539026388113922e-02
1.023063719999999989e+03 3.029544969524434680e-02 2.416388451593215816e-02
1.023751710000000003e+03 2.827603524044928346e-02 2.386240506017831345e-02
1.024439699999999903e+03 2.625662078565454971e-02 2.356092560442452077e-02
1.025127690000000030e+03 2.502380079232728594e-02 2.325944614867063095e-02
1.025815550000000030e+03 2.420856364132830188e-02 2.295802365933962905e-02
1.026503539999999930e+03 2.334878396787141291e-02 2.265654420358583637e-02
1.027191409999999905e+03 2.215626436148452477e-02 2.235511733222232331e-02
1.027879269999999906e+03 2.096376209150718067e-02 2.205369484289132140e-02
1.028567140000000109e+03 2.065420082078588473e-02 2.175226797152770772e-02
1.029255000000000109e+03 2.097812915221844779e-02 2.145084548219670928e-02
1.029942870000000084e+03 2.122393868815778892e-02 2.104798660919339134e-02
1.030630619999999908e+03 1.987417804228131663e-02 2.049004205138257526e-02
1.031318479999999909e+03 1.852420151320413599e-02 1.993200825489279890e-02
1.032006229999999960e+03 1.855159828974792258e-02 1.937406369708179893e-02
1.032693970000000036e+03 1.989774355563223712e-02 1.881612725187794405e-02
1.033381710000000112e+03 2.124388882151655514e-02 1.825819080667409264e-02
1.034069340000000011e+03 2.351053493212480403e-02 1.770034360014920496e-02
1.034757080000000087e+03 2.580136279472357991e-02 1.714240715494535008e-02
1.035444700000000012e+03 2.544414839016443178e-02 1.658456806102760750e-02
1.036132319999999936e+03 2.169642597567203457e-02 1.602672896710986492e-02
1.036820069999999987e+03 1.794799502461240370e-02 1.546878440929886495e-02
1.037507569999999987e+03 1.579971047981798202e-02 1.491104266666704731e-02
1.038195189999999911e+03 1.382445380374599207e-02 1.477126227088862952e-02
1.038882810000000063e+03 1.299626695862827683e-02 1.525428325539734779e-02
1.039570310000000063e+03 1.415897595495704472e-02 1.573721994550186798e-02
1.040257810000000063e+03 1.532168495128581436e-02 1.622015663560638643e-02
1.040945310000000063e+03 1.500460947881727958e-02 1.670309332571090835e-02
1.041632810000000063e+03 1.438193229491546363e-02 1.718603001581543027e-02
1.042320310000000063e+03 1.502284543209607068e-02 1.766896670591994872e-02
1.043007689999999911e+03 1.872574022619354767e-02 1.815181910162027082e-02
1.043695189999999911e+03 2.242928145657932526e-02 1.863475579172479274e-02
1.044382569999999987e+03 2.236682593220885862e-02 1.911760818742527443e-02
1.045069950000000063e+03 2.108320038290990503e-02 1.960046058312575612e-02
1.045757319999999936e+03 2.018380543322735587e-02 2.008330595429242207e-02
1.046444700000000012e+03 2.066491468249284300e-02 2.013440850132316648e-02
1.047131959999999935e+03 2.114593994166553623e-02 1.954850693242508181e-02
1.047819340000000011e+03 2.090971088189776464e-02 1.896250306135844818e-02
1.048506589999999960e+03 2.033655394952602752e-02 1.837661001764104296e-02
1.049193850000000111e+03 1.957372496159298300e-02 1.779070844874276400e-02
1.049881100000000060e+03 1.767083940986791807e-02 1.720481540502535878e-02
1.050568359999999984e+03 1.576792616973911668e-02 1.661891383612727410e-02
1.051255490000000009e+03 1.412746817873367956e-02 1.603312309457822354e-02
1.051942749999999933e+03 1.265792253374491486e-02 1.544722152568013714e-02
1.052629879999999957e+03 1.134676817636246990e-02 1.486143078413108658e-02
1.053317019999999957e+03 1.223844009269088942e-02 1.427563151740135483e-02
1.054004149999999981e+03 1.313009903245101161e-02 1.368984077585230427e-02
1.054691280000000006e+03 1.335873367927340599e-02 1.339747796151109956e-02
1.055378300000000081e+03 1.299635584561171890e-02 1.354164128591858231e-02
1.056065430000000106e+03 1.263391999098749212e-02 1.368582769257356731e-02
1.056752439999999979e+03 1.421346114499381051e-02 1.382998891859486996e-02
1.057439450000000079e+03 1.581111111435332811e-02 1.397415014461622119e-02
1.058126459999999952e+03 1.705971105545935756e-02 1.411831137063752559e-02
1.058813480000000027e+03 1.788547549206549736e-02 1.426247469504500834e-02
1.059500489999999900e+03 1.871122790916051465e-02 1.440663592106631273e-02
1.060187380000000076e+03 1.532777572007009217e-02 1.455077196645403192e-02
1.060874270000000024e+03 1.154643648091906172e-02 1.469490801184170428e-02
1.061561159999999973e+03 1.024140030963550420e-02 1.483904405722937490e-02
1.062248049999999921e+03 1.307012479161985194e-02 1.498318010261704726e-02
1.062934940000000097e+03 1.589884927360513817e-02 1.491651805436545672e-02
1.063621830000000045e+03 1.590537211166477213e-02 1.452798957407479968e-02
1.064308590000000095e+03 1.535825821376239630e-02 1.413953462623096860e-02
1.064995480000000043e+03 1.456331006558748108e-02 1.375100614594031156e-02
1.065682250000000067e+03 1.318160078547977489e-02 1.336254554175442602e-02
1.066369020000000091e+03 1.179989150537206870e-02 1.297408493756854048e-02
1.067055659999999989e+03 1.320491289056603505e-02 1.258569786582960578e-02
1.067742430000000013e+03 1.550235239960744485e-02 1.219723726164372024e-02
1.068429080000000113e+03 1.680039958859431970e-02 1.180884453356260272e-02
1.069115839999999935e+03 1.451366729971114745e-02 1.142038958571890001e-02
1.069802490000000034e+03 1.222730128223449564e-02 1.103199685763778422e-02
1.070489139999999907e+03 1.092605743356956510e-02 1.064360412955679680e-02
1.071175780000000032e+03 1.009182563206998361e-02 1.061147528158843702e-02
1.071862300000000005e+03 9.404715831837152235e-03 1.114735354824715127e-02
1.072548950000000104e+03 9.630455575200322707e-03 1.168333328926164996e-02
1.073235470000000078e+03 9.856152580390237575e-03 1.221921155592036595e-02
1.073922000000000025e+03 1.056012729071367263e-02 1.275509762829872898e-02
1.074608519999999999e+03 1.158469055152084454e-02 1.329097589495744323e-02
1.075295039999999972e+03 1.264563204060524353e-02 1.382685416161615749e-02
1.075981569999999920e+03 1.429025007469669935e-02 1.436274023399452052e-02
1.076667969999999968e+03 1.593455668708150530e-02 1.489852483201727605e-02
1.077354370000000017e+03 1.693653701536735126e-02 1.543430943004003159e-02
1.078040770000000066e+03 1.734138079461544635e-02 1.597009402806278539e-02
1.078727169999999887e+03 1.774622457386340613e-02 1.650587862608536571e-02
1.079413569999999936e+03 1.607787311782159917e-02 1.671879828979455987e-02
1.080099979999999960e+03 1.436196661562300081e-02 1.638343699840880130e-02
1.080786250000000109e+03 1.338392567084029962e-02 1.604814410722226609e-02
1.081472659999999905e+03 1.335591896039777134e-02 1.571278281583661854e-02
1.082158940000000030e+03 1.332791755417917466e-02 1.537748503892157753e-02
1.082845209999999952e+03 1.459704144017502474e-02 1.504219214773515507e-02
1.083531369999999924e+03 1.601600382266917671e-02 1.470695299956243686e-02
1.084217650000000049e+03 1.557345485382928899e-02 1.437165522264739412e-02
1.084903929999999946e+03 1.174873683961078982e-02 1.403635744573246587e-02
1.085590089999999918e+03 7.924687599305878932e-03 1.370111829755974592e-02
1.086276249999999891e+03 9.155019226560097423e-03 1.336587914938702770e-02
1.086962399999999889e+03 1.154088959003044500e-02 1.303064488694281528e-02
1.087648560000000089e+03 1.317070335272927696e-02 1.279986511156043158e-02
1.088334589999999935e+03 1.278614874358024144e-02 1.276160880332018015e-02
1.089020749999999907e+03 1.240152126283777974e-02 1.272334524565923823e-02
1.089706789999999955e+03 1.159006524592864212e-02 1.268508837977123244e-02
1.090392820000000029e+03 1.062178252147515274e-02 1.264683207153096886e-02
1.091078860000000077e+03 9.763459085186146705e-03 1.260857520564296133e-02
1.091764889999999923e+03 9.375489618959157237e-03 1.257031889740271163e-02
1.092450810000000047e+03 8.987582360858895753e-03 1.253206872328763849e-02
1.093136839999999893e+03 9.909515680495938061e-03 1.249381241504738706e-02
1.093822750000000042e+03 1.154423683925832542e-02 1.245556279858005787e-02
1.094508669999999938e+03 1.296789587886177861e-02 1.241731262446499687e-02
1.095194580000000087e+03 1.260592101603405339e-02 1.237906300799766768e-02
1.095880490000000009e+03 1.224394615320644961e-02 1.233358979575819789e-02
1.096566409999999905e+03 1.168365059192070024e-02 1.227334265332892180e-02
1.097252199999999903e+03 1.096983647394384614e-02 1.221310692932819388e-02
1.097937989999999900e+03 1.030134911174789003e-02 1.215287120532746595e-02
1.098623779999999897e+03 1.176372902469231645e-02 1.209263548132673630e-02
1.099309569999999894e+03 1.322610893763674286e-02 1.203239975732600837e-02
1.099995359999999891e+03 1.265616049206788780e-02 1.197216403332528045e-02
1.100681149999999889e+03 9.872482386122207257e-03 1.191192830932455253e-02
1.101366819999999962e+03 7.089291370061918778e-03 1.185170312541171736e-02
1.102052490000000034e+03 9.055497575065530810e-03 1.179147794149888046e-02
1.102738160000000107e+03 1.134791823630422990e-02 1.173125275758604528e-02
1.103423829999999953e+03 1.229467213811225902e-02 1.167102757367322920e-02
1.104109500000000025e+03 1.116227666870305349e-02 1.167312900929484872e-02
1.104795170000000098e+03 1.002988119929384796e-02 1.182012972366196929e-02
1.105480710000000045e+03 1.055059967052034489e-02 1.196710256734364979e-02
1.106166259999999966e+03 1.136325269079847822e-02 1.211407755492420295e-02
1.106851809999999887e+03 1.196059741349181187e-02 1.226105254250475611e-02
1.107537350000000060e+03 1.207106671770307067e-02 1.240802538618648518e-02
1.108222899999999981e+03 1.218153763333454549e-02 1.255500037376703834e-02
1.108908449999999903e+03 1.226394311726282903e-02 1.270197536134759150e-02
1.109593869999999924e+03 1.233763416887765328e-02 1.284892247824275316e-02
1.110279299999999921e+03 1.247872272754230530e-02 1.299587173903678575e-02
1.110964719999999943e+03 1.285932412500367765e-02 1.314281885593194740e-02
1.111650149999999940e+03 1.323993107528516865e-02 1.328976811672597999e-02
1.112335569999999962e+03 1.343414383666754856e-02 1.348951804838484890e-02
1.113020999999999958e+03 1.353897133076129196e-02 1.383288502970685466e-02
1.113706300000000056e+03 1.361071066147795383e-02 1.417618688737285089e-02
1.114391599999999926e+03 1.346498900532705316e-02 1.451948874503873436e-02
1.115076900000000023e+03 1.331926734917610392e-02 1.486279060270473060e-02
1.115762210000000096e+03 1.347901592441555323e-02 1.520609746988271956e-02
1.116447509999999966e+03 1.385264688539335903e-02 1.554939932754860303e-02
1.117132689999999911e+03 1.425680265070668196e-02 1.589264107107047144e-02
1.117817990000000009e+03 1.533139413669325907e-02 1.623594292873646594e-02
1.118503169999999955e+03 1.640579745548520138e-02 1.657918467225833609e-02
1.119188349999999900e+03 1.707189074273687476e-02 1.692242641578020276e-02
1.119873540000000048e+03 1.732835630236927507e-02 1.726567316881417666e-02
1.120558590000000095e+03 1.758476946021768003e-02 1.759638572662217820e-02
1.121243770000000040e+03 1.772348174936125981e-02 1.788600049566425876e-02
1.121928830000000062e+03 1.785656603264083181e-02 1.817556454260081319e-02
1.122613890000000083e+03 1.838391496204268630e-02 1.846512858953737110e-02
1.123298950000000104e+03 1.947901244491263492e-02 1.875469263647392554e-02
1.123984009999999898e+03 2.057410992778221925e-02 1.904425668341038630e-02
1.124669069999999920e+03 2.035806762700003228e-02 1.933382073034694074e-02
1.125354000000000042e+03 1.993736134443689634e-02 1.962332982833585315e-02
1.126039060000000063e+03 1.994538405840644291e-02 1.991289387527240759e-02
1.126723999999999933e+03 2.086585675893691191e-02 2.020240720010334223e-02
1.127408940000000030e+03 2.178632945946768623e-02 2.049192052493437402e-02
1.128093869999999924e+03 2.151361841682556189e-02 2.078142962292318929e-02
1.128778690000000097e+03 2.089371684167764393e-02 2.101981414798052145e-02
1.129463619999999992e+03 2.029071875653968432e-02 2.104290867692462652e-02
1.130148439999999937e+03 1.974499276784537002e-02 2.106599949687922371e-02
1.130833249999999907e+03 1.919927474804780654e-02 2.108908997965296128e-02
1.131518070000000080e+03 2.001393445760538126e-02 2.111218079960756541e-02
1.132202880000000050e+03 2.145873692225225282e-02 2.113527128238129951e-02
1.132887699999999995e+03 2.252467772370246937e-02 2.115836210233590017e-02
1.133572390000000041e+03 2.121658413342068089e-02 2.118144853893926330e-02
1.134257080000000087e+03 1.990849054313888894e-02 2.120453497554262642e-02
1.134941769999999906e+03 2.020427349923813176e-02 2.122762141214598608e-02
1.135626459999999952e+03 2.160668514858288605e-02 2.125070784874934920e-02
1.136311159999999973e+03 2.285720222790847342e-02 2.127379462253357889e-02
1.136995850000000019e+03 2.093143825383353418e-02 2.121640239305138190e-02
1.137680419999999913e+03 1.900601179261431767e-02 2.069099019275314616e-02
1.138364990000000034e+03 1.775445983726597204e-02 2.016557799245474042e-02
1.139049559999999929e+03 1.717870805141732959e-02 1.964016579215650468e-02
1.139734130000000050e+03 1.660295626556849286e-02 1.911475359185809547e-02
1.140418699999999944e+03 1.700651951045588015e-02 1.858934139155986320e-02
1.141103149999999914e+03 1.745857655598732905e-02 1.806402129208987961e-02
1.141787720000000036e+03 1.776215843169357683e-02 1.753860909179147040e-02
1.142472170000000006e+03 1.784840696339114879e-02 1.701328899232149028e-02
1.143156619999999975e+03 1.793465549508872076e-02 1.648796889285150669e-02
1.143841059999999970e+03 1.684416728216862891e-02 1.596265646845053052e-02
1.144525509999999940e+03 1.556067888700121173e-02 1.543733636898054692e-02
1.145209839999999986e+03 1.498092661374506029e-02 1.497002971298586754e-02
1.145894289999999955e+03 1.595148160465431272e-02 1.504174819460732913e-02
1.146578610000000026e+03 1.692185225463476231e-02 1.511345305448490335e-02
1.147262940000000071e+03 1.830178781235846860e-02 1.518515896218892818e-02
1.147947269999999889e+03 1.980735954754026668e-02 1.525686486989292871e-02
1.148631470000000036e+03 2.049559101167721178e-02 1.532855715585306790e-02
1.149315800000000081e+03 1.824671733863810277e-02 1.540026306355709272e-02
1.150000000000000000e+03 1.599827087699959988e-02 1.547195534951720589e-02
1.150684199999999919e+03 1.630331797006848160e-02 1.554364763547732078e-02
1.151368410000000040e+03 1.786441616668182561e-02 1.561534096926390884e-02
1.152052609999999959e+03 1.903543194185117540e-02 1.568703325522402200e-02
1.152736820000000080e+03 1.741405121413715229e-02 1.575872658901061180e-02
1.153420900000000074e+03 1.579297854899866863e-02 1.583524129121904878e-02
1.154104980000000069e+03 1.606451488795597807e-02 1.601931277086428296e-02
1.154789060000000063e+03 1.773728135349696838e-02 1.620338425050952061e-02
1.155473140000000058e+03 1.934665289476181563e-02 1.638745573015475479e-02
1.156157230000000027e+03 1.863449193671425780e-02 1.657152990058877520e-02
1.156841310000000021e+03 1.792234138900680729e-02 1.675560138023400938e-02
1.157525270000000091e+03 1.804318648498156458e-02 1.693964057041376717e-02
1.158209229999999934e+03 1.907176298798509903e-02 1.712367976059346597e-02
1.158893190000000004e+03 2.010033949098897349e-02 1.730771895077322375e-02
1.159577150000000074e+03 1.989166156426147580e-02 1.749175814095298154e-02
1.160261109999999917e+03 1.958991376542823515e-02 1.767579733113267687e-02
1.160945069999999987e+03 1.903362034922199270e-02 1.785983652131243465e-02
1.161628909999999905e+03 1.806496572473274484e-02 1.804384342202665706e-02
1.162312740000000076e+03 1.709632526517388534e-02 1.774468012417789592e-02
1.162996579999999994e+03 1.743279867024956006e-02 1.743790886122400727e-02
1.163680419999999913e+03 1.803109129107345610e-02 1.713113759827011515e-02
1.164364260000000058e+03 1.813572511267591905e-02 1.682436633531612241e-02
1.165047970000000078e+03 1.699604840236281986e-02 1.651765339048365602e-02
1.165731809999999996e+03 1.585615499495266964e-02 1.621088212752976390e-02
1.166415529999999990e+03 1.637163352158494192e-02 1.590416469668796268e-02
1.167099240000000009e+03 1.748426242527819849e-02 1.559745175185549455e-02
1.167782840000000078e+03 1.805453331218873428e-02 1.529078815312578249e-02
1.168466550000000097e+03 1.624450111255082083e-02 1.498407520829331437e-02
1.169150270000000091e+03 1.443444243922969300e-02 1.467735777745151314e-02
1.169833859999999959e+03 1.430320520916331280e-02 1.437069866473123653e-02
1.170517460000000028e+03 1.513158056535486400e-02 1.416159325597537121e-02
1.171201049999999896e+03 1.581971128729289106e-02 1.396080400514773667e-02
1.171884639999999990e+03 1.502890918200824877e-02 1.376001475432003449e-02
1.172568119999999908e+03 1.423823432877779037e-02 1.355925781352850315e-02
1.173251710000000003e+03 1.469591076605714780e-02 1.335846856270080270e-02
1.173935179999999946e+03 1.623066159739780523e-02 1.315771455918527538e-02
1.174618649999999889e+03 1.776541242873845919e-02 1.295696055566974807e-02
1.175302120000000059e+03 1.704675807169140841e-02 1.275620655215415483e-02
1.175985599999999977e+03 1.629790339222815174e-02 1.255544961136262523e-02
1.176668949999999995e+03 1.518033817185118935e-02 1.235473085515920687e-02
1.177352419999999938e+03 1.358684402102191581e-02 1.215397685164367955e-02
1.178035769999999957e+03 1.199362964735620381e-02 1.195325809544026119e-02
1.178719119999999975e+03 1.225957010653254409e-02 1.190283211300239251e-02
1.179402469999999994e+03 1.276337157251508994e-02 1.187810970085394907e-02
1.180085690000000113e+03 1.301909153582444904e-02 1.185339199187895529e-02
1.180769039999999904e+03 1.278524963525555849e-02 1.182866957973052052e-02
1.181452269999999999e+03 1.255144879860412878e-02 1.180395150897295582e-02
1.182135500000000093e+03 1.268707225708151469e-02 1.177923343821538939e-02
1.182818729999999960e+03 1.292362349079277141e-02 1.175451536745783163e-02
1.183501950000000079e+03 1.305492235383104611e-02 1.172979765848283784e-02
1.184185179999999946e+03 1.284281269711234560e-02 1.170507958772528008e-02
1.184868289999999888e+03 1.263074029455225900e-02 1.168036585835859932e-02
1.185551390000000083e+03 1.222618199463283185e-02 1.165565249077448427e-02
1.186234500000000025e+03 1.173256769619094447e-02 1.163093876140780351e-02
1.186917599999999993e+03 1.123553434018682504e-02 1.162683260928146917e-02
1.187600709999999935e+03 1.071607887277796316e-02 1.162848047065481207e-02
1.188283809999999903e+03 1.019663100964170697e-02 1.163012830790522735e-02
1.188966799999999921e+03 9.257471260593773746e-03 1.163177587980342848e-02
1.189649779999999964e+03 8.015874233091656309e-03 1.163342342757870025e-02
1.190332760000000007e+03 6.857208692407059693e-03 1.163507097535397376e-02
1.191015750000000025e+03 8.394574039839917956e-03 1.163671854725217489e-02
1.191698730000000069e+03 9.931916877933787136e-03 1.163836609502744666e-02
1.192381589999999960e+03 1.090806379330865571e-02 1.164001335332757493e-02
1.193064579999999978e+03 1.127218520944904198e-02 1.164166092522577606e-02
1.193747440000000097e+03 1.163623731888792368e-02 1.164330818352590606e-02
1.194430299999999988e+03 1.164750111295146870e-02 1.164495544182603606e-02
1.195113160000000107e+03 1.163079163704235953e-02 1.161907255684613456e-02
1.195795900000000074e+03 1.130279993820926948e-02 1.158168522293463384e-02
1.196478759999999966e+03 1.045451684750817525e-02 1.154429131773674830e-02
1.197161499999999933e+03 9.606382826851920381e-03 1.150690398382524758e-02
1.197844239999999900e+03 9.240816024219420527e-03 1.146951664991374686e-02
1.198526980000000094e+03 8.979547217969049977e-03 1.143212931600223227e-02
1.199209720000000061e+03 9.073006900230731753e-03 1.139474198209073155e-02
1.199892329999999902e+03 1.012542118740764052e-02 1.135736176707282698e-02
1.200575070000000096e+03 1.117803590214597707e-02 1.131997443316131412e-02
1.201257689999999911e+03 1.138017951445223150e-02 1.128259367053621037e-02
1.201940309999999954e+03 1.124745877260072656e-02 1.124521290791109449e-02
1.202622920000000022e+03 1.116012981850870653e-02 1.120783269289317603e-02
1.203305540000000065e+03 1.130301374395002202e-02 1.113989661518532438e-02
1.203988039999999955e+03 1.144587255135923361e-02 1.105355446633494651e-02
1.204670650000000023e+03 1.142778390990828973e-02 1.096719840153381580e-02
1.205353149999999914e+03 1.130756127379960868e-02 1.088085625268343792e-02
1.206035640000000058e+03 1.119700857808045812e-02 1.079451536891945854e-02
1.206718139999999948e+03 1.124110592326695891e-02 1.070817322006908240e-02
1.207400509999999940e+03 1.128519486895914609e-02 1.062184751734228209e-02
1.208083010000000058e+03 1.099343559944842424e-02 1.053550536849187647e-02
1.208765380000000050e+03 1.037318689963282609e-02 1.044917966576507616e-02
1.209447750000000042e+03 9.752938199817227927e-03 1.036285396303827586e-02
1.210130130000000008e+03 9.944444425464256040e-03 1.027652699522504931e-02
1.210812500000000000e+03 1.017650964494487900e-02 1.019020129249824901e-02
1.211494750000000067e+03 9.941341946552318537e-03 1.009068319747544878e-02
1.212177120000000059e+03 9.001234098812026588e-03 9.979803573825739293e-03
1.212859380000000101e+03 8.061277799151523107e-03 9.868941824289189854e-03
1.213541629999999941e+03 8.139439249263550821e-03 9.758081699672051246e-03
1.214223880000000008e+03 8.404268112024156773e-03 9.647221575054876208e-03
1.214906009999999924e+03 8.743558222576910260e-03 9.536380949470272053e-03
1.215588259999999991e+03 9.264327450561861410e-03 9.425520824853097016e-03
1.216270389999999907e+03 9.785005081174240338e-03 9.314680199268491126e-03
1.216952510000000075e+03 9.617388363700503026e-03 9.203841198603224943e-03
1.217634639999999990e+03 9.204071846630648701e-03 9.093000573018619054e-03
1.218316769999999906e+03 8.859661776083741988e-03 8.982159947434014899e-03
1.218998900000000049e+03 8.823482814402426253e-03 8.871319321849372580e-03
1.219680910000000040e+03 8.787310217307638463e-03 8.784617942916267408e-03
1.220363039999999955e+03 8.726942173503660777e-03 8.727690118334744535e-03
1.221045039999999972e+03 8.652279039943120559e-03 8.670773143030028468e-03
1.221727049999999963e+03 8.520728418523500561e-03 8.613855333165561234e-03
1.222408940000000030e+03 7.676646929652341730e-03 8.556947538018149640e-03
1.223090940000000046e+03 6.832429276643662945e-03 8.500030562713435309e-03
1.223772830000000113e+03 6.830086878385007929e-03 8.443122767566023715e-03
1.224454709999999977e+03 7.607916286344674692e-03 8.386215806978384105e-03
1.225136600000000044e+03 8.385757101434975630e-03 8.329308011830972511e-03
1.225818479999999909e+03 7.765879477076816258e-03 8.272401051243332901e-03
1.226500369999999975e+03 7.093828263013969918e-03 8.215493256095921307e-03
1.227182129999999916e+03 7.293673242647796470e-03 8.158596310225337336e-03
1.227864010000000007e+03 8.753699874637949074e-03 8.109085077802967445e-03
1.228545779999999922e+03 1.021349097701911186e-02 8.073175300499694715e-03
1.229227540000000090e+03 9.134381432475722346e-03 8.037266049910361809e-03
1.229909180000000106e+03 7.620516286915865987e-03 8.001363119888497619e-03
1.230590940000000046e+03 6.617993438831389595e-03 7.965453869299176856e-03
1.231272580000000062e+03 6.819956789947466229e-03 7.929550939277312666e-03
1.231954349999999977e+03 7.021958658808429704e-03 7.893641161974038201e-03
1.232635989999999993e+03 5.996611014989574467e-03 7.857738231952174010e-03
1.233317630000000008e+03 4.546392925421110197e-03 7.821835301930308085e-03
1.233999150000000100e+03 3.657130742167085356e-03 7.785938692475897864e-03
1.234680789999999888e+03 5.208675667525771921e-03 7.750035762454044949e-03
1.235362300000000005e+03 6.759924687656205036e-03 7.714139679713588431e-03
1.236043820000000096e+03 7.965332472732676236e-03 7.707309329314995273e-03
1.236725339999999960e+03 8.968342655131833138e-03 7.786570448162865796e-03
1.237406860000000052e+03 9.913457942990396357e-03 7.865831567010761471e-03
1.238088379999999916e+03 1.014319035234353614e-02 7.945092685858632861e-03
1.238769780000000083e+03 1.037288231110233654e-02 8.024339848646170822e-03
1.239451170000000047e+03 1.020139051589553231e-02 8.103585848428653676e-03
1.240132569999999987e+03 9.657002853976255630e-03 8.182833011216165617e-03
1.240813959999999952e+03 9.112623181309406975e-03 8.262079010998648471e-03
1.241495359999999891e+03 8.714054817407543285e-03 8.341326173786160411e-03
1.242176760000000058e+03 8.321244282171222362e-03 8.420573336573698373e-03
1.242858030000000099e+03 8.180394417322163492e-03 8.499805380295823512e-03
1.243539309999999887e+03 8.408862562600930707e-03 8.579038587022948248e-03
1.244220579999999927e+03 8.637327354366612642e-03 8.635468617141109360e-03
1.244901859999999942e+03 8.093661147617652735e-03 8.560505464866417433e-03
1.245583129999999983e+03 7.412239933220873996e-03 8.485543412919814565e-03
1.246264280000000099e+03 6.936880035284435399e-03 8.410594564910309906e-03
1.246945429999999988e+03 6.961885747010193408e-03 8.335645716900831267e-03
1.247626590000000078e+03 6.986891825846166040e-03 8.260695768563239283e-03
1.248307739999999967e+03 8.290993907380892619e-03 8.185746920553760644e-03
1.248988890000000083e+03 1.005851001781268503e-02 8.110798072544255985e-03
1.249670039999999972e+03 1.119936833066500007e-02 8.035849224534779081e-03
1.250351069999999936e+03 9.424286387129353348e-03 7.960913580462400385e-03
1.251032099999999900e+03 7.649204443593706632e-03 7.885977936390019954e-03
1.251713130000000092e+03 7.275984873772091237e-03 7.811042292317616972e-03
1.252394170000000031e+03 7.764607765877188685e-03 7.737984141594196272e-03
1.253075199999999995e+03 8.179746587413105896e-03 7.711689886131561228e-03
1.253756100000000060e+03 7.483865268401630050e-03 7.685400649909204795e-03
1.254437130000000025e+03 6.787851089100242936e-03 7.659106394446569752e-03
1.255118040000000065e+03 7.113026416796808596e-03 7.632816772128807672e-03
1.255798950000000104e+03 8.443303175145950787e-03 7.606527149811046461e-03
1.256479739999999993e+03 9.773345492509934868e-03 7.580242160638167755e-03
1.257160640000000058e+03 9.338060602805514296e-03 7.553952924415812190e-03
1.257841429999999946e+03 8.801811495565196181e-03 7.527667935242932616e-03
1.258522220000000061e+03 8.330815027184473517e-03 7.501382946070045236e-03
1.259202999999999975e+03 7.962893071363295883e-03 7.475098342992572177e-03
1.259883790000000090e+03 7.594965711124197251e-03 7.448813353819684797e-03
1.260564579999999978e+03 7.428844774221915297e-03 7.422528364646806091e-03
1.261245239999999967e+03 7.304338952010996575e-03 7.704292092479273976e-03
1.261926030000000083e+03 7.102039794676664845e-03 8.011234485157118362e-03
1.262606690000000071e+03 6.690362044689851691e-03 8.318118265765034325e-03
1.263287350000000060e+03 6.278684294703038536e-03 8.625002046372952022e-03
1.263968020000000024e+03 7.739025041744337224e-03 8.931890335601615563e-03
1.264648560000000089e+03 9.956249623863792572e-03 9.238720012760453029e-03
1.265329220000000078e+03 1.178896090614759383e-02 9.545603793368370726e-03
1.266009769999999889e+03 1.149340623526392408e-02 9.852437979147853422e-03
1.266690309999999954e+03 1.119785590725973917e-02 1.015926765630669089e-02
1.267370850000000019e+03 1.110912049684961538e-02 1.046609733346553009e-02
1.268051269999999931e+03 1.116179062220554359e-02 1.077287290717518498e-02
1.268731809999999996e+03 1.119601867699292208e-02 1.107970258433402418e-02
1.269412229999999909e+03 1.071851092901533048e-02 1.114970633471763437e-02
1.270092650000000049e+03 1.024100318103758102e-02 1.116265481959092566e-02
1.270773069999999962e+03 1.018349482950376902e-02 1.117560330446421175e-02
1.271453490000000102e+03 1.058941584908764180e-02 1.118855178933750479e-02
1.272133910000000014e+03 1.099533686867137754e-02 1.120150027421079088e-02
1.272814210000000003e+03 1.125587941979451848e-02 1.121444647546780693e-02
1.273494509999999991e+03 1.150306966617996481e-02 1.122739267672482125e-02
1.274174800000000005e+03 1.190634368220665554e-02 1.124033868768048103e-02
1.274855099999999993e+03 1.259198890842336792e-02 1.125328488893749534e-02
1.275535399999999981e+03 1.327763413464008203e-02 1.126623109019451140e-02
1.276215580000000045e+03 1.261088640199126143e-02 1.127917500783525394e-02
1.276895870000000059e+03 1.159729456425217034e-02 1.129212101879091372e-02
1.277576049999999896e+03 1.092525262944683655e-02 1.133921233794749767e-02
1.278256229999999960e+03 1.135947485714610891e-02 1.140220413317859574e-02
1.278936279999999897e+03 1.179361409374059082e-02 1.146518388904748179e-02
1.279616459999999961e+03 1.204364928071036470e-02 1.152817568427857813e-02
1.280296509999999898e+03 1.220518240321910065e-02 1.159115544014746590e-02
1.280976560000000063e+03 1.232523904086591654e-02 1.165413519601637450e-02
1.281656739999999900e+03 1.212680961776716783e-02 1.171712699124745002e-02
1.282336669999999913e+03 1.192845312735643995e-02 1.178009563385892973e-02
1.283016720000000078e+03 1.214774822186630472e-02 1.184307538972783833e-02
1.283696779999999990e+03 1.270266424416611160e-02 1.190605607170150751e-02
1.284376710000000003e+03 1.325747418893916812e-02 1.196902471431298721e-02
1.285056640000000016e+03 1.245793389458805037e-02 1.203199335692446692e-02
1.285736570000000029e+03 1.165007772550545086e-02 1.198543237164999622e-02
1.286416500000000042e+03 1.104909173736146749e-02 1.185063581104738549e-02
1.287096309999999903e+03 1.071921972917523787e-02 1.171586304052212382e-02
1.287776249999999891e+03 1.038928463959699032e-02 1.158106449741307456e-02
1.288456050000000005e+03 1.125523800879902649e-02 1.144629370939420632e-02
1.289135860000000093e+03 1.229734403955745278e-02 1.131152093886889955e-02
1.289815669999999955e+03 1.244070443344036901e-02 1.117674816834363788e-02
1.290495359999999891e+03 1.058660514096296940e-02 1.104199918789568191e-02
1.291175169999999980e+03 8.732178505262366830e-03 1.090722641737037688e-02
1.291854859999999917e+03 9.117717899752009886e-03 1.077247743692242091e-02
1.292534550000000081e+03 1.025481909695374547e-02 1.063772845647441984e-02
1.293214230000000043e+03 1.095946727855511699e-02 1.050298145853290240e-02
1.293893919999999980e+03 9.785744643650829550e-03 1.042779927528227936e-02
1.294573489999999993e+03 8.612229230739065766e-03 1.043466773669428881e-02
1.295253169999999955e+03 8.625764187398113694e-03 1.044153730988397512e-02
1.295932739999999967e+03 9.350976401034688523e-03 1.044840577129598456e-02
1.296612300000000005e+03 1.003119210259226582e-02 1.045527413163729706e-02
1.297291870000000017e+03 1.004687144653858798e-02 1.046214259304930651e-02
1.297971309999999903e+03 1.006254779106657837e-02 1.046900974054224345e-02
1.298650879999999916e+03 9.585893257948997076e-03 1.047587820195425290e-02
1.299330320000000029e+03 8.619028186322805207e-03 1.048274534944719331e-02
1.300009769999999889e+03 7.652148884373889334e-03 1.048961259801082721e-02
1.300689210000000003e+03 8.728031901129851972e-03 1.049647974550376589e-02
1.301368649999999889e+03 9.937216886263337476e-03 1.050334689299670284e-02
1.302047970000000078e+03 1.059835793519296396e-02 1.045267730644047592e-02
1.302727290000000039e+03 1.035070556408770708e-02 1.025587370048376516e-02
1.303406739999999900e+03 1.010300580028354774e-02 1.005903243264641769e-02
1.304085939999999937e+03 9.383570110187214319e-03 9.862263591502606896e-03
1.304765259999999898e+03 8.555908735266718260e-03 9.665459985545896138e-03
1.305444580000000087e+03 8.123907647770980608e-03 9.468656379589119459e-03
1.306123779999999897e+03 8.875630192655099143e-03 9.271887538445376317e-03
1.306802979999999934e+03 9.627352737539469213e-03 9.075118697301565521e-03
1.307482299999999896e+03 1.012601989253697835e-02 8.878315091344854762e-03
1.308161380000000008e+03 1.050937660522334970e-02 8.681581015013945662e-03
1.308840580000000045e+03 1.067739880881041388e-02 8.484812173870136601e-03
1.309519780000000083e+03 9.326459849576456546e-03 8.288043332726327539e-03
1.310198849999999993e+03 7.975779462287247226e-03 8.108848296063210503e-03
1.310877930000000106e+03 7.470794049174239553e-03 8.037795501380074967e-03
1.311557009999999991e+03 7.628502776844373230e-03 7.966742706696965451e-03
1.312236079999999902e+03 7.786209182126462881e-03 7.895690958323486885e-03
1.312915040000000090e+03 7.213249076288206357e-03 7.824650719355962653e-03
1.313594119999999975e+03 6.638339359431653756e-03 7.753597924672851402e-03
1.314273069999999962e+03 6.415362118685892685e-03 7.682558732014982406e-03
1.314952029999999922e+03 6.652191923329940290e-03 7.611518493047482459e-03
1.315630979999999909e+03 6.889018239847971570e-03 7.540479300389613462e-03
1.316309809999999970e+03 7.735939191911126583e-03 7.469452663447355770e-03
1.316988769999999931e+03 8.674512043576250789e-03 7.398412424479854956e-03
1.317667599999999993e+03 8.845494385294975365e-03 7.327385787537597263e-03
1.318346440000000030e+03 7.272031033833074344e-03 7.256358104285706885e-03
1.319025270000000091e+03 5.698590861078194764e-03 7.187601538987704354e-03
1.319704099999999926e+03 5.447963897724374116e-03 7.118864168845303979e-03
1.320382810000000063e+03 5.659527454050058103e-03 7.050138949733937392e-03
1.321061519999999973e+03 5.987673858121394035e-03 6.981413730622593357e-03
1.321740360000000010e+03 6.860177535104520011e-03 6.912675347894251671e-03
1.322419069999999920e+03 7.732514124882828264e-03 6.843950128782907635e-03
1.323097659999999905e+03 7.313540494665721897e-03 6.775237060702619940e-03
1.323776370000000043e+03 6.076340626391295990e-03 6.706511841591253353e-03
1.324454960000000028e+03 4.932118730587422249e-03 6.637798773510965658e-03
1.325133669999999938e+03 5.655668734700665737e-03 6.569073554399622490e-03
1.325812259999999924e+03 6.379090810832238612e-03 6.500360486319334795e-03
1.326490720000000010e+03 6.475546642990053121e-03 6.431660581856023066e-03
1.327169309999999996e+03 5.899241367263217614e-03 6.399468749329991456e-03
1.327847899999999981e+03 5.322936091536381240e-03 6.374299841572337796e-03
1.328526370000000043e+03 5.606165360246315177e-03 6.349135384615505785e-03
1.329204829999999902e+03 5.966753610171193073e-03 6.323971298558750051e-03
1.329883299999999963e+03 6.052343581460935783e-03 6.298806841601917172e-03
1.330561770000000024e+03 5.630704701398047546e-03 6.273642384645085161e-03
1.331240109999999959e+03 5.209146610543911003e-03 6.248482749389150208e-03
1.331918580000000020e+03 5.677678260420244635e-03 6.223318292432317329e-03
1.332596919999999955e+03 6.388073221482361286e-03 6.198158657176382376e-03
1.333275270000000091e+03 6.871965467140137181e-03 6.172998651020370278e-03
1.333953610000000026e+03 6.556514571025832787e-03 6.147839015764435325e-03
1.334631840000000011e+03 6.241114828608135962e-03 6.122683460409253549e-03
1.335310179999999946e+03 5.786035283168965843e-03 6.170212181686374718e-03
1.335988399999999956e+03 5.257456652404572835e-03 6.251768274108260824e-03
1.336666629999999941e+03 4.782653055943296427e-03 6.333325569032170234e-03
1.337344849999999951e+03 4.858925204113834391e-03 6.414881661454056340e-03
1.338022950000000037e+03 4.935183857168075339e-03 6.496423323851637649e-03
1.338701170000000047e+03 4.933531242432359458e-03 6.577979416273523755e-03
1.339379269999999906e+03 4.860677262174687221e-03 6.659521078671077308e-03
1.340057369999999992e+03 4.787823281916989832e-03 6.741062741068658618e-03
1.340735470000000078e+03 5.331279728170325652e-03 6.822604403466239059e-03
1.341413569999999936e+03 5.902932645972386316e-03 6.904146065863792613e-03
1.342091550000000097e+03 6.411414215642628582e-03 6.985673298237068257e-03
1.342769649999999956e+03 6.821164081490353748e-03 7.067214960634621811e-03
1.343447629999999890e+03 7.230841435932873137e-03 7.062152979247923561e-03
1.344125610000000052e+03 6.409588960509820035e-03 6.976617284041417184e-03
1.344803589999999986e+03 5.323619071655155688e-03 6.891081588834939431e-03
1.345481449999999995e+03 4.250096401972162236e-03 6.805561033136143037e-03
1.346159419999999955e+03 3.212005831034042344e-03 6.720026599555303445e-03
1.346837279999999964e+03 2.174083689322512097e-03 6.634506043856507052e-03
1.347515139999999974e+03 2.376705495259243128e-03 6.548985488157711525e-03
1.348192990000000009e+03 3.139276093913772030e-03 6.463466194084553293e-03
1.348870850000000019e+03 3.905361974243292365e-03 6.377945638385757766e-03
1.349548579999999902e+03 4.696533420037416438e-03 6.292441483820310384e-03
1.350226319999999987e+03 5.487716539676017538e-03 6.206936067629197085e-03
1.350904170000000022e+03 5.950405018480135581e-03 6.121416773556038853e-03
1.351581789999999955e+03 6.148973027089203562e-03 6.039476288180751183e-03
1.352259520000000066e+03 6.347573269813234706e-03 5.964100707670495945e-03
1.352937259999999924e+03 5.463865647440154481e-03 5.888724014983139424e-03
1.353614870000000110e+03 4.565907711276772848e-03 5.813361780598414429e-03
1.354292480000000069e+03 4.087722604466322712e-03 5.737999546213713720e-03
1.354970090000000027e+03 4.191550953045436456e-03 5.662637311829013878e-03
1.355647709999999961e+03 4.295380833897514961e-03 5.587273965267187600e-03
1.356325319999999920e+03 4.675777994187751974e-03 5.511911730882487759e-03
1.357002809999999954e+03 5.104444973138847798e-03 5.436562842623317293e-03
1.357680299999999988e+03 5.436483241769955385e-03 5.361213954364146828e-03
1.358357790000000023e+03 5.523568599646331255e-03 5.285865066104977229e-03
1.359035280000000057e+03 5.610653957522707992e-03 5.210516177845806764e-03
1.359712770000000091e+03 5.003516764984275098e-03 5.132581379572652598e-03
1.360390139999999974e+03 4.119760114942450611e-03 5.042706334049542466e-03
1.361067630000000008e+03 3.358741696200991979e-03 4.952815366644039950e-03
1.361744999999999891e+03 3.314793045444606318e-03 4.862940321120929818e-03
1.362422360000000026e+03 3.270845043501272118e-03 4.773066602421317112e-03
1.363099609999999984e+03 3.233245303086202012e-03 4.683207478780569873e-03
1.363776980000000094e+03 3.200271992156683825e-03 4.593332433257429383e-03
1.364454220000000078e+03 3.170035733157772206e-03 4.503474636440209927e-03
1.365131470000000036e+03 3.446442720308624027e-03 4.413615512799462688e-03
1.365808719999999994e+03 3.722849707459475414e-03 4.323756389158715449e-03
1.366485959999999977e+03 3.909479978063846485e-03 4.233898592341495994e-03
1.367163209999999935e+03 3.981845731317538127e-03 4.144039468700748755e-03
1.367840329999999994e+03 4.054197593765891325e-03 4.054197593765891325e-03
