9.306945799999999736e+02 8.397832610766696806e-03 8.397832610766696806e-03
9.313851899999999659e+02 5.415082246509325854e-03 1.034342171988396689e-02
9.320757399999999961e+02 2.432591022753457545e-03 1.228884179677396798e-02
9.327663000000000011e+02 2.329611405695024111e-03 1.423429004570179665e-02
9.334568500000000313e+02 3.023376377307344584e-03 1.617971012259179775e-02
9.341473999999999478e+02 1.887609420159350833e-03 1.812513019948147966e-02
9.348378900000000158e+02 -4.538555733469482739e-03 2.007038124414421351e-02
9.355283799999999701e+02 -1.096472088709725921e-02 2.201563228880662818e-02
9.362188700000000381e+02 -9.176765770212562054e-03 2.396088333346936203e-02
9.369093000000000302e+02 -4.357237348416358180e-03 2.590596534590450944e-02
9.375997300000000223e+02 2.490039437188008766e-03 2.785104735833965339e-02
9.382901600000000144e+02 1.726103662201129013e-02 2.979612937077479734e-02
9.389805300000000443e+02 3.203075017224377152e-02 3.152640448577388038e-02
9.396708999999999605e+02 2.855992862884699016e-02 2.956331797394371949e-02
9.403612699999999904e+02 1.638457160838054788e-02 2.760023146211323594e-02
9.410515699999999697e+02 7.118697117102297696e-03 2.563734399725166313e-02
9.417418800000000374e+02 1.435082604089624181e-02 2.367442809710858936e-02
9.424321899999999914e+02 2.158295496468899330e-02 2.171151219696583479e-02
9.431224999999999454e+02 1.973525028883682531e-02 1.974859629682308368e-02
9.438127399999999625e+02 1.238730809325799820e-02 1.778587944364892065e-02
9.445029899999999543e+02 5.512595379048650449e-03 1.582313415519357586e-02
9.451931799999999839e+02 3.125867599880460899e-03 1.386055947842563738e-02
9.458833600000000388e+02 7.391744014476212335e-04 1.189801323693888066e-02
9.465735499999999547e+02 3.051663964084429075e-03 9.935438560171268307e-03
9.472637300000000096e+02 8.941912362412473073e-03 8.139809779115502603e-03
9.479538599999999633e+02 1.439928715890075386e-02 7.753603054716957065e-03
9.486439800000000560e+02 9.496111714288203026e-03 7.367401926462891631e-03
9.493341100000000097e+02 4.592865221519151775e-03 6.981195202064346093e-03
9.500241700000000264e+02 2.285899993366609546e-03 6.595027650677673034e-03
9.507142300000000432e+02 2.450101589306942756e-03 6.208860099290999975e-03
9.514043000000000347e+02 2.614305564773629267e-03 5.822686951759782625e-03
9.520943600000000515e+02 1.073454259952508726e-02 5.436519400373109566e-03
9.527843599999999924e+02 1.898128823738427784e-02 5.050385425853828880e-03
9.534743700000000217e+02 1.971532973183318799e-02 4.664245855189939720e-03
9.541643100000000004e+02 1.149054763292538077e-02 4.278145457537987223e-03
9.548542499999999791e+02 3.265765534017573551e-03 3.892045059886034726e-03
9.555441899999999578e+02 3.908496752282160196e-03 3.605030466636522345e-03
9.562341300000000501e+02 5.242032633796927035e-03 3.866855845107212281e-03
9.569240099999999529e+02 6.495449437491112275e-03 4.128658454173666885e-03
9.576138899999999694e+02 7.628452974451752772e-03 4.390461063240164857e-03
9.583037699999999859e+02 8.761456511412392401e-03 4.652263672306663697e-03
9.589935900000000402e+02 6.571079132138984286e-03 4.914043511969013074e-03
9.596834099999999808e+02 3.886149670504115972e-03 5.175823351631319083e-03
9.603731699999999591e+02 3.381642835178307396e-03 5.437580421889476497e-03
9.610629900000000134e+02 7.081893596557614634e-03 5.699360261551825874e-03
9.617527499999999918e+02 1.078182251304120494e-02 5.961117331809984154e-03
9.624424999999999955e+02 9.830623411162656144e-03 6.222870607167457074e-03
9.631322000000000116e+02 7.805602797505235488e-03 6.484604908021465892e-03
9.638219000000000278e+02 6.647766774486306082e-03 6.832023669599549855e-03
9.645116000000000440e+02 7.684038050983690166e-03 7.530901840866206960e-03
9.652012300000000096e+02 8.720204152782788654e-03 8.229709080608977809e-03
9.658908699999999499e+02 1.075852851826584501e-02 8.928526453426557583e-03
9.665805100000000039e+02 1.312419885847040946e-02 9.627343826244251848e-03
9.672701399999999694e+02 1.444625117484476910e-02 1.032615106598702356e-02
9.679597199999999475e+02 1.215875075973996827e-02 1.102490764035563876e-02
9.686492899999999509e+02 9.871283517006893687e-03 1.172365408164944764e-02
9.693388700000000426e+02 1.305939032801294551e-02 1.242241065601817906e-02
9.700283799999999701e+02 1.865402813193005674e-02 1.312109629886290887e-02
9.707178999999999860e+02 2.264956275435496547e-02 1.381979207478256297e-02
9.714073499999999513e+02 1.853732478379865878e-02 1.451841691917832994e-02
9.720968599999999924e+02 1.442472894207178988e-02 1.507716054873036761e-02
9.727863200000000461e+02 1.439798825072783478e-02 1.518063482773321718e-02
9.734757100000000491e+02 1.672296058470638946e-02 1.528409860112365029e-02
9.741651600000000144e+02 1.893711181562120552e-02 1.538757137932471493e-02
9.748545500000000175e+02 2.019844898968532407e-02 1.549103515271514978e-02
9.755438799999999446e+02 2.145967638520530907e-02 1.559448992129493748e-02
9.762332800000000361e+02 2.089496235510944835e-02 1.569795519548715726e-02
9.769226099999999633e+02 1.897454704865661479e-02 1.580140996406694670e-02
9.776119400000000041e+02 1.729876761619406414e-02 1.590486473264675002e-02
9.783012099999999691e+02 2.101634013139652354e-02 1.600831049641590967e-02
9.789904800000000478e+02 2.473391264659959704e-02 1.611175626018508666e-02
9.796797500000000127e+02 2.211850696515138548e-02 1.621520202395424631e-02
9.803690199999999777e+02 1.348195539585683722e-02 1.641166710352277153e-02
9.810582299999999805e+02 4.846155626428570035e-03 1.685933277760995677e-02
9.817474399999999832e+02 9.192312841906379040e-03 1.730699845169714202e-02
9.824365800000000490e+02 1.378037910124050094e-02 1.775461865836923045e-02
9.831257299999999759e+02 1.658047938112254191e-02 1.820224536038624746e-02
9.838148800000000165e+02 1.719988936552504719e-02 1.864987206240334081e-02
9.845040299999999434e+02 1.781929934992745532e-02 1.909749876442035782e-02
9.851931200000000217e+02 2.018294409350481627e-02 1.954508649436735579e-02
9.858822000000000116e+02 2.269964866745244683e-02 1.999266772896927946e-02
9.865712899999999763e+02 2.404932140267080493e-02 2.044025545891620457e-02
9.872603100000000040e+02 2.355715735593856899e-02 2.088779772144803634e-02
9.879493400000000065e+02 2.306498616624901021e-02 2.133534647932486955e-02
9.886383700000000090e+02 2.085450544828255925e-02 2.159464734709612768e-02
9.893273299999999608e+02 1.835596726422554503e-02 2.141729048263422627e-02
9.900163000000000011e+02 1.694984243359868789e-02 2.123993104390290224e-02
9.907052599999999529e+02 1.781774849903901628e-02 2.106257417944100083e-02
9.913941700000000310e+02 1.868559157779918489e-02 2.088523018632605643e-02
9.920830700000000206e+02 2.118316033937928111e-02 2.070788876748053467e-02
9.927719700000000103e+02 2.410764505129935065e-02 2.053054734863501291e-02
9.934608799999999746e+02 2.505315542232486661e-02 2.035320335552009974e-02
9.941497200000000021e+02 2.038056449782890689e-02 2.017587738229095762e-02
9.948385600000000295e+02 1.570797357333295063e-02 1.999855140906181203e-02
9.955273399999999810e+02 1.604074908422315968e-02 1.982124088144908078e-02
9.962161300000000210e+02 1.824230370723379374e-02 1.964392777956692690e-02
9.969049099999999726e+02 1.971347258177550896e-02 1.934067576781618031e-02
9.975936900000000378e+02 1.818227237781763067e-02 1.877964529397269447e-02
9.982824100000000271e+02 1.665120555754155685e-02 1.821866369179864567e-02
9.989711300000000165e+02 1.656290224740609301e-02 1.765768208962459687e-02
9.996597900000000436e+02 1.720739601442037442e-02 1.709674935911989144e-02
1.000348449999999957e+03 1.755684038940572012e-02 1.653581662861527621e-02
1.001037109999999984e+03 1.593668584875750083e-02 1.597488389811056730e-02
1.001725770000000011e+03 1.431653130810927807e-02 1.541395116760586187e-02
1.002414369999999963e+03 1.426350733570666898e-02 1.485306730877058827e-02
1.003102970000000028e+03 1.526683714077682434e-02 1.429218344993522273e-02
1.003791560000000004e+03 1.608619203027854272e-02 1.373130773637815799e-02
1.004480099999999993e+03 1.422272727385029412e-02 1.317047274921222776e-02
1.005168639999999982e+03 1.235926251742204378e-02 1.270168502672692872e-02
1.005857179999999971e+03 1.293662331597809391e-02 1.240300044363153165e-02
1.006545650000000023e+03 1.567122362017735887e-02 1.210434622612244389e-02
1.007234130000000050e+03 1.840586364433969419e-02 1.180568767067246422e-02
1.007922609999999963e+03 1.617254634634920918e-02 1.150702911522253138e-02
1.008611020000000053e+03 1.392620341092309227e-02 1.120840092535886102e-02
1.009299440000000004e+03 1.345585322123817561e-02 1.090976839755434386e-02
1.009987849999999980e+03 1.503963146416276153e-02 1.061114020769072207e-02
1.010676270000000045e+03 1.662343271340998782e-02 1.031250767988615633e-02
1.011364619999999945e+03 1.346420247518270719e-02 1.001390551766799877e-02
1.012052919999999972e+03 9.947976063357094612e-03 9.715325045154314665e-03
1.012741269999999986e+03 8.459499703724381384e-03 9.416722882936108541e-03
1.013429570000000012e+03 1.006652615401425199e-02 9.241826093238597259e-03
1.014117859999999951e+03 1.167352925654203608e-02 9.277540012538094613e-03
1.014806090000000040e+03 9.570852688329571645e-03 9.313250818563897568e-03
1.015494320000000016e+03 6.873464476802235851e-03 9.348961624589693584e-03
1.016182559999999967e+03 6.280230077449125599e-03 9.384672949494438088e-03
1.016870790000000056e+03 1.000927514372105913e-02 9.420383755520241043e-03
1.017558959999999956e+03 1.373799511125465764e-02 9.456091448272328781e-03
1.018247129999999970e+03 1.098163232492813980e-02 9.491799141024421724e-03
1.018935240000000022e+03 6.531843053168995966e-03 9.527503720502813328e-03
1.019623349999999959e+03 4.087354908756713617e-03 9.563208299981197993e-03
1.020311460000000011e+03 7.406642746353199469e-03 9.598912879459589598e-03
1.020999569999999949e+03 1.072593058394913715e-02 9.634617458937974263e-03
1.021687620000000038e+03 8.091672651399785948e-03 9.588852345290339863e-03
1.022375670000000014e+03 3.181191654810504310e-03 9.412774456955005573e-03
1.023063719999999989e+03 -4.008164983395500923e-04 9.236696568619671283e-03
1.023751710000000003e+03 1.739349400336375438e-03 9.060634034798243849e-03
1.024439699999999903e+03 3.879515299011947627e-03 8.884571500976844172e-03
1.025127690000000030e+03 6.173550523121083648e-03 8.708508967155387248e-03
1.025815550000000030e+03 8.548791988569427736e-03 8.532479701447447801e-03
1.026503539999999930e+03 1.027795003312195581e-02 8.356417167626049858e-03
1.027191409999999905e+03 7.158155940231652331e-03 8.180385342832463894e-03
1.027879269999999906e+03 4.038407201755483782e-03 8.004356077124524446e-03
1.028567140000000109e+03 3.984804492173854400e-03 7.828324252330881236e-03
1.029255000000000109e+03 6.131064641787652841e-03 7.652294986622941789e-03
1.029942870000000084e+03 8.201291358036974510e-03 7.684069619489925472e-03
1.030630619999999908e+03 8.717678197830792952e-03 8.033710887408252246e-03
1.031318479999999909e+03 9.234147629485709927e-03 8.383408077594167382e-03
1.032006229999999960e+03 9.799559180495893626e-03 8.733049345512611250e-03
1.032693970000000036e+03 1.041190796647759736e-02 9.082685529588567508e-03
1.033381710000000112e+03 1.102425675245929937e-02 9.432321713664523766e-03
1.034069340000000011e+03 1.009489962016088364e-02 9.781901975472892530e-03
1.034757080000000087e+03 9.125512034867876501e-03 1.013153815954884879e-02
1.035444700000000012e+03 8.875080770455593890e-03 1.048111333751473168e-02
1.036132319999999936e+03 9.545111250652608265e-03 1.083068851548061283e-02
1.036820069999999987e+03 1.021526840541189633e-02 1.118032978339905670e-02
1.037507569999999987e+03 1.112617554627351631e-02 1.152984395525498071e-02
1.038195189999999911e+03 1.206337965787421945e-02 1.165482702123626056e-02
1.038882810000000063e+03 1.201143778535191699e-02 1.144522482929045959e-02
1.039570310000000063e+03 1.024283210284600808e-02 1.123565921606992091e-02
1.040257810000000063e+03 8.474226420340100902e-03 1.102609360284938222e-02
1.040945310000000063e+03 9.048080952776510477e-03 1.081652798962884354e-02
1.041632810000000063e+03 1.010569502300058195e-02 1.060696237640830486e-02
1.042320310000000063e+03 1.090942555405299483e-02 1.039739676318776618e-02
1.043007689999999911e+03 1.109777276468226596e-02 1.018786772869249152e-02
1.043695189999999911e+03 1.128615285620028150e-02 9.978302115471952838e-03
1.044382569999999987e+03 1.078720130324096853e-02 9.768773080976607057e-03
1.045069950000000063e+03 1.006534654678740634e-02 9.559244046481263010e-03
1.045757319999999936e+03 9.430876017671637954e-03 9.349718060213080967e-03
1.046444700000000012e+03 9.110340023568898327e-03 9.142855511153897066e-03
1.047131959999999935e+03 8.789859987334209743e-03 8.939963155234272041e-03
1.047819340000000011e+03 8.716695625808529996e-03 8.737035373009112080e-03
1.048506589999999960e+03 8.759748918458024405e-03 8.534145969281604557e-03
1.049193850000000111e+03 9.182975726038709527e-03 8.331253613361911878e-03
1.049881100000000060e+03 1.189141374047823427e-02 8.128364209634404355e-03
1.050568359999999984e+03 1.459989116471052326e-02 7.925471853714779330e-03
1.051255490000000009e+03 1.524173624609006031e-02 7.722617876292736487e-03
1.051942749999999933e+03 1.453393927380387633e-02 7.519725520373111462e-03
1.052629879999999957e+03 1.369411778798302649e-02 7.316871542951070354e-03
1.053317019999999957e+03 1.101304434818513311e-02 7.114014613336910875e-03
1.054004149999999981e+03 8.332009926250164705e-03 6.911160635914869767e-03
1.054691280000000006e+03 5.841656499485917663e-03 6.951135356968020894e-03
1.055378300000000081e+03 3.521662135891603148e-03 7.352315748521564935e-03
1.056065430000000106e+03 1.201296313853752150e-03 7.753560373784536795e-03
1.056752439999999979e+03 4.630297097288293105e-03 8.154734925909831733e-03
1.057439450000000079e+03 8.112908336928325789e-03 8.555909478035257643e-03
1.058126459999999952e+03 1.044368464140705763e-02 8.957084030160551713e-03
1.058813480000000027e+03 1.137911426661552400e-02 9.358264421714095754e-03
1.059500489999999900e+03 1.231453027606834935e-02 9.759438973839389825e-03
1.060187380000000076e+03 1.249534306558720831e-02 1.016054345282727152e-02
1.060874270000000024e+03 1.260483783820444750e-02 1.056164793181502137e-02
1.061561159999999973e+03 1.245547213104384807e-02 1.096275241080276949e-02
1.062248049999999921e+03 1.187398352266130601e-02 1.136385688979051935e-02
1.062934940000000097e+03 1.129249491427857313e-02 1.152281618668496953e-02
1.063621830000000045e+03 9.568074414326973101e-03 1.131204535722810101e-02
1.064308590000000095e+03 7.619769624094729216e-03 1.110131441801247634e-02
1.064995480000000043e+03 6.550308864042253890e-03 1.089054358855560782e-02
1.065682250000000067e+03 7.563982482630729996e-03 1.067980958085989335e-02
1.066369020000000091e+03 8.577656101219206103e-03 1.046907557316417887e-02
1.067055659999999989e+03 8.569008099414177765e-03 1.025838145570977765e-02
1.067742430000000013e+03 8.233100138067545384e-03 1.004764744801406318e-02
1.068429080000000113e+03 8.188760624005309019e-03 9.836950262079502752e-03
1.069115839999999935e+03 9.190528456136539889e-03 9.626219322863947478e-03
1.069802490000000034e+03 1.019213583270650418e-02 9.415522136929387054e-03
1.070489139999999907e+03 9.740438466159599337e-03 9.204824950994896018e-03
1.071175780000000032e+03 8.599814565114027518e-03 8.987989416851022498e-03
1.071862300000000005e+03 7.745425211756442468e-03 8.761400189372022321e-03
1.072548950000000104e+03 8.667653657140696882e-03 8.534768054767808212e-03
1.073235470000000078e+03 9.589707501639468945e-03 8.308178827288806301e-03
1.073922000000000025e+03 9.821553936990721351e-03 8.081586299261723019e-03
1.074608519999999999e+03 9.590725424169112626e-03 7.854997071782721108e-03
1.075295039999999972e+03 9.453584059176900478e-03 7.628407844303720931e-03
1.075981569999999920e+03 1.081957995082510893e-02 7.401815316276637649e-03
1.076667969999999968e+03 1.218531718011948463e-02 7.175265695374691971e-03
1.077354370000000017e+03 1.134656110457493705e-02 6.948716074472746293e-03
1.078040770000000066e+03 8.458404970188130451e-03 6.722166453570800615e-03
1.078727169999999887e+03 5.570248835802281417e-03 6.495616832668929530e-03
1.079413569999999936e+03 7.318607142157070380e-03 6.410503098369805912e-03
1.080099979999999960e+03 9.173289140284014709e-03 6.565572279981966852e-03
1.080786250000000109e+03 9.526057314044268989e-03 6.720609833725353296e-03
1.081472659999999905e+03 7.944281025480590813e-03 6.875679015337463063e-03
1.082158940000000030e+03 6.362804311394255549e-03 7.030718828214328753e-03
1.082845209999999952e+03 7.804606662848346046e-03 7.185756381957663155e-03
1.083531369999999924e+03 9.595886058856214693e-03 7.340769085232662534e-03
1.084217650000000049e+03 1.011995648508981147e-02 7.495808898109529092e-03
1.084903929999999946e+03 8.341380159608995093e-03 7.650848710986343608e-03
1.085590089999999918e+03 6.563114828414656418e-03 7.805861414261342987e-03
1.086276249999999891e+03 6.910279345758185178e-03 7.960874117536343234e-03
1.086962399999999889e+03 7.743364715344360980e-03 8.115884561677862499e-03
1.087648560000000089e+03 8.376230532656738295e-03 8.136410515310464608e-03
1.088334589999999935e+03 8.475603660458557592e-03 7.909123557384637251e-03
1.089020749999999907e+03 8.574995619079183937e-03 7.681793529469802331e-03
1.089706789999999955e+03 7.525291012089039763e-03 7.454503258467833418e-03
1.090392820000000029e+03 6.053438040985453274e-03 7.227216300541930601e-03
1.091078860000000077e+03 4.852905275207769140e-03 6.999926029539961687e-03
1.091764889999999923e+03 4.812881812637348662e-03 6.772639071614133463e-03
1.092450810000000047e+03 4.772864767542653493e-03 6.545388557525032291e-03
1.093136839999999893e+03 4.790049081049106879e-03 6.318101599599204067e-03
1.093822750000000042e+03 4.838367228067423122e-03 6.090854398586168124e-03
1.094508669999999938e+03 4.918418588750893446e-03 5.863603884497141545e-03
1.095194580000000087e+03 5.266899651944277443e-03 5.636356683484104735e-03
1.095880490000000009e+03 5.615380715137546948e-03 5.487508583744804547e-03
1.096566409999999905e+03 6.250718550455905409e-03 5.498995479800987581e-03
1.097252199999999903e+03 7.108145210811766222e-03 5.510480198786249506e-03
1.097937989999999900e+03 7.935092209977704855e-03 5.521964917771511432e-03
1.098623779999999897e+03 7.329152353068650941e-03 5.533449636756773357e-03
1.099309569999999894e+03 6.723212496159596159e-03 5.544934355742036150e-03
1.099995359999999891e+03 6.813378710598688541e-03 5.556419074727298076e-03
1.100681149999999889e+03 7.661783942102456078e-03 5.567903793712560001e-03
1.101366819999999962e+03 8.510040719082657967e-03 5.579386503093895083e-03
1.102052490000000034e+03 7.210500848054563969e-03 5.590869212475229298e-03
1.102738160000000107e+03 5.763438610919425359e-03 5.602351921856564380e-03
1.103423829999999953e+03 5.180439980413678418e-03 5.613834631237895126e-03
1.104109500000000025e+03 5.932480126651812694e-03 5.671885188290981539e-03
1.104795170000000098e+03 6.684520272889947837e-03 5.838198436161704148e-03
1.105480710000000045e+03 6.172411494665222889e-03 6.004480151776028785e-03
1.106166259999999966e+03 5.437052649049223599e-03 6.170764292948529607e-03
1.106851809999999887e+03 5.086065586211564390e-03 6.337048434121030430e-03
1.107537350000000060e+03 5.604245795854553153e-03 6.503330149735409710e-03
1.108222899999999981e+03 6.122433564213249080e-03 6.669614290907911400e-03
1.108908449999999903e+03 7.554972539436084419e-03 6.835898432080411355e-03
1.109593869999999924e+03 9.270640587183276091e-03 7.002151040996569716e-03
1.110279299999999921e+03 1.029188425276262447e-02 7.168406075470904262e-03
1.110964719999999943e+03 8.845163677799581722e-03 7.334658684387061756e-03
1.111650149999999940e+03 7.398421995769757092e-03 7.500913718861396302e-03
1.112335569999999962e+03 7.914714775375829292e-03 7.760643675382905213e-03
1.113020999999999958e+03 9.372435333109004063e-03 8.274618952041434480e-03
1.113706300000000056e+03 1.063286505186236339e-02 8.788496747139608670e-03
1.114391599999999926e+03 1.059770467200569187e-02 9.302374542237611121e-03
1.115076900000000023e+03 1.056254429214900994e-02 9.816252337335785311e-03
1.115762210000000096e+03 1.089264563394811043e-02 1.033013763101551206e-02
1.116447509999999966e+03 1.147849037192867454e-02 1.084401542611351452e-02
1.117132689999999911e+03 1.203886986355639718e-02 1.135780323823271792e-02
1.117817990000000009e+03 1.204354129979209528e-02 1.187168103333089211e-02
1.118503169999999955e+03 1.204821191803224709e-02 1.238546884545009205e-02
1.119188349999999900e+03 1.244695482928207669e-02 1.289925665756929372e-02
1.119873540000000048e+03 1.324105698364732263e-02 1.341305196827021970e-02
1.120558590000000095e+03 1.403499688476647460e-02 1.378301170908650605e-02
1.121243770000000040e+03 1.550173400302611547e-02 1.367839465188545010e-02
1.121928830000000062e+03 1.700022556171234406e-02 1.357379591694548616e-02
1.122613890000000083e+03 1.763370964101826713e-02 1.346919718200552396e-02
1.123298950000000104e+03 1.702156657625372368e-02 1.336459844706556176e-02
1.123984009999999898e+03 1.640942351148938147e-02 1.325999971212563251e-02
1.124669069999999920e+03 1.657777945709524095e-02 1.315540097718567031e-02
1.125354000000000042e+03 1.686796081537446368e-02 1.305082209136188866e-02
1.126039060000000063e+03 1.712351349120831354e-02 1.294622335642192645e-02
1.126723999999999933e+03 1.730521871779372098e-02 1.284164294374309269e-02
1.127408940000000030e+03 1.748692394437919087e-02 1.273706253106422250e-02
1.128093869999999924e+03 1.509417523258722339e-02 1.263248364524047727e-02
1.128778690000000097e+03 1.195259849779361366e-02 1.258830832601470426e-02
1.129463619999999992e+03 9.982677539050554757e-03 1.279869657203238503e-02
1.130148439999999937e+03 1.195463168686514664e-02 1.300905102962343629e-02
1.130833249999999907e+03 1.392655703946139162e-02 1.321940241553934414e-02
1.131518070000000080e+03 1.485124209914319079e-02 1.342975687313046479e-02
1.132202880000000050e+03 1.529080014198784358e-02 1.364010825904637438e-02
1.132887699999999995e+03 1.560329052678829063e-02 1.385046271663742563e-02
1.133572390000000041e+03 1.511955838138784314e-02 1.406077724245156230e-02
1.134257080000000087e+03 1.463582623598739738e-02 1.427109176826570069e-02
1.134941769999999906e+03 1.525245762720697611e-02 1.448140629407976797e-02
1.135626459999999952e+03 1.662830821479973492e-02 1.469172081989390637e-02
1.136311159999999973e+03 1.778961637111034499e-02 1.490203841738318644e-02
1.136995850000000019e+03 1.446480197193856371e-02 1.508107334104696017e-02
1.137680419999999913e+03 1.114057028571483962e-02 1.507816789359161386e-02
1.138364990000000034e+03 1.015663271957171869e-02 1.507526244613626755e-02
1.139049559999999929e+03 1.151967689743177772e-02 1.507235699868092124e-02
1.139734130000000050e+03 1.288272107529229299e-02 1.506945155122557493e-02
1.140418699999999944e+03 1.394184858124684900e-02 1.506654610377022863e-02
1.141103149999999914e+03 1.498571910614353991e-02 1.506364116561808610e-02
1.141787720000000036e+03 1.543483266630767646e-02 1.506073571816273979e-02
1.142472170000000006e+03 1.501369056467430525e-02 1.505783078001059726e-02
1.143156619999999975e+03 1.459254846304093405e-02 1.505492584185845646e-02
1.143841059999999970e+03 1.483954387013784564e-02 1.505202094614824758e-02
1.144525509999999940e+03 1.519611621834632449e-02 1.504911600799610678e-02
1.145209839999999986e+03 1.496878667640584928e-02 1.507480816230177302e-02
1.145894289999999955e+03 1.345474278617694863e-02 1.536666958574324851e-02
1.146578610000000026e+03 1.194098646363827773e-02 1.565847557491630709e-02
1.147262940000000071e+03 1.234872510704600364e-02 1.595028582826385488e-02
1.147947269999999889e+03 1.334591957451295406e-02 1.624209608161130206e-02
1.148631470000000036e+03 1.423480901228356063e-02 1.653385090069043120e-02
1.149315800000000081e+03 1.473520158909653530e-02 1.682566115403797552e-02
1.150000000000000000e+03 1.523549910791840989e-02 1.711741597311700752e-02
1.150684199999999919e+03 1.655666556640813733e-02 1.740917079219603952e-02
1.151368410000000040e+03 1.828163135421564944e-02 1.770092987544965440e-02
1.152052609999999959e+03 1.972303490610138876e-02 1.799268469452868641e-02
1.152736820000000080e+03 1.913463475327046442e-02 1.828444377778229782e-02
1.153420900000000074e+03 1.854634639655467973e-02 1.855208858525695531e-02
1.154104980000000069e+03 1.826074084168452863e-02 1.828453241547784575e-02
1.154789060000000063e+03 1.819923242458926227e-02 1.801697624569873965e-02
1.155473140000000058e+03 1.813613043123540186e-02 1.774942007591963009e-02
1.156157230000000027e+03 1.801466990074235622e-02 1.748185999495806969e-02
1.156841310000000021e+03 1.789321114575443891e-02 1.721430382517896013e-02
1.157525270000000091e+03 1.800273576009972509e-02 1.694679458958935070e-02
1.158209229999999934e+03 1.836398193666337331e-02 1.667928535399983148e-02
1.158893190000000004e+03 1.872522811322714295e-02 1.641177611841022205e-02
1.159577150000000074e+03 1.742631765100236332e-02 1.614426688282061262e-02
1.160261109999999917e+03 1.600252538408631492e-02 1.587675764723109340e-02
1.160945069999999987e+03 1.518008853843952517e-02 1.560924841164148570e-02
1.161628909999999905e+03 1.533221599059217746e-02 1.534178611024146488e-02
1.162312740000000076e+03 1.548434121813895177e-02 1.510439508008514300e-02
1.162996579999999994e+03 1.493644367391996734e-02 1.486747374743781561e-02
1.163680419999999913e+03 1.424811546588689547e-02 1.463055241479048821e-02
1.164364260000000058e+03 1.412174027020443416e-02 1.439363108214308275e-02
1.165047970000000078e+03 1.541181857377990627e-02 1.415675478893951324e-02
1.165731809999999996e+03 1.670214217167509396e-02 1.391983345629218757e-02
1.166415529999999990e+03 1.711838737846776981e-02 1.368295369851602744e-02
1.167099240000000009e+03 1.721935554744025154e-02 1.344607740531245967e-02
1.167782840000000078e+03 1.688770102130810954e-02 1.320923922240746853e-02
1.168466550000000097e+03 1.465666808995092635e-02 1.297236292920390076e-02
1.169150270000000091e+03 1.242560252731841203e-02 1.273548317142774236e-02
1.169833859999999959e+03 1.240962144902026804e-02 1.249864845309541991e-02
1.170517460000000028e+03 1.365979973713105783e-02 1.252698824775822645e-02
1.171201049999999896e+03 1.474086388474256208e-02 1.257792389365261672e-02
1.171884639999999990e+03 1.403859408549350089e-02 1.262885953954702434e-02
1.172568119999999908e+03 1.333643729210766231e-02 1.267978698912338061e-02
1.173251710000000003e+03 1.274321813968637938e-02 1.273072263501778822e-02
1.173935179999999946e+03 1.224418917814817931e-02 1.278164933947432275e-02
1.174618649999999889e+03 1.174516021660998097e-02 1.283257604393085727e-02
1.175302120000000059e+03 1.229136039045196881e-02 1.288350274838741087e-02
1.175985599999999977e+03 1.285157192582865246e-02 1.293443019796376540e-02
1.176668949999999995e+03 1.317852073716174917e-02 1.298534796098244591e-02
1.177352419999999938e+03 1.320481091293137024e-02 1.303627466543898043e-02
1.178035769999999957e+03 1.323109647281281616e-02 1.308719242845766094e-02
1.178719119999999975e+03 1.161290022547650964e-02 1.284553081167445418e-02
1.179402469999999994e+03 9.784308323389194137e-03 1.255383129575907836e-02
1.180085690000000113e+03 8.741018471750169883e-03 1.226218727254442531e-02
1.180769039999999904e+03 9.247304500162267099e-03 1.197048775662914490e-02
1.181452269999999999e+03 9.753501621977076971e-03 1.167883946474521442e-02
1.182135500000000093e+03 1.011644701411944756e-02 1.138719117286128221e-02
1.182818729999999960e+03 1.044025562353004775e-02 1.109554288097744715e-02
1.183501950000000079e+03 1.063233290486794921e-02 1.080389885776279410e-02
1.184185179999999946e+03 1.039461009830999760e-02 1.051225056587895904e-02
1.184868289999999888e+03 1.015692904450992903e-02 1.022065349802656932e-02
1.185551390000000083e+03 9.898384083132276759e-03 9.929060698843361621e-03
1.186234500000000025e+03 9.630181578061719830e-03 9.637463630990971905e-03
1.186917599999999993e+03 9.324464167736223538e-03 9.440203080468379665e-03
1.187600709999999935e+03 8.773293119781654797e-03 9.269279673638766356e-03
1.188283809999999903e+03 8.222130140381879101e-03 9.098358768945068176e-03
1.188966799999999921e+03 8.298724879497600126e-03 8.927465387746476300e-03
1.189649779999999964e+03 8.827536563753434970e-03 8.756574508683799551e-03
1.190332760000000007e+03 9.341417007405551295e-03 8.585683629621121069e-03
1.191015750000000025e+03 9.369900206507289150e-03 8.414790248422529192e-03
1.191698730000000069e+03 9.398382988572187915e-03 8.243899369359852444e-03
1.192381589999999960e+03 9.168757215823112455e-03 8.073038515928252640e-03
1.193064579999999978e+03 8.657385734734797389e-03 7.902145134729660764e-03
1.193747440000000097e+03 8.146111587857071332e-03 7.731284281298003713e-03
1.194430299999999988e+03 7.665485861647753675e-03 7.560423427866403909e-03
1.195113160000000107e+03 7.187290308174231618e-03 7.660069407925600669e-03
1.195795900000000074e+03 7.225375977027667998e-03 7.872783464848870719e-03
1.196478759999999966e+03 8.126160272094786266e-03 8.085534908898739381e-03
1.197161499999999933e+03 9.026786271002604223e-03 8.298248965822008563e-03
1.197844239999999900e+03 9.649250689253853486e-03 8.510963022745277745e-03
1.198526980000000094e+03 1.021159561648017980e-02 8.723677079668616316e-03
1.199209720000000061e+03 1.060443996604588067e-02 8.936391136591885498e-03
1.199892329999999902e+03 1.053898193724600411e-02 9.149064690794607435e-03
1.200575070000000096e+03 1.047351144225933291e-02 9.361778747717947741e-03
1.201257689999999911e+03 1.045714833045805793e-02 9.574455417514546318e-03
1.201940309999999954e+03 1.046012042704670512e-02 9.787132087311214285e-03
1.202622920000000022e+03 1.032679353131386348e-02 9.999805641514007346e-03
1.203305540000000065e+03 9.502165804782875674e-03 9.903973599585580781e-03
1.203988039999999955e+03 8.677683042254273268e-03 9.622196724319553515e-03
1.204670650000000023e+03 8.384387168058102247e-03 9.340374434465496811e-03
1.205353149999999914e+03 8.428264728729572761e-03 9.058597559199469545e-03
1.206035640000000058e+03 8.456440614532850786e-03 8.776824812532243655e-03
1.206718139999999948e+03 8.233464064342639957e-03 8.495047937266216390e-03
1.207400509999999940e+03 8.010529985876240627e-03 8.213324733785911519e-03
1.208083010000000058e+03 8.413948933080821896e-03 7.931547858519790578e-03
1.208765380000000050e+03 9.430049882318478072e-03 7.649824655039486575e-03
1.209447750000000042e+03 1.044615083155613251e-02 7.368101451559182571e-03
1.210130130000000008e+03 8.958698546965213755e-03 7.086374119479984385e-03
1.210812500000000000e+03 7.346171076074577491e-03 6.804650915999679514e-03
1.211494750000000067e+03 6.006228773630456312e-03 6.711874950643001436e-03
1.212177120000000059e+03 5.076899046330163832e-03 6.781327466350670942e-03
1.212859380000000101e+03 4.147719129645749229e-03 6.850768786113729802e-03
1.213541629999999941e+03 5.406180096078926078e-03 6.920209088063620714e-03
1.214223880000000008e+03 7.065738329751566557e-03 6.989649390013534178e-03
1.214906009999999924e+03 7.667615231328242173e-03 7.059077478205669914e-03
1.215588259999999991e+03 5.694955955135460983e-03 7.128517780155583378e-03
1.216270389999999907e+03 3.722643647229148187e-03 7.197945868347719114e-03
1.216952510000000075e+03 4.287652325091670900e-03 7.267372938726732873e-03
1.217634639999999990e+03 5.758405086467797626e-03 7.336801026918867742e-03
1.218316769999999906e+03 7.018690075182427296e-03 7.406229115111003479e-03
1.218998900000000049e+03 7.337514312088937868e-03 7.475657203303161767e-03
1.219680910000000040e+03 7.656282461580326409e-03 7.452617537300014298e-03
1.220363039999999955e+03 7.724152161428921200e-03 7.315387693909112914e-03
1.221045039999999972e+03 7.643582259509636330e-03 7.178184003714269124e-03
1.221727049999999963e+03 7.557884517945827677e-03 7.040978301735116747e-03
1.222408940000000030e+03 7.407985779221679112e-03 6.903796741167714246e-03
1.223090940000000046e+03 7.258062859381439295e-03 6.766593050972870456e-03
1.223772830000000113e+03 6.684268925487608579e-03 6.629411490405467088e-03
1.224454709999999977e+03 5.717593175650311985e-03 6.492231941622418276e-03
1.225136600000000044e+03 4.750903249187077987e-03 6.355050381055015775e-03
1.225818479999999909e+03 5.034398609096393806e-03 6.217870832271966963e-03
1.226500369999999975e+03 5.364556366151851385e-03 6.080689271704563595e-03
1.227182129999999916e+03 5.675363690663428468e-03 5.943533864333264659e-03
1.227864010000000007e+03 5.958345529621672347e-03 5.861774851100663188e-03
1.228545779999999922e+03 6.241281718315449221e-03 5.881892868175455681e-03
1.229227540000000090e+03 6.227704949536810863e-03 5.902010590165152927e-03
1.229909180000000106e+03 6.163334462594387622e-03 5.922124771133607454e-03
1.230590940000000046e+03 5.948016147339677331e-03 5.942242493123297761e-03
1.231272580000000062e+03 5.377436350600480267e-03 5.962356674091752289e-03
1.231954349999999977e+03 4.806747734875427107e-03 5.982474691166544782e-03
1.232635989999999993e+03 5.303411249567546379e-03 6.002588872135000177e-03
1.233317630000000008e+03 6.169532989047387533e-03 6.022703053103454704e-03
1.233999150000000100e+03 6.812870728378050099e-03 6.042813693050675186e-03
1.234680789999999888e+03 6.487113825527476320e-03 6.062927874019122775e-03
1.235362300000000005e+03 6.161419049895469277e-03 6.083038218881241070e-03
1.236043820000000096e+03 6.101006939696107349e-03 6.110481354425116064e-03
1.236725339999999960e+03 6.195839501516483584e-03 6.159642638078340927e-03
1.237406860000000052e+03 6.238693893906340458e-03 6.208803921731581403e-03
1.238088379999999916e+03 5.639275893168880886e-03 6.257965205384806266e-03
1.238769780000000083e+03 5.039963436157075469e-03 6.307117832866498096e-03
1.239451170000000047e+03 4.956957661103258625e-03 6.356269739000545115e-03
1.240132569999999987e+03 5.353844642314079492e-03 6.405422366482220464e-03
1.240813959999999952e+03 5.750725798943446924e-03 6.454574272616267483e-03
1.241495359999999891e+03 5.987007544160103181e-03 6.503726900097941965e-03
1.242176760000000058e+03 6.216947622366793096e-03 6.552879527579633795e-03
1.242858030000000099e+03 6.415025546928904490e-03 6.602022777542131300e-03
1.243539309999999887e+03 6.566453750059406819e-03 6.651166748852239789e-03
1.244220579999999927e+03 6.717879730488533763e-03 6.674608234948768183e-03
1.244901859999999942e+03 6.908107926087230476e-03 6.549946573261257107e-03
1.245583129999999983e+03 7.105255962649797974e-03 6.425286741389113834e-03
1.246264280000000099e+03 7.372447106211494315e-03 6.300648867301424094e-03
1.246945429999999988e+03 7.809902977401026077e-03 6.176010993213776855e-03
1.247626590000000078e+03 8.247365270903998444e-03 6.051371289310720179e-03
1.248307739999999967e+03 8.093861187390534451e-03 5.926733415223072940e-03
1.248988890000000083e+03 7.726253507002308826e-03 5.802095541135384067e-03
1.249670039999999972e+03 7.372424778005359607e-03 5.677457667047736828e-03
1.250351069999999936e+03 7.082769657766453328e-03 5.552841750744543989e-03
1.251032099999999900e+03 6.793114537527546182e-03 5.428225834441351150e-03
1.251713130000000092e+03 6.092422506515876232e-03 5.303609918138115810e-03
1.252394170000000031e+03 5.139019691839176104e-03 5.192143405966776447e-03
1.253075199999999995e+03 4.318870178838432605e-03 5.408045127373084515e-03
1.253756100000000060e+03 5.513401491039156624e-03 5.623905635875759389e-03
1.254437130000000025e+03 6.708160867669996953e-03 5.839807357282066590e-03
1.255118040000000065e+03 7.274674207416209279e-03 6.055671036008092659e-03
1.255798950000000104e+03 7.222972015867076129e-03 6.271534714734117860e-03
1.256479739999999993e+03 7.171278936040481784e-03 6.487360350779789071e-03
1.257160640000000058e+03 7.455677934412320053e-03 6.703220859282463945e-03
1.257841429999999946e+03 7.759264599791624445e-03 6.919046495328136023e-03
1.258522220000000061e+03 7.856469892513566131e-03 7.134872131373879225e-03
1.259202999999999975e+03 7.627691054870191535e-03 7.350694597196200109e-03
1.259883790000000090e+03 7.398908856686816152e-03 7.566520233241943311e-03
1.260564579999999978e+03 7.762180320885284091e-03 7.782345869287615389e-03
1.261245239999999967e+03 8.247378534530412642e-03 7.898262346258511091e-03
1.261926030000000083e+03 9.010711202872908818e-03 8.006055471089564696e-03
1.262606690000000071e+03 1.052260675453073682e-02 8.113828012324731526e-03
1.263287350000000060e+03 1.203450230618856309e-02 8.221600553559900090e-03
1.263968020000000024e+03 1.195449057088681169e-02 8.329374678148593336e-03
1.264648560000000089e+03 1.123061916909219408e-02 8.437128219141437971e-03
1.265329220000000078e+03 1.055960535550144741e-02 8.544900760376604801e-03
1.266009769999999889e+03 1.018163247521398050e-02 8.652655884722937688e-03
1.266690309999999954e+03 9.803665148858931727e-03 8.760409425715782322e-03
1.267370850000000019e+03 9.543198842711772892e-03 8.868162966708626957e-03
1.268051269999999931e+03 9.363108531820658886e-03 8.975897507459111233e-03
1.268731809999999996e+03 9.173124045261962095e-03 9.083651048451955867e-03
1.269412229999999909e+03 8.709648978694714203e-03 9.171410427702045287e-03
1.270092650000000049e+03 8.246173912127311920e-03 9.254356361977978881e-03
1.270773069999999962e+03 8.359824669817555662e-03 9.337302296253884720e-03
1.271453490000000102e+03 9.110278861170004530e-03 9.420248230529818315e-03
1.272133910000000014e+03 9.860733052522201864e-03 9.503194164805724153e-03
1.272814210000000003e+03 1.073774443419249838e-02 9.586125470599065820e-03
1.273494509999999991e+03 1.162639736630104691e-02 9.669056776392405753e-03
1.274174800000000005e+03 1.215115133062153428e-02 9.751986863145534895e-03
1.274855099999999993e+03 1.201763601639413426e-02 9.834918168938876562e-03
1.275535399999999981e+03 1.188412070216673423e-02 9.917849474732218229e-03
1.276215580000000045e+03 1.118285944587153052e-02 1.000076615204299399e-02
1.276895870000000059e+03 1.033590291645362057e-02 1.008369623879612313e-02
1.277576049999999896e+03 1.009431035700027700e-02 1.005301122648774061e-02
1.278256229999999960e+03 1.181396092015099715e-02 9.969428457172184455e-03
1.278936279999999897e+03 1.353328281357689920e-02 9.885861662686850834e-03
1.279616459999999961e+03 1.313168940811537157e-02 9.802278893371294682e-03
1.280296509999999898e+03 1.171146319315692283e-02 9.718712098885961062e-03
1.280976560000000063e+03 1.043474212099304924e-02 9.635145304400599686e-03
1.281656739999999900e+03 1.025979132830889991e-02 9.551562535085071290e-03
1.282336669999999913e+03 1.008490483874766031e-02 9.468010486596843342e-03
1.283016720000000078e+03 9.770305393607863279e-03 9.384443692111481966e-03
1.283696779999999990e+03 9.343464580573695999e-03 9.300875668793059242e-03
1.284376710000000003e+03 8.916705362260069628e-03 9.217323620304833029e-03
1.285056640000000016e+03 9.060330045535539001e-03 9.133771571816605081e-03
1.285736570000000029e+03 9.207456955146150687e-03 9.199143347016151828e-03
1.286416500000000042e+03 1.016017286387746639e-02 9.384486124736038382e-03
1.287096309999999903e+03 1.216807327643289020e-02 9.569796191539574337e-03
1.287776249999999891e+03 1.417635765958875568e-02 9.755141695169146365e-03
1.288456050000000005e+03 1.373263918303101183e-02 9.940449036063059296e-03
1.289135860000000093e+03 1.292780417044219615e-02 1.012575910286665770e-02
1.289815669999999955e+03 1.169267504444629867e-02 1.031106916967019366e-02
1.290495359999999891e+03 9.501448584973152395e-03 1.049634652555743973e-02
1.291175169999999980e+03 7.309835262113064530e-03 1.068165659236103814e-02
1.291854859999999917e+03 8.053049624897891737e-03 1.086693394824828421e-02
1.292534550000000081e+03 9.780982481412146823e-03 1.105221130413559447e-02
1.293214230000000043e+03 1.120458310582045543e-02 1.123748593411315506e-02
1.293893919999999980e+03 1.130638177528860144e-02 1.119451777921640079e-02
1.294573489999999993e+03 1.140816247209225538e-02 1.083720991346831010e-02
1.295253169999999955e+03 1.125193340835030364e-02 1.047984421134543279e-02
1.295932739999999967e+03 1.094105835873264779e-02 1.012253634559734036e-02
1.296612300000000005e+03 1.058056606243650347e-02 9.765233737701491806e-03
1.297291870000000017e+03 9.487037784790203557e-03 9.407925871953401117e-03
1.297971309999999903e+03 8.393718696302093774e-03 9.050686358284702748e-03
1.298650879999999916e+03 8.219013040136106951e-03 8.693378492536612059e-03
1.299330320000000029e+03 8.959370896828862396e-03 8.336138978867792260e-03
1.300009769999999889e+03 9.699739650110544148e-03 7.978894207346851758e-03
1.300689210000000003e+03 8.719232604890797544e-03 7.621654693678033693e-03
1.301368649999999889e+03 7.626428463400916798e-03 7.264415180009334456e-03
1.302047970000000078e+03 6.842462609376979976e-03 7.048054131412988775e-03
1.302727290000000039e+03 6.570507065812906944e-03 7.189348939677772145e-03
1.303406739999999900e+03 6.298499478704354740e-03 7.330670787224572924e-03
1.304085939999999937e+03 6.787496338893023520e-03 7.471940636152104784e-03
1.304765259999999898e+03 7.450907614269348597e-03 7.613235444416888154e-03
1.305444580000000087e+03 7.940726599370747860e-03 7.754530252681718361e-03
1.306123779999999897e+03 7.911144749051298580e-03 7.895800101609203384e-03
1.306802979999999934e+03 7.881562898731838893e-03 8.037069950536735244e-03
1.307482299999999896e+03 8.052347779426290500e-03 8.178364758801518614e-03
1.308161380000000008e+03 8.314189041343778702e-03 8.319609648391800699e-03
1.308840580000000045e+03 8.554261549997657296e-03 8.460879497319332559e-03
1.309519780000000083e+03 8.640500138038922917e-03 8.602149346246864420e-03
1.310198849999999993e+03 8.726722219872213443e-03 8.736311987001341844e-03
1.310877930000000106e+03 8.580750059518501074e-03 8.826813408042104639e-03
1.311557009999999991e+03 8.252831699872554411e-03 8.917314829082837943e-03
1.312236079999999902e+03 7.924918169088579489e-03 9.007814917417249212e-03
1.312915040000000090e+03 7.542818935148722960e-03 9.098300345982137174e-03
1.313594119999999975e+03 7.160514957504310850e-03 9.188801767022870479e-03
1.314273069999999962e+03 7.249227594914768938e-03 9.279285862881405181e-03
1.314952029999999922e+03 7.953435725724464916e-03 9.369771291446261918e-03
1.315630979999999909e+03 8.657633484669410157e-03 9.460255387304798355e-03
1.316309809999999970e+03 9.532615022417222084e-03 9.550723490687458225e-03
1.316988769999999931e+03 1.043339174286453050e-02 9.641208919252314963e-03
1.317667599999999993e+03 1.077170679298080150e-02 9.731677022634974833e-03
1.318346440000000030e+03 9.831853017521067703e-03 9.822146458723955004e-03
1.319025270000000091e+03 8.892013087058286622e-03 9.481214153835010663e-03
1.319704099999999926e+03 7.779219425443482938e-03 9.136634035461983425e-03
1.320382810000000063e+03 6.606198291007074966e-03 8.792114830151286434e-03
1.321061519999999973e+03 5.671548432079369893e-03 8.447595624840703935e-03
1.321740360000000010e+03 5.849611863619036747e-03 8.103010430379035262e-03
1.322419069999999920e+03 6.027641195450197074e-03 7.758491225068451895e-03
1.323097659999999905e+03 5.846312271145757099e-03 7.414032932820313268e-03
1.323776370000000043e+03 5.437260762168969613e-03 7.069513727509615410e-03
1.324454960000000028e+03 5.073479416890497480e-03 6.725055435261476783e-03
1.325133669999999938e+03 5.619822456303824598e-03 6.380536229950894284e-03
1.325812259999999924e+03 6.166068898989995536e-03 6.036077937702754789e-03
1.326490720000000010e+03 5.794960050572930434e-03 5.691685634605587844e-03
1.327169309999999996e+03 4.439286976421619527e-03 5.489815476366621816e-03
1.327847899999999981e+03 3.083613902270307752e-03 5.315364591402849809e-03
1.328526370000000043e+03 3.892916823879076678e-03 5.140944555856520257e-03
1.329204829999999902e+03 4.897069895125200079e-03 4.966527091095030919e-03
1.329883299999999963e+03 5.687643896622495907e-03 4.792107055548701366e-03
1.330561770000000024e+03 6.084255869861131261e-03 4.617687020002371814e-03
1.331240109999999959e+03 6.480791849236263412e-03 4.443300404658324931e-03
1.331918580000000020e+03 6.316406388159923578e-03 4.268880369111995379e-03
1.332596919999999955e+03 5.999570337646149831e-03 4.094493753767949364e-03
1.333275270000000091e+03 5.526819338316669473e-03 3.920104567639062267e-03
1.333953610000000026e+03 4.503887919656366506e-03 3.745717952295016251e-03
1.334631840000000011e+03 3.481122380136320114e-03 3.571359615583630590e-03
1.335310179999999946e+03 4.154223008056641582e-03 3.574867195790944023e-03
1.335988399999999956e+03 5.720956262278168933e-03 3.661671781559173739e-03
1.336666629999999941e+03 7.007411973965459347e-03 3.748477647215722481e-03
1.337344849999999951e+03 5.421836788227414085e-03 3.835282232983952631e-03
1.338022950000000037e+03 3.836542144234184135e-03 3.922071460092328883e-03
1.338701170000000047e+03 3.871127090909507167e-03 4.008876045860559033e-03
1.339379269999999906e+03 5.386083698521311816e-03 4.095665272968907096e-03
1.340057369999999992e+03 6.901040306133625173e-03 4.182454500077283782e-03
1.340735470000000078e+03 5.919669820543481051e-03 4.269243727185660468e-03
1.341413569999999936e+03 4.824091278700717855e-03 4.356032954294007664e-03
1.342091550000000097e+03 4.229852130173276763e-03 4.442806822742531754e-03
1.342769649999999956e+03 4.420729106442596902e-03 4.529596049850878950e-03
1.343447629999999890e+03 4.611572304158403739e-03 4.609582158094268668e-03
1.344125610000000052e+03 4.195238244635420867e-03 4.683259902414467317e-03
1.344803589999999986e+03 3.648327779267841915e-03 4.756937646734640812e-03
1.345481449999999995e+03 3.462934212053762548e-03 4.830602350361411571e-03
1.346159419999999955e+03 4.327598480388256293e-03 4.904279007957136789e-03
1.346837279999999964e+03 5.192122457751949596e-03 4.977943711583908415e-03
1.347515139999999974e+03 5.353274185274467523e-03 5.051608415210679173e-03
1.348192990000000009e+03 5.196938173185872666e-03 5.125272032113002522e-03
1.348870850000000019e+03 5.064844595453935928e-03 5.198936735739773281e-03
1.349548579999999902e+03 5.107362397747454603e-03 5.272587311948669607e-03
1.350226319999999987e+03 5.149880827397045752e-03 5.346238974882038496e-03
1.350904170000000022e+03 5.319977292632038432e-03 5.419902591784361845e-03
1.351581789999999955e+03 5.592486395508577957e-03 5.433227173284988464e-03
1.352259520000000066e+03 5.865039735570213957e-03 5.334784469868956644e-03
1.352937259999999924e+03 4.996081986681275185e-03 5.236340313917240211e-03
1.353614870000000110e+03 4.112082305039865306e-03 5.137915040929847896e-03
1.354292480000000069e+03 3.671046961876812433e-03 5.039489767942489408e-03
1.354970090000000027e+03 3.844180014628194048e-03 4.941064494955130920e-03
1.355647709999999961e+03 4.017315622434139422e-03 4.842637769432054859e-03
1.356325319999999920e+03 4.447506683344228801e-03 4.744212496444695504e-03
1.357002809999999954e+03 4.922548753223721790e-03 4.645804653885977388e-03
1.357680299999999988e+03 5.184011562141737327e-03 4.547396811327259272e-03
1.358357790000000023e+03 4.904052867284016196e-03 4.448988968768541157e-03
1.359035280000000057e+03 4.624094172426295932e-03 4.350581126209823041e-03
1.359712770000000091e+03 4.182549943214403966e-03 4.280990710314029092e-03
1.360390139999999974e+03 3.676673626820188296e-03 4.344628779599155749e-03
1.361067630000000008e+03 3.322716605500855916e-03 4.408278122735092772e-03
1.361744999999999891e+03 3.855601150226783871e-03 4.471916192020219429e-03
1.362422360000000026e+03 4.388477827988847627e-03 4.535553321817802769e-03
1.363099609999999984e+03 4.009973706851948511e-03 4.599180117252139877e-03
1.363776980000000094e+03 2.965572696363155160e-03 4.662818186537287350e-03
1.364454220000000078e+03 1.934936497317495726e-03 4.726444042484060325e-03
1.365131470000000036e+03 2.427481606747702424e-03 4.790070837918396565e-03
1.365808719999999994e+03 2.920026716177909123e-03 4.853697633352733673e-03
1.366485959999999977e+03 3.529240832801618360e-03 4.917323489299505780e-03
1.367163209999999935e+03 4.286975574449415280e-03 4.980950284733842021e-03
1.367840329999999994e+03 5.044564866829825446e-03 5.044564866829825446e-03
