9.306945799999999736e+02 0.000000000000000000e+00 9.247395418776353793e-02
9.313851899999999659e+02 0.000000000000000000e+00 9.588139954796477682e-02
9.320757399999999961e+02 0.000000000000000000e+00 9.928854887028432108e-02
9.327663000000000011e+02 0.000000000000000000e+00 9.553972160587116680e-02
9.334568500000000313e+02 0.000000000000000000e+00 8.981095009922183958e-02
9.341473999999999478e+02 0.000000000000000000e+00 8.723253466277315626e-02
9.348378900000000158e+02 0.000000000000000000e+00 9.376429575371822422e-02
9.355283799999999701e+02 0.000000000000000000e+00 1.002960568446621958e-01
9.362188700000000381e+02 0.000000000000000000e+00 9.761256954595978752e-02
9.369093000000000302e+02 0.000000000000000000e+00 9.152808293918462956e-02
9.375997300000000223e+02 0.000000000000000000e+00 8.801631748516319798e-02
9.382901600000000144e+02 0.000000000000000000e+00 9.455783252857596910e-02
9.389805300000000443e+02 0.000000000000000000e+00 1.010987790988598922e-01
9.396708999999999605e+02 0.000000000000000000e+00 9.653647242542072460e-02
9.403612699999999904e+02 0.000000000000000000e+00 8.667560070031027353e-02
9.410515699999999697e+02 0.000000000000000000e+00 7.912033395176322481e-02
9.417418800000000374e+02 0.000000000000000000e+00 8.463870270073579893e-02
9.424321899999999914e+02 0.000000000000000000e+00 9.015707144970745712e-02
9.431224999999999454e+02 0.000000000000000000e+00 9.199310346063284405e-02
9.438127399999999625e+02 0.000000000000000000e+00 9.159824578728635591e-02
9.445029899999999543e+02 0.000000000000000000e+00 9.157134736378842732e-02
9.451931799999999839e+02 0.000000000000000000e+00 9.503288565929106368e-02
9.458833600000000388e+02 0.000000000000000000e+00 9.849437380138251208e-02
9.465735499999999547e+02 0.000000000000000000e+00 9.819490921452944665e-02
9.472637300000000096e+02 0.000000000000000000e+00 9.503197483298672643e-02
9.479538599999999633e+02 0.000000000000000000e+00 9.233731764555475063e-02
9.486439800000000560e+02 0.000000000000000000e+00 1.008560960364238701e-01
9.493341100000000097e+02 0.000000000000000000e+00 1.093749978663799832e-01
9.500241700000000264e+02 0.000000000000000000e+00 1.148180484434320608e-01
9.507142300000000432e+02 0.000000000000000000e+00 1.173337342959352575e-01
9.514043000000000347e+02 0.000000000000000000e+00 1.198494566044835258e-01
9.520943600000000515e+02 0.000000000000000000e+00 1.311210078349148156e-01
9.527843599999999924e+02 0.000000000000000000e+00 1.425315827086942044e-01
9.534743700000000217e+02 0.000000000000000000e+00 1.493444635890409378e-01
9.541643100000000004e+02 0.000000000000000000e+00 1.506738853973255687e-01
9.548542499999999791e+02 0.000000000000000000e+00 1.520033072056101997e-01
9.555441899999999578e+02 0.000000000000000000e+00 1.580049671989166293e-01
9.562341300000000501e+02 0.000000000000000000e+00 1.643706079172123913e-01
9.569240099999999529e+02 0.000000000000000000e+00 1.684805877283926390e-01
9.576138899999999694e+02 0.000000000000000000e+00 1.691963889094205142e-01
9.583037699999999859e+02 0.000000000000000000e+00 1.699121900904483895e-01
9.589935900000000402e+02 0.000000000000000000e+00 1.746547514626955455e-01
9.596834099999999808e+02 0.000000000000000000e+00 1.799965617701328457e-01
9.603731699999999591e+02 0.000000000000000000e+00 1.880487746084588963e-01
9.610629900000000134e+02 0.000000000000000000e+00 2.013299766933221713e-01
9.617527499999999918e+02 0.000000000000000000e+00 2.146100235896926667e-01
9.624424999999999955e+02 0.000000000000000000e+00 2.218996004563494329e-01
9.631322000000000116e+02 0.000000000000000000e+00 2.278055487052691730e-01
9.638219000000000278e+02 0.000000000000000000e+00 2.363706149716935934e-01
9.645116000000000440e+02 0.000000000000000000e+00 2.516636493264193808e-01
9.652012300000000096e+02 0.000000000000000000e+00 2.669551315390462642e-01
9.658908699999999499e+02 0.000000000000000000e+00 2.770978427131492450e-01
9.665805100000000039e+02 0.000000000000000000e+00 2.855586565366452501e-01
9.672701399999999694e+02 0.000000000000000000e+00 2.964907107174620804e-01
9.679597199999999475e+02 0.000000000000000000e+00 3.159697084798851474e-01
9.686492899999999509e+02 0.000000000000000000e+00 3.354484237660514956e-01
9.693388700000000426e+02 0.000000000000000000e+00 3.550341635437987975e-01
9.700283799999999701e+02 0.000000000000000000e+00 3.746648346083374936e-01
9.707178999999999860e+02 0.000000000000000000e+00 3.945406633455483258e-01
9.714073499999999513e+02 0.000000000000000000e+00 4.156559040533325811e-01
9.720968599999999924e+02 0.000000000000000000e+00 4.367729823337385686e-01
9.727863200000000461e+02 0.000000000000000000e+00 4.562267794340947868e-01
9.734757100000000491e+02 0.000000000000000000e+00 4.747220722628173184e-01
9.741651600000000144e+02 0.000000000000000000e+00 4.936618091964831145e-01
9.748545500000000175e+02 0.000000000000000000e+00 5.163995770917769734e-01
9.755438799999999446e+02 0.000000000000000000e+00 5.391353660403565007e-01
9.762332800000000361e+02 0.000000000000000000e+00 5.659560676230744880e-01
9.769226099999999633e+02 0.000000000000000000e+00 5.958051601898936012e-01
9.776119400000000041e+02 0.000000000000000000e+00 6.254666250457650012e-01
9.783012099999999691e+02 0.000000000000000000e+00 6.509890955326382844e-01
9.789904800000000478e+02 0.000000000000000000e+00 6.765115660195157865e-01
9.796797500000000127e+02 0.000000000000000000e+00 7.044576203889544308e-01
9.803690199999999777e+02 0.000000000000000000e+00 7.347079227243938915e-01
9.810582299999999805e+02 0.000000000000000000e+00 7.649555918128633225e-01
9.817474399999999832e+02 0.000000000000000000e+00 7.880338869095557808e-01
9.824365800000000490e+02 0.000000000000000000e+00 8.109759983552511375e-01
9.831257299999999759e+02 0.000000000000000000e+00 8.352466062219401355e-01
9.838148800000000165e+02 0.000000000000000000e+00 8.611370466083595465e-01
9.845040299999999434e+02 0.000000000000000000e+00 8.870274869947747387e-01
9.851931200000000217e+02 0.000000000000000000e+00 9.147966937871044868e-01
9.858822000000000116e+02 0.000000000000000000e+00 9.427305925168613099e-01
9.865712899999999763e+02 0.000000000000000000e+00 9.724176613349836407e-01
9.872603100000000040e+02 0.000000000000000000e+00 1.004867675981835795e+00
9.879493400000000065e+02 0.000000000000000000e+00 1.037318161587652554e+00
9.886383700000000090e+02 0.000000000000000000e+00 1.066408761598518939e+00
9.893273299999999608e+02 0.000000000000000000e+00 1.094932715795927880e+00
9.900163000000000011e+02 0.000000000000000000e+00 1.120988220683352354e+00
9.907052599999999529e+02 0.000000000000000000e+00 1.141904235256713918e+00
9.913941700000000310e+02 0.000000000000000000e+00 1.162818731888938029e+00
9.920830700000000206e+02 0.000000000000000000e+00 1.185768955150643844e+00
9.927719700000000103e+02 0.000000000000000000e+00 1.209252524033483489e+00
9.934608799999999746e+02 0.000000000000000000e+00 1.230839685754324897e+00
9.941497200000000021e+02 0.000000000000000000e+00 1.247040192150883353e+00
9.948385600000000295e+02 0.000000000000000000e+00 1.263240698547441809e+00
9.955273399999999810e+02 0.000000000000000000e+00 1.280466432854606484e+00
9.962161300000000210e+02 0.000000000000000000e+00 1.298075748351060987e+00
9.969049099999999726e+02 0.000000000000000000e+00 1.316404288602208039e+00
9.975936900000000378e+02 0.000000000000000000e+00 1.337690499202923711e+00
9.982824100000000271e+02 0.000000000000000000e+00 1.358974855550266980e+00
9.989711300000000165e+02 0.000000000000000000e+00 1.381550340001208577e+00
9.996597900000000436e+02 0.000000000000000000e+00 1.404779630449733085e+00
1.000348449999999957e+03 0.000000000000000000e+00 1.425526108550267734e+00
1.001037109999999984e+03 0.000000000000000000e+00 1.429698600598201974e+00
1.001725770000000011e+03 0.000000000000000000e+00 1.433871092646135992e+00
1.002414369999999963e+03 0.000000000000000000e+00 1.439506358789696128e+00
1.003102970000000028e+03 0.000000000000000000e+00 1.446127969160152515e+00
1.003791560000000004e+03 0.000000000000000000e+00 1.452855578709874695e+00
1.004480099999999993e+03 0.000000000000000000e+00 1.461129926410645430e+00
1.005168639999999982e+03 0.000000000000000000e+00 1.469404274111416164e+00
1.005857179999999971e+03 0.000000000000000000e+00 1.474499127163658052e+00
1.006545650000000023e+03 0.000000000000000000e+00 1.476783299075980160e+00
1.007234130000000050e+03 0.000000000000000000e+00 1.479067504165810565e+00
1.007922609999999963e+03 0.000000000000000000e+00 1.486370928317620965e+00
1.008611020000000053e+03 0.000000000000000000e+00 1.493686999360327006e+00
1.009299440000000004e+03 0.000000000000000000e+00 1.493349504375576231e+00
1.009987849999999980e+03 0.000000000000000000e+00 1.484159903391740976e+00
1.010676270000000045e+03 0.000000000000000000e+00 1.474970168917673741e+00
1.011364619999999945e+03 0.000000000000000000e+00 1.462640738407648744e+00
1.012052919999999972e+03 0.000000000000000000e+00 1.450075656056220463e+00
1.012741269999999986e+03 0.000000000000000000e+00 1.439574877470849668e+00
1.013429570000000012e+03 0.000000000000000000e+00 1.432227052464193129e+00
1.014117859999999951e+03 0.000000000000000000e+00 1.424879334210770176e+00
1.014806090000000040e+03 0.000000000000000000e+00 1.413534124466512054e+00
1.015494320000000016e+03 0.000000000000000000e+00 1.401547936076781298e+00
1.016182559999999967e+03 0.000000000000000000e+00 1.387731142516776872e+00
1.016870790000000056e+03 0.000000000000000000e+00 1.370154619623556336e+00
1.017558959999999956e+03 0.000000000000000000e+00 1.352579629054379895e+00
1.018247129999999970e+03 0.000000000000000000e+00 1.347627292299971913e+00
1.018935240000000022e+03 0.000000000000000000e+00 1.345971963577270225e+00
1.019623349999999959e+03 0.000000000000000000e+00 1.340125875941508893e+00
1.020311460000000011e+03 0.000000000000000000e+00 1.322234417543174390e+00
1.020999569999999949e+03 0.000000000000000000e+00 1.304342959144842995e+00
1.021687620000000038e+03 0.000000000000000000e+00 1.289468201759813804e+00
1.022375670000000014e+03 0.000000000000000000e+00 1.275746281242693847e+00
1.023063719999999989e+03 0.000000000000000000e+00 1.260835784527205794e+00
1.023751710000000003e+03 0.000000000000000000e+00 1.240807274812140371e+00
1.024439699999999903e+03 0.000000000000000000e+00 1.220778765097078278e+00
1.025127690000000030e+03 0.000000000000000000e+00 1.199350607245585287e+00
1.025815550000000030e+03 0.000000000000000000e+00 1.177183875554019821e+00
1.026503539999999930e+03 0.000000000000000000e+00 1.155452885263140939e+00
1.027191409999999905e+03 0.000000000000000000e+00 1.137024933192028575e+00
1.027879269999999906e+03 0.000000000000000000e+00 1.118597249019676720e+00
1.028567140000000109e+03 0.000000000000000000e+00 1.103658878030656432e+00
1.029255000000000109e+03 0.000000000000000000e+00 1.091224350415350264e+00
1.029942870000000084e+03 0.000000000000000000e+00 1.078796979567113290e+00
1.030630619999999908e+03 0.000000000000000000e+00 1.066521632266923980e+00
1.031318479999999909e+03 0.000000000000000000e+00 1.054244321625105618e+00
1.032006229999999960e+03 0.000000000000000000e+00 1.039770936049552175e+00
1.032693970000000036e+03 0.000000000000000000e+00 1.023192946695922423e+00
1.033381710000000112e+03 0.000000000000000000e+00 1.006614957342292893e+00
1.034069340000000011e+03 0.000000000000000000e+00 9.902785440530760264e-01
1.034757080000000087e+03 0.000000000000000000e+00 9.739456984687682173e-01
1.035444700000000012e+03 0.000000000000000000e+00 9.561302670901757894e-01
1.036132319999999936e+03 0.000000000000000000e+00 9.364126222222820539e-01
1.036820069999999987e+03 0.000000000000000000e+00 9.166912495776580183e-01
1.037507569999999987e+03 0.000000000000000000e+00 9.039013866928076180e-01
1.038195189999999911e+03 0.000000000000000000e+00 8.918602999898946893e-01
1.038882810000000063e+03 0.000000000000000000e+00 8.810179863238115638e-01
1.039570310000000063e+03 0.000000000000000000e+00 8.722580475519671195e-01
1.040257810000000063e+03 0.000000000000000000e+00 8.634981087801227861e-01
1.040945310000000063e+03 0.000000000000000000e+00 8.489910935966977767e-01
1.041632810000000063e+03 0.000000000000000000e+00 8.332972053083373964e-01
1.042320310000000063e+03 0.000000000000000000e+00 8.187153577164123508e-01
1.043007689999999911e+03 0.000000000000000000e+00 8.068308944299099617e-01
1.043695189999999911e+03 0.000000000000000000e+00 7.949443564022218300e-01
1.044382569999999987e+03 0.000000000000000000e+00 7.848159632168916211e-01
1.045069950000000063e+03 0.000000000000000000e+00 7.752570947737109641e-01
1.045757319999999936e+03 0.000000000000000000e+00 7.636713495265580187e-01
1.046444700000000012e+03 0.000000000000000000e+00 7.448021364539884059e-01
1.047131959999999935e+03 0.000000000000000000e+00 7.259362174917676214e-01
1.047819340000000011e+03 0.000000000000000000e+00 7.157726481402671981e-01
1.048506589999999960e+03 0.000000000000000000e+00 7.097005120344130891e-01
1.049193850000000111e+03 0.000000000000000000e+00 7.025515251827966212e-01
1.049881100000000060e+03 0.000000000000000000e+00 6.889302289060781348e-01
1.050568359999999984e+03 0.000000000000000000e+00 6.753087344293415839e-01
1.051255490000000009e+03 0.000000000000000000e+00 6.621693571152283964e-01
1.051942749999999933e+03 0.000000000000000000e+00 6.493407701816342747e-01
1.052629879999999957e+03 0.000000000000000000e+00 6.364570552765217437e-01
1.053317019999999957e+03 0.000000000000000000e+00 6.227712984660123130e-01
1.054004149999999981e+03 0.000000000000000000e+00 6.090857408253484984e-01
1.054691280000000006e+03 0.000000000000000000e+00 5.980318958859683898e-01
1.055378300000000081e+03 0.000000000000000000e+00 5.893255546661345656e-01
1.056065430000000106e+03 0.000000000000000000e+00 5.806178194584491470e-01
1.056752439999999979e+03 0.000000000000000000e+00 5.740750669875716028e-01
1.057439450000000079e+03 0.000000000000000000e+00 5.675524893236517654e-01
1.058126459999999952e+03 0.000000000000000000e+00 5.583255941062105210e-01
1.058813480000000027e+03 0.000000000000000000e+00 5.458224421545482263e-01
1.059500489999999900e+03 0.000000000000000000e+00 5.333194721939809035e-01
1.060187380000000076e+03 0.000000000000000000e+00 5.210030426996260511e-01
1.060874270000000024e+03 0.000000000000000000e+00 5.087040406324337960e-01
1.061561159999999973e+03 0.000000000000000000e+00 4.986405628754783104e-01
1.062248049999999921e+03 0.000000000000000000e+00 4.923089071854554466e-01
1.062934940000000097e+03 0.000000000000000000e+00 4.859772514954305289e-01
1.063621830000000045e+03 0.000000000000000000e+00 4.763581454316491159e-01
1.064308590000000095e+03 0.000000000000000000e+00 4.660959558306662087e-01
1.064995480000000043e+03 0.000000000000000000e+00 4.566367218147616702e-01
1.065682250000000067e+03 0.000000000000000000e+00 4.490860286139432556e-01
1.066369020000000091e+03 0.000000000000000000e+00 4.415353354131247854e-01
1.067055659999999989e+03 0.000000000000000000e+00 4.355457332548637872e-01
1.067742430000000013e+03 0.000000000000000000e+00 4.300543586474304125e-01
1.068429080000000113e+03 0.000000000000000000e+00 4.250576890623656845e-01
1.069115839999999935e+03 0.000000000000000000e+00 4.218320784682832447e-01
1.069802490000000034e+03 0.000000000000000000e+00 4.186069845280019353e-01
1.070489139999999907e+03 0.000000000000000000e+00 4.098734223770060248e-01
1.071175780000000032e+03 0.000000000000000000e+00 3.985287208060829256e-01
1.071862300000000005e+03 0.000000000000000000e+00 3.881262703116231116e-01
1.072548950000000104e+03 0.000000000000000000e+00 3.835625636900883983e-01
1.073235470000000078e+03 0.000000000000000000e+00 3.789997210922358417e-01
1.073922000000000025e+03 0.000000000000000000e+00 3.744061917188430400e-01
1.074608519999999999e+03 0.000000000000000000e+00 3.697922037257150296e-01
1.075295039999999972e+03 0.000000000000000000e+00 3.649872742129806058e-01
1.075981569999999920e+03 0.000000000000000000e+00 3.571187627984463986e-01
1.076667969999999968e+03 0.000000000000000000e+00 3.492517413500944579e-01
1.077354370000000017e+03 0.000000000000000000e+00 3.440777388403558623e-01
1.078040770000000066e+03 0.000000000000000000e+00 3.414072926621983251e-01
1.078727169999999887e+03 0.000000000000000000e+00 3.387368464840416760e-01
1.079413569999999936e+03 0.000000000000000000e+00 3.350070560207268344e-01
1.080099979999999960e+03 0.000000000000000000e+00 3.312529243513936406e-01
1.080786250000000109e+03 0.000000000000000000e+00 3.274390889504375513e-01
1.081472659999999905e+03 0.000000000000000000e+00 3.235465651853089986e-01
1.082158940000000030e+03 0.000000000000000000e+00 3.196547786298484239e-01
1.082845209999999952e+03 0.000000000000000000e+00 3.178269909311215446e-01
1.083531369999999924e+03 0.000000000000000000e+00 3.162382379359410245e-01
1.084217650000000049e+03 0.000000000000000000e+00 3.146614672752352515e-01
1.084903929999999946e+03 0.000000000000000000e+00 3.131069691047169146e-01
1.085590089999999918e+03 0.000000000000000000e+00 3.115527427471326272e-01
1.086276249999999891e+03 0.000000000000000000e+00 3.074126841117156284e-01
1.086962399999999889e+03 0.000000000000000000e+00 3.026815005013357984e-01
1.087648560000000089e+03 0.000000000000000000e+00 2.985469747070626512e-01
1.088334589999999935e+03 0.000000000000000000e+00 2.960027798972235114e-01
1.089020749999999907e+03 0.000000000000000000e+00 2.934581029724249723e-01
1.089706789999999955e+03 0.000000000000000000e+00 2.920745722619931817e-01
1.090392820000000029e+03 0.000000000000000000e+00 2.911174952258059889e-01
1.091078860000000077e+03 0.000000000000000000e+00 2.900683889487299938e-01
1.091764889999999923e+03 0.000000000000000000e+00 2.886257609382300582e-01
1.092450810000000047e+03 0.000000000000000000e+00 2.871833642428049393e-01
1.093136839999999893e+03 0.000000000000000000e+00 2.864533897683612662e-01
1.093822750000000042e+03 0.000000000000000000e+00 2.861114234439381954e-01
1.094508669999999938e+03 0.000000000000000000e+00 2.856497353452708277e-01
1.095194580000000087e+03 0.000000000000000000e+00 2.841753486332172507e-01
1.095880490000000009e+03 0.000000000000000000e+00 2.827009619211641733e-01
1.096566409999999905e+03 0.000000000000000000e+00 2.833292163317973067e-01
1.097252199999999903e+03 0.000000000000000000e+00 2.855861761570778201e-01
1.097937989999999900e+03 0.000000000000000000e+00 2.877440373993427336e-01
1.098623779999999897e+03 0.000000000000000000e+00 2.852431507580978076e-01
1.099309569999999894e+03 0.000000000000000000e+00 2.827422641168528261e-01
1.099995359999999891e+03 0.000000000000000000e+00 2.810011179801708003e-01
1.100681149999999889e+03 0.000000000000000000e+00 2.800875251677807931e-01
1.101366819999999962e+03 0.000000000000000000e+00 2.791740922164814842e-01
1.102052490000000034e+03 0.000000000000000000e+00 2.823084750398021092e-01
1.102738160000000107e+03 0.000000000000000000e+00 2.857208838862990707e-01
1.103423829999999953e+03 0.000000000000000000e+00 2.880385445854858895e-01
1.104109500000000025e+03 0.000000000000000000e+00 2.886647427393079224e-01
1.104795170000000098e+03 0.000000000000000000e+00 2.892909408931298998e-01
1.105480710000000045e+03 0.000000000000000000e+00 2.899279585965065520e-01
1.106166259999999966e+03 0.000000000000000000e+00 2.905669174563564328e-01
1.106851809999999887e+03 0.000000000000000000e+00 2.908708942793737373e-01
1.107537350000000060e+03 0.000000000000000000e+00 2.904173872661193756e-01
1.108222899999999981e+03 0.000000000000000000e+00 2.899638736375399484e-01
1.108908449999999903e+03 0.000000000000000000e+00 2.915910037096163254e-01
1.109593869999999924e+03 0.000000000000000000e+00 2.938627152086377148e-01
1.110279299999999921e+03 0.000000000000000000e+00 2.962158861217891181e-01
1.110964719999999943e+03 0.000000000000000000e+00 2.988583971455251453e-01
1.111650149999999940e+03 0.000000000000000000e+00 3.015009467224259443e-01
1.112335569999999962e+03 0.000000000000000000e+00 3.052115672608649577e-01
1.113020999999999958e+03 0.000000000000000000e+00 3.094344849723814628e-01
1.113706300000000056e+03 0.000000000000000000e+00 3.128103712441933082e-01
1.114391599999999926e+03 0.000000000000000000e+00 3.106213441428757327e-01
1.115076900000000023e+03 0.000000000000000000e+00 3.084323170415574911e-01
1.115762210000000096e+03 0.000000000000000000e+00 3.088646775870031447e-01
1.116447509999999966e+03 0.000000000000000000e+00 3.111324895077718367e-01
1.117132689999999911e+03 0.000000000000000000e+00 3.133535816321778578e-01
1.117817990000000009e+03 0.000000000000000000e+00 3.145599312031978623e-01
1.118503169999999955e+03 0.000000000000000000e+00 3.157660695354191915e-01
1.119188349999999900e+03 0.000000000000000000e+00 3.151536774242824634e-01
1.119873540000000048e+03 0.000000000000000000e+00 3.127168338824999894e-01
1.120558590000000095e+03 0.000000000000000000e+00 3.102804882436293044e-01
1.121243770000000040e+03 0.000000000000000000e+00 3.108716058640386692e-01
1.121928830000000062e+03 0.000000000000000000e+00 3.116067192529366481e-01
1.122613890000000083e+03 0.000000000000000000e+00 3.138220579459588544e-01
1.123298950000000104e+03 0.000000000000000000e+00 3.181689490961667199e-01
1.123984009999999898e+03 0.000000000000000000e+00 3.225158402463731422e-01
1.124669069999999920e+03 0.000000000000000000e+00 3.205026954906510794e-01
1.125354000000000042e+03 0.000000000000000000e+00 3.174969562408509471e-01
1.126039060000000063e+03 0.000000000000000000e+00 3.149217973538416260e-01
1.126723999999999933e+03 0.000000000000000000e+00 3.132645244379331229e-01
1.127408940000000030e+03 0.000000000000000000e+00 3.116072515220241201e-01
1.128093869999999924e+03 0.000000000000000000e+00 3.066066618767027685e-01
1.128778690000000097e+03 0.000000000000000000e+00 3.006339021136890666e-01
1.129463619999999992e+03 0.000000000000000000e+00 2.969400528081674873e-01
1.130148439999999937e+03 0.000000000000000000e+00 3.009131885685134011e-01
1.130833249999999907e+03 0.000000000000000000e+00 3.048862663116321259e-01
1.131518070000000080e+03 0.000000000000000000e+00 3.033057825072628111e-01
1.132202880000000050e+03 0.000000000000000000e+00 2.991527872399232790e-01
1.132887699999999995e+03 0.000000000000000000e+00 2.953107533467966839e-01
1.133572390000000041e+03 0.000000000000000000e+00 2.934181097220871504e-01
1.134257080000000087e+03 0.000000000000000000e+00 2.915254660973775613e-01
1.134941769999999906e+03 0.000000000000000000e+00 2.901778134246025265e-01
1.135626459999999952e+03 0.000000000000000000e+00 2.892061888359898636e-01
1.136311159999999973e+03 0.000000000000000000e+00 2.882392038938276224e-01
1.136995850000000019e+03 0.000000000000000000e+00 2.873695362027351430e-01
1.137680419999999913e+03 0.000000000000000000e+00 2.865000209311654444e-01
1.138364990000000034e+03 0.000000000000000000e+00 2.850733734875841030e-01
1.139049559999999929e+03 0.000000000000000000e+00 2.830880018112296170e-01
1.139734130000000050e+03 0.000000000000000000e+00 2.811026301348744649e-01
1.140418699999999944e+03 0.000000000000000000e+00 2.763831143479050234e-01
1.141103149999999914e+03 0.000000000000000000e+00 2.715288387851284013e-01
1.141787720000000036e+03 0.000000000000000000e+00 2.690553994172431018e-01
1.142472170000000006e+03 0.000000000000000000e+00 2.700659203580700884e-01
1.143156619999999975e+03 0.000000000000000000e+00 2.710764412988971306e-01
1.143841059999999970e+03 0.000000000000000000e+00 2.697305402708780053e-01
1.144525509999999940e+03 0.000000000000000000e+00 2.679981695374629158e-01
1.145209839999999986e+03 0.000000000000000000e+00 2.658457459895489650e-01
1.145894289999999955e+03 0.000000000000000000e+00 2.627665565890161536e-01
1.146578610000000026e+03 0.000000000000000000e+00 2.596879520297745159e-01
1.147262940000000071e+03 0.000000000000000000e+00 2.594318101146231292e-01
1.147947269999999889e+03 0.000000000000000000e+00 2.600415171548211557e-01
1.148631470000000036e+03 0.000000000000000000e+00 2.601128235010572998e-01
1.149315800000000081e+03 0.000000000000000000e+00 2.582490581526660778e-01
1.150000000000000000e+03 0.000000000000000000e+00 2.563856468578681880e-01
1.150684199999999919e+03 0.000000000000000000e+00 2.556303005689283259e-01
1.151368410000000040e+03 0.000000000000000000e+00 2.554199931113622646e-01
1.152052609999999959e+03 0.000000000000000000e+00 2.551648855314910258e-01
1.152736820000000080e+03 0.000000000000000000e+00 2.545890307956387710e-01
1.153420900000000074e+03 0.000000000000000000e+00 2.540132854722705891e-01
1.154104980000000069e+03 0.000000000000000000e+00 2.538490538685347908e-01
1.154789060000000063e+03 0.000000000000000000e+00 2.539894945030709006e-01
1.155473140000000058e+03 0.000000000000000000e+00 2.541189941433991129e-01
1.156157230000000027e+03 0.000000000000000000e+00 2.538478306185389943e-01
1.156841310000000021e+03 0.000000000000000000e+00 2.535766710575363403e-01
1.157525270000000091e+03 0.000000000000000000e+00 2.537779194020606810e-01
1.158209229999999934e+03 0.000000000000000000e+00 2.544939851189213509e-01
1.158893190000000004e+03 0.000000000000000000e+00 2.552100508357822983e-01
1.159577150000000074e+03 0.000000000000000000e+00 2.528444986084724677e-01
1.160261109999999917e+03 0.000000000000000000e+00 2.502471381281065055e-01
1.160945069999999987e+03 0.000000000000000000e+00 2.479832182642428551e-01
1.161628909999999905e+03 0.000000000000000000e+00 2.462599937270230910e-01
1.162312740000000076e+03 0.000000000000000000e+00 2.445367943890384421e-01
1.162996579999999994e+03 0.000000000000000000e+00 2.428433014386757183e-01
1.163680419999999913e+03 0.000000000000000000e+00 2.411557728845848680e-01
1.164364260000000058e+03 0.000000000000000000e+00 2.396117050315903774e-01
1.165047970000000078e+03 0.000000000000000000e+00 2.384295302767207025e-01
1.165731809999999996e+03 0.000000000000000000e+00 2.372471307442143018e-01
1.166415529999999990e+03 0.000000000000000000e+00 2.348379087160952783e-01
1.167099240000000009e+03 0.000000000000000000e+00 2.319860303439975902e-01
1.167782840000000078e+03 0.000000000000000000e+00 2.294555471405854141e-01
1.168466550000000097e+03 0.000000000000000000e+00 2.283337028305401362e-01
1.169150270000000091e+03 0.000000000000000000e+00 2.272118421123056342e-01
1.169833859999999959e+03 0.000000000000000000e+00 2.236321157847945273e-01
1.170517460000000028e+03 0.000000000000000000e+00 2.186470108434094839e-01
1.171201049999999896e+03 0.000000000000000000e+00 2.141742132094608397e-01
1.171884639999999990e+03 0.000000000000000000e+00 2.151035880802646960e-01
1.172568119999999908e+03 0.000000000000000000e+00 2.160328134005543854e-01
1.173251710000000003e+03 0.000000000000000000e+00 2.143439783941301358e-01
1.173935179999999946e+03 0.000000000000000000e+00 2.103965166318569335e-01
1.174618649999999889e+03 0.000000000000000000e+00 2.064490548695837313e-01
1.175302120000000059e+03 0.000000000000000000e+00 2.050879545032351092e-01
1.175985599999999977e+03 0.000000000000000000e+00 2.037614847829096743e-01
1.176668949999999995e+03 0.000000000000000000e+00 2.015075084400515248e-01
1.177352419999999938e+03 0.000000000000000000e+00 1.980565477613487890e-01
1.178035769999999957e+03 0.000000000000000000e+00 1.946061929838285021e-01
1.178719119999999975e+03 0.000000000000000000e+00 1.927092184744314818e-01
1.179402469999999994e+03 0.000000000000000000e+00 1.910109840527354219e-01
1.180085690000000113e+03 0.000000000000000000e+00 1.904220333211132377e-01
1.180769039999999904e+03 0.000000000000000000e+00 1.920224470753195967e-01
1.181452269999999999e+03 0.000000000000000000e+00 1.936225797881122868e-01
1.182135500000000093e+03 0.000000000000000000e+00 1.917565081968341800e-01
1.182818729999999960e+03 0.000000000000000000e+00 1.889434596646001885e-01
1.183501950000000079e+03 0.000000000000000000e+00 1.858386814900434281e-01
1.184185179999999946e+03 0.000000000000000000e+00 1.817818561275360567e-01
1.184868289999999888e+03 0.000000000000000000e+00 1.777257432908884716e-01
1.185551390000000083e+03 0.000000000000000000e+00 1.751066017021005727e-01
1.186234500000000025e+03 0.000000000000000000e+00 1.731521720180399515e-01
1.186917599999999993e+03 0.000000000000000000e+00 1.711620062300189815e-01
1.187600709999999935e+03 0.000000000000000000e+00 1.689378376223454603e-01
1.188283809999999903e+03 0.000000000000000000e+00 1.667137015741221306e-01
1.188966799999999921e+03 0.000000000000000000e+00 1.645504341578133967e-01
1.189649779999999964e+03 0.000000000000000000e+00 1.624307945347678583e-01
1.190332760000000007e+03 0.000000000000000000e+00 1.603326910000525130e-01
1.191015750000000025e+03 0.000000000000000000e+00 1.589346807506520909e-01
1.191698730000000069e+03 0.000000000000000000e+00 1.575366909702225759e-01
1.192381589999999960e+03 0.000000000000000000e+00 1.561472701227343829e-01
1.193064579999999978e+03 0.000000000000000000e+00 1.547666690694047831e-01
1.193747440000000097e+03 0.000000000000000000e+00 1.533863307990394609e-01
1.194430299999999988e+03 0.000000000000000000e+00 1.518916810512617732e-01
1.195113160000000107e+03 0.000000000000000000e+00 1.503879673246631965e-01
1.195795900000000074e+03 0.000000000000000000e+00 1.485093048144113526e-01
1.196478759999999966e+03 0.000000000000000000e+00 1.460032392272948565e-01
1.197161499999999933e+03 0.000000000000000000e+00 1.434976140347984375e-01
1.197844239999999900e+03 0.000000000000000000e+00 1.430244437801046209e-01
1.198526980000000094e+03 0.000000000000000000e+00 1.429905511427717324e-01
1.199209720000000061e+03 0.000000000000000000e+00 1.420398156353230024e-01
1.199892329999999902e+03 0.000000000000000000e+00 1.386106696803616756e-01
1.200575070000000096e+03 0.000000000000000000e+00 1.351808706599964549e-01
1.201257689999999911e+03 0.000000000000000000e+00 1.347668307703079327e-01
1.201940309999999954e+03 0.000000000000000000e+00 1.355402363492652085e-01
1.202622920000000022e+03 0.000000000000000000e+00 1.356782673695292041e-01
1.203305540000000065e+03 0.000000000000000000e+00 1.325937818905044141e-01
1.203988039999999955e+03 0.000000000000000000e+00 1.295098386432600446e-01
1.204670650000000023e+03 0.000000000000000000e+00 1.270481945091090081e-01
1.205353149999999914e+03 0.000000000000000000e+00 1.249821156484774709e-01
1.206035640000000058e+03 0.000000000000000000e+00 1.228731158347605851e-01
1.206718139999999948e+03 0.000000000000000000e+00 1.200770396683604885e-01
1.207400509999999940e+03 0.000000000000000000e+00 1.172814960878964391e-01
1.208083010000000058e+03 0.000000000000000000e+00 1.161330154390586983e-01
1.208765380000000050e+03 0.000000000000000000e+00 1.165964808493029914e-01
1.209447750000000042e+03 0.000000000000000000e+00 1.170599462595472984e-01
1.210130130000000008e+03 0.000000000000000000e+00 1.169378205718143576e-01
1.210812500000000000e+03 0.000000000000000000e+00 1.167864358243057010e-01
1.211494750000000067e+03 0.000000000000000000e+00 1.158892513802277785e-01
1.212177120000000059e+03 0.000000000000000000e+00 1.138666074445650739e-01
1.212859380000000101e+03 0.000000000000000000e+00 1.118442895649024993e-01
1.213541629999999941e+03 0.000000000000000000e+00 1.110741672702020011e-01
1.214223880000000008e+03 0.000000000000000000e+00 1.105336272020268351e-01
1.214906009999999924e+03 0.000000000000000000e+00 1.099613011339694024e-01
1.215588259999999991e+03 0.000000000000000000e+00 1.093112470172982326e-01
1.216270389999999907e+03 0.000000000000000000e+00 1.086613072377382305e-01
1.216952510000000075e+03 0.000000000000000000e+00 1.063297524888530687e-01
1.217634639999999990e+03 0.000000000000000000e+00 1.033978749571586864e-01
1.218316769999999906e+03 0.000000000000000000e+00 1.010867863586374094e-01
1.218998900000000049e+03 0.000000000000000000e+00 1.015525999354406628e-01
1.219680910000000040e+03 0.000000000000000000e+00 1.020183315665307983e-01
1.220363039999999955e+03 0.000000000000000000e+00 1.030538752461607893e-01
1.221045039999999972e+03 0.000000000000000000e+00 1.044261875477931062e-01
1.221727049999999963e+03 0.000000000000000000e+00 1.056651816427477408e-01
1.222408940000000030e+03 0.000000000000000000e+00 1.052337734257165758e-01
1.223090940000000046e+03 0.000000000000000000e+00 1.048022956154902458e-01
1.223772830000000113e+03 0.000000000000000000e+00 1.028410167409131715e-01
1.224454709999999977e+03 0.000000000000000000e+00 9.946179529422111143e-02
1.225136600000000044e+03 0.000000000000000000e+00 9.608252429010669116e-02
1.225818479999999909e+03 0.000000000000000000e+00 9.496654447172395153e-02
1.226500369999999975e+03 0.000000000000000000e+00 9.393501582066304811e-02
1.227182129999999916e+03 0.000000000000000000e+00 9.357647713962767566e-02
1.227864010000000007e+03 0.000000000000000000e+00 9.419040250770667477e-02
1.228545779999999922e+03 0.000000000000000000e+00 9.480422883813888202e-02
1.229227540000000090e+03 0.000000000000000000e+00 9.438226030529876798e-02
1.229909180000000106e+03 0.000000000000000000e+00 9.378292143331166952e-02
1.230590940000000046e+03 0.000000000000000000e+00 9.304719511161196888e-02
1.231272580000000062e+03 0.000000000000000000e+00 9.199079523856443230e-02
1.231954349999999977e+03 0.000000000000000000e+00 9.093419389262301367e-02
1.232635989999999993e+03 0.000000000000000000e+00 8.993456389357903924e-02
1.233317630000000008e+03 0.000000000000000000e+00 8.895458648607265650e-02
1.233999150000000100e+03 0.000000000000000000e+00 8.818191094046912148e-02
1.234680789999999888e+03 0.000000000000000000e+00 8.831081979625184097e-02
1.235362300000000005e+03 0.000000000000000000e+00 8.843970406698789533e-02
1.236043820000000096e+03 0.000000000000000000e+00 8.758963934581509569e-02
1.236725339999999960e+03 0.000000000000000000e+00 8.616669825244777092e-02
1.237406860000000052e+03 0.000000000000000000e+00 8.490472209590216313e-02
1.238088379999999916e+03 0.000000000000000000e+00 8.563172200979188298e-02
1.238769780000000083e+03 0.000000000000000000e+00 8.635859391571493182e-02
1.239451170000000047e+03 0.000000000000000000e+00 8.607260735388720663e-02
1.240132569999999987e+03 0.000000000000000000e+00 8.484518419899668429e-02
1.240813959999999952e+03 0.000000000000000000e+00 8.361777905736052230e-02
1.241495359999999891e+03 0.000000000000000000e+00 8.330058068199083787e-02
1.242176760000000058e+03 0.000000000000000000e+00 8.301932349135442146e-02
1.242858030000000099e+03 0.000000000000000000e+00 8.259369161135325654e-02
1.243539309999999887e+03 0.000000000000000000e+00 8.195628964448355147e-02
1.244220579999999927e+03 0.000000000000000000e+00 8.131889703356075250e-02
1.244901859999999942e+03 0.000000000000000000e+00 8.049390385540827753e-02
1.245583129999999983e+03 0.000000000000000000e+00 7.963545306001693080e-02
1.246264280000000099e+03 0.000000000000000000e+00 7.933978155347043426e-02
1.246945429999999988e+03 0.000000000000000000e+00 8.041110033074480579e-02
1.247626590000000078e+03 0.000000000000000000e+00 8.148243483610841109e-02
1.248307739999999967e+03 0.000000000000000000e+00 8.077554529637044622e-02
1.248988890000000083e+03 0.000000000000000000e+00 7.942441447829348689e-02
1.249670039999999972e+03 0.000000000000000000e+00 7.836742852605209364e-02
1.250351069999999936e+03 0.000000000000000000e+00 7.867923815957758582e-02
1.251032099999999900e+03 0.000000000000000000e+00 7.899104779310306412e-02
1.251713130000000092e+03 0.000000000000000000e+00 7.843286299280974316e-02
1.252394170000000031e+03 0.000000000000000000e+00 7.733980799666105577e-02
1.253075199999999995e+03 0.000000000000000000e+00 7.635051487390866198e-02
1.253756100000000060e+03 0.000000000000000000e+00 7.693000541325666075e-02
1.254437130000000025e+03 0.000000000000000000e+00 7.750960659112728079e-02
1.255118040000000065e+03 0.000000000000000000e+00 7.771338713159876843e-02
1.255798950000000104e+03 0.000000000000000000e+00 7.754732390986628088e-02
1.256479739999999993e+03 0.000000000000000000e+00 7.738128995424331524e-02
1.257160640000000058e+03 0.000000000000000000e+00 7.846504369152393354e-02
1.257841429999999946e+03 0.000000000000000000e+00 7.962014396793383464e-02
1.258522220000000061e+03 0.000000000000000000e+00 7.995416244921485505e-02
1.259202999999999975e+03 0.000000000000000000e+00 7.899126410264424580e-02
1.259883790000000090e+03 0.000000000000000000e+00 7.802835161202760494e-02
1.260564579999999978e+03 0.000000000000000000e+00 7.694010509272890264e-02
1.261245239999999967e+03 0.000000000000000000e+00 7.582624056992334771e-02
1.261926030000000083e+03 0.000000000000000000e+00 7.490755368154791705e-02
1.262606690000000071e+03 0.000000000000000000e+00 7.451518781630697696e-02
1.263287350000000060e+03 0.000000000000000000e+00 7.412282195106605076e-02
1.263968020000000024e+03 0.000000000000000000e+00 7.342535056303974017e-02
1.264648560000000089e+03 0.000000000000000000e+00 7.260461113335621441e-02
1.265329220000000078e+03 0.000000000000000000e+00 7.180377554469087598e-02
1.266009769999999889e+03 0.000000000000000000e+00 7.111390923770039008e-02
1.266690309999999954e+03 0.000000000000000000e+00 7.042405306760343708e-02
1.267370850000000019e+03 0.000000000000000000e+00 6.991353521029226858e-02
1.268051269999999931e+03 0.000000000000000000e+00 6.952571276534266764e-02
1.268731809999999996e+03 0.000000000000000000e+00 6.916575231863433815e-02
1.269412229999999909e+03 0.000000000000000000e+00 6.958047656451576968e-02
1.270092650000000049e+03 0.000000000000000000e+00 6.999520081039732611e-02
1.270773069999999962e+03 0.000000000000000000e+00 7.034148032528315941e-02
1.271453490000000102e+03 0.000000000000000000e+00 7.061223759201785966e-02
1.272133910000000014e+03 0.000000000000000000e+00 7.088299485875247663e-02
1.272814210000000003e+03 0.000000000000000000e+00 6.977614110539698267e-02
1.273494509999999991e+03 0.000000000000000000e+00 6.854270253638898580e-02
1.274174800000000005e+03 0.000000000000000000e+00 6.734383230551675703e-02
1.274855099999999993e+03 0.000000000000000000e+00 6.620744647843104791e-02
1.275535399999999981e+03 0.000000000000000000e+00 6.507106065134533879e-02
1.276215580000000045e+03 0.000000000000000000e+00 6.477998473546264790e-02
1.276895870000000059e+03 0.000000000000000000e+00 6.470555639420513816e-02
1.277576049999999896e+03 0.000000000000000000e+00 6.432841610141075417e-02
1.278256229999999960e+03 0.000000000000000000e+00 6.297029624913945411e-02
1.278936279999999897e+03 0.000000000000000000e+00 6.161243596871820299e-02
1.279616459999999961e+03 0.000000000000000000e+00 6.127377051198595187e-02
1.280296509999999898e+03 0.000000000000000000e+00 6.142475417712586760e-02
1.280976560000000063e+03 0.000000000000000000e+00 6.157082488521550129e-02
1.281656739999999900e+03 0.000000000000000000e+00 6.167919560644977844e-02
1.282336669999999913e+03 0.000000000000000000e+00 6.178752649605083469e-02
1.283016720000000078e+03 0.000000000000000000e+00 6.185232836909167198e-02
1.283696779999999990e+03 0.000000000000000000e+00 6.188213958756449973e-02
1.284376710000000003e+03 0.000000000000000000e+00 6.191194510733662865e-02
1.285056640000000016e+03 0.000000000000000000e+00 6.054623387461829237e-02
1.285736570000000029e+03 0.000000000000000000e+00 5.917195399978350534e-02
1.286416500000000042e+03 0.000000000000000000e+00 5.790684745446395693e-02
1.287096309999999903e+03 0.000000000000000000e+00 5.678498545695120914e-02
1.287776249999999891e+03 0.000000000000000000e+00 5.566290892587787836e-02
1.288456050000000005e+03 0.000000000000000000e+00 5.568330280295741980e-02
1.289135860000000093e+03 0.000000000000000000e+00 5.587194459835411603e-02
1.289815669999999955e+03 0.000000000000000000e+00 5.575219414414630398e-02
1.290495359999999891e+03 0.000000000000000000e+00 5.494707259188330584e-02
1.291175169999999980e+03 0.000000000000000000e+00 5.414180889454476425e-02
1.291854859999999917e+03 0.000000000000000000e+00 5.328191797426348048e-02
1.292534550000000081e+03 0.000000000000000000e+00 5.240364794435107415e-02
1.293214230000000043e+03 0.000000000000000000e+00 5.167254608142275718e-02
1.293893919999999980e+03 0.000000000000000000e+00 5.158063431764431384e-02
1.294573489999999993e+03 0.000000000000000000e+00 5.148873878098653850e-02
1.295253169999999955e+03 0.000000000000000000e+00 5.118296772798087979e-02
1.295932739999999967e+03 0.000000000000000000e+00 5.074904951879857795e-02
1.296612300000000005e+03 0.000000000000000000e+00 5.036125988033468559e-02
1.297291870000000017e+03 0.000000000000000000e+00 5.065479738459426756e-02
1.297971309999999903e+03 0.000000000000000000e+00 5.094827873588125139e-02
1.298650879999999916e+03 0.000000000000000000e+00 5.089338752484916933e-02
1.299330320000000029e+03 0.000000000000000000e+00 5.049151627234411965e-02
1.300009769999999889e+03 0.000000000000000000e+00 5.008963910509689477e-02
1.300689210000000003e+03 0.000000000000000000e+00 4.990750767874387039e-02
1.301368649999999889e+03 0.000000000000000000e+00 4.973971563742015517e-02
1.302047970000000078e+03 0.000000000000000000e+00 4.898589304937336908e-02
1.302727290000000039e+03 0.000000000000000000e+00 4.725985778157323208e-02
1.303406739999999900e+03 0.000000000000000000e+00 4.553349220613509690e-02
1.304085939999999937e+03 0.000000000000000000e+00 4.416135070950598374e-02
1.304765259999999898e+03 0.000000000000000000e+00 4.286997624019810160e-02
1.305444580000000087e+03 0.000000000000000000e+00 4.195601042848853823e-02
1.306123779999999897e+03 0.000000000000000000e+00 4.217125227218458672e-02
1.306802979999999934e+03 0.000000000000000000e+00 4.238649411588070459e-02
1.307482299999999896e+03 0.000000000000000000e+00 4.265544649985657244e-02
1.308161380000000008e+03 0.000000000000000000e+00 4.294871078846426021e-02
1.308840580000000045e+03 0.000000000000000000e+00 4.306381980048518826e-02
1.309519780000000083e+03 0.000000000000000000e+00 4.192225827994112974e-02
1.310198849999999993e+03 0.000000000000000000e+00 4.078091525615474416e-02
1.310877930000000106e+03 0.000000000000000000e+00 4.004237037119102310e-02
1.311557009999999991e+03 0.000000000000000000e+00 3.961946745489850624e-02
1.312236079999999902e+03 0.000000000000000000e+00 3.919657076619206121e-02
1.312915040000000090e+03 0.000000000000000000e+00 4.056660217532165325e-02
1.313594119999999975e+03 0.000000000000000000e+00 4.194141122767363478e-02
1.314273069999999962e+03 0.000000000000000000e+00 4.209203796275887838e-02
1.314952029999999922e+03 0.000000000000000000e+00 4.064307965380257320e-02
1.315630979999999909e+03 0.000000000000000000e+00 3.919414268569559184e-02
1.316309809999999970e+03 0.000000000000000000e+00 3.865557962921849222e-02
1.316988769999999931e+03 0.000000000000000000e+00 3.825338521724433449e-02
1.317667599999999993e+03 0.000000000000000000e+00 3.788631154488428937e-02
1.318346440000000030e+03 0.000000000000000000e+00 3.759889250503557073e-02
1.319025270000000091e+03 0.000000000000000000e+00 3.731147769916009355e-02
1.319704099999999926e+03 0.000000000000000000e+00 3.761115656462445805e-02
1.320382810000000063e+03 0.000000000000000000e+00 3.811589313538815693e-02
1.321061519999999973e+03 0.000000000000000000e+00 3.850313803606247864e-02
1.321740360000000010e+03 0.000000000000000000e+00 3.834191963908685497e-02
1.322419069999999920e+03 0.000000000000000000e+00 3.818073211594252142e-02
1.323097659999999905e+03 0.000000000000000000e+00 3.810582830737637566e-02
1.323776370000000043e+03 0.000000000000000000e+00 3.808556761580594169e-02
1.324454960000000028e+03 0.000000000000000000e+00 3.803067542679745838e-02
1.325133669999999938e+03 0.000000000000000000e+00 3.727829643943349203e-02
1.325812259999999924e+03 0.000000000000000000e+00 3.652605047718839038e-02
1.326490720000000010e+03 0.000000000000000000e+00 3.576890626541383983e-02
1.327169309999999996e+03 0.000000000000000000e+00 3.500620496787594516e-02
1.327847899999999981e+03 0.000000000000000000e+00 3.424350367033805742e-02
1.328526370000000043e+03 0.000000000000000000e+00 3.532579803674571611e-02
1.329204829999999902e+03 0.000000000000000000e+00 3.657414444448342516e-02
1.329883299999999963e+03 0.000000000000000000e+00 3.735827732660678552e-02
1.330561770000000024e+03 0.000000000000000000e+00 3.728616021106382489e-02
1.331240109999999959e+03 0.000000000000000000e+00 3.721405691370741065e-02
1.331918580000000020e+03 0.000000000000000000e+00 3.548811745527043898e-02
1.332596919999999955e+03 0.000000000000000000e+00 3.331299098942743647e-02
1.333275270000000091e+03 0.000000000000000000e+00 3.183534156719772940e-02
1.333953610000000026e+03 0.000000000000000000e+00 3.281913417497712981e-02
1.334631840000000011e+03 0.000000000000000000e+00 3.380276725038809660e-02
1.335310179999999946e+03 0.000000000000000000e+00 3.402212878528557138e-02
1.335988399999999956e+03 0.000000000000000000e+00 3.383862211530565961e-02
1.336666629999999941e+03 0.000000000000000000e+00 3.360130510839794832e-02
1.337344849999999951e+03 0.000000000000000000e+00 3.281266871739299540e-02
1.338022950000000037e+03 0.000000000000000000e+00 3.202417186277278782e-02
1.338701170000000047e+03 0.000000000000000000e+00 3.134778260488140650e-02
1.339379269999999906e+03 0.000000000000000000e+00 3.077407582437961461e-02
1.340057369999999992e+03 0.000000000000000000e+00 3.020036904387763538e-02
1.340735470000000078e+03 0.000000000000000000e+00 3.023344421514356437e-02
1.341413569999999936e+03 0.000000000000000000e+00 3.029427992607173006e-02
1.342091550000000097e+03 0.000000000000000000e+00 3.049792404604006330e-02
1.342769649999999956e+03 0.000000000000000000e+00 3.092538084874793883e-02
1.343447629999999890e+03 0.000000000000000000e+00 3.135276200654165540e-02
1.344125610000000052e+03 0.000000000000000000e+00 3.059444972524040171e-02
1.344803589999999986e+03 0.000000000000000000e+00 2.958114833513320399e-02
1.345481449999999995e+03 0.000000000000000000e+00 2.890967421354676339e-02
1.346159419999999955e+03 0.000000000000000000e+00 2.923073197622310521e-02
1.346837279999999964e+03 0.000000000000000000e+00 2.955173764757700744e-02
1.347515139999999974e+03 0.000000000000000000e+00 2.965053846928034781e-02
1.348192990000000009e+03 0.000000000000000000e+00 2.964903989419269068e-02
1.348870850000000019e+03 0.000000000000000000e+00 2.961178318009773103e-02
1.349548579999999902e+03 0.000000000000000000e+00 2.931703989907445337e-02
1.350226319999999987e+03 0.000000000000000000e+00 2.902229226907316120e-02
1.350904170000000022e+03 0.000000000000000000e+00 2.873898582703447377e-02
1.351581789999999955e+03 0.000000000000000000e+00 2.846500396930605817e-02
1.352259520000000066e+03 0.000000000000000000e+00 2.819097763531602102e-02
1.352937259999999924e+03 0.000000000000000000e+00 2.891201861154467714e-02
1.353614870000000110e+03 0.000000000000000000e+00 2.964617879653357047e-02
1.354292480000000069e+03 0.000000000000000000e+00 2.982191587613617842e-02
1.354970090000000027e+03 0.000000000000000000e+00 2.922340141202566313e-02
1.355647709999999961e+03 0.000000000000000000e+00 2.862487811518743541e-02
1.356325319999999920e+03 0.000000000000000000e+00 2.802399296048108113e-02
1.357002809999999954e+03 0.000000000000000000e+00 2.742279988200332919e-02
1.357680299999999988e+03 0.000000000000000000e+00 2.690698912731524090e-02
1.358357790000000023e+03 0.000000000000000000e+00 2.660762179477386274e-02
1.359035280000000057e+03 0.000000000000000000e+00 2.630825446223248459e-02
1.359712770000000091e+03 0.000000000000000000e+00 2.593419214464517952e-02
1.360390139999999974e+03 0.000000000000000000e+00 2.553042159770706546e-02
1.361067630000000008e+03 0.000000000000000000e+00 2.528535420013571650e-02
1.361744999999999891e+03 0.000000000000000000e+00 2.596657872773041817e-02
1.362422360000000026e+03 0.000000000000000000e+00 2.664779319842105684e-02
1.363099609999999984e+03 0.000000000000000000e+00 2.705270972676439636e-02
1.363776980000000094e+03 0.000000000000000000e+00 2.725590395973849153e-02
1.364454220000000078e+03 0.000000000000000000e+00 2.745084373390983476e-02
1.365131470000000036e+03 0.000000000000000000e+00 2.672323989124817875e-02
1.365808719999999994e+03 0.000000000000000000e+00 2.599563604858652274e-02
1.366485959999999977e+03 0.000000000000000000e+00 2.582783331132085941e-02
1.367163209999999935e+03 0.000000000000000000e+00 2.637255834558491219e-02
1.367840329999999994e+03 0.000000000000000000e+00 2.691717881838067220e-02
