9.306945799999999736e+02 0.000000000000000000e+00 9.998670409574657303e-02
9.313851899999999659e+02 0.000000000000000000e+00 9.669526383809078085e-02
9.320757399999999961e+02 0.000000000000000000e+00 9.340410953982644648e-02
9.327663000000000011e+02 0.000000000000000000e+00 9.450124836251322380e-02
9.334568500000000313e+02 0.000000000000000000e+00 9.681257990720626427e-02
9.341473999999999478e+02 0.000000000000000000e+00 9.644004243630727169e-02
9.348378900000000158e+02 0.000000000000000000e+00 8.830653550055972412e-02
9.355283799999999701e+02 0.000000000000000000e+00 8.017302856481353657e-02
9.362188700000000381e+02 0.000000000000000000e+00 8.093035230631742682e-02
9.369093000000000302e+02 0.000000000000000000e+00 8.496910422472481184e-02
9.375997300000000223e+02 0.000000000000000000e+00 8.813371826774349382e-02
9.382901600000000144e+02 0.000000000000000000e+00 8.788251196610191718e-02
9.389805300000000443e+02 0.000000000000000000e+00 8.763132749488208861e-02
9.396708999999999605e+02 0.000000000000000000e+00 9.316805612972917094e-02
9.403612699999999904e+02 0.000000000000000000e+00 1.014668251713608249e-01
9.410515699999999697e+02 0.000000000000000000e+00 1.076627982969783348e-01
9.417418800000000374e+02 0.000000000000000000e+00 1.019347288724504613e-01
9.424321899999999914e+02 0.000000000000000000e+00 9.620665944792351765e-02
9.431224999999999454e+02 0.000000000000000000e+00 9.980664581232591426e-02
9.438127399999999625e+02 0.000000000000000000e+00 1.090570612297408482e-01
9.445029899999999543e+02 0.000000000000000000e+00 1.171736074336788280e-01
9.451931799999999839e+02 0.000000000000000000e+00 1.145387077471592546e-01
9.458833600000000388e+02 0.000000000000000000e+00 1.119038462370792186e-01
9.465735499999999547e+02 0.000000000000000000e+00 1.064742915446871413e-01
9.472637300000000096e+02 0.000000000000000000e+00 9.891707922930835506e-02
9.479538599999999633e+02 0.000000000000000000e+00 9.226863841637406027e-02
9.486439800000000560e+02 0.000000000000000000e+00 1.073793333481233847e-01
9.493341100000000097e+02 0.000000000000000000e+00 1.224902472373688156e-01
9.500241700000000264e+02 0.000000000000000000e+00 1.283330958365336560e-01
9.507142300000000432e+02 0.000000000000000000e+00 1.253542749345900043e-01
9.514043000000000347e+02 0.000000000000000000e+00 1.223754108650827455e-01
9.520943600000000515e+02 0.000000000000000000e+00 1.206681141722637102e-01
9.527843599999999924e+02 0.000000000000000000e+00 1.189812972224677662e-01
9.534743700000000217e+02 0.000000000000000000e+00 1.207250654417715841e-01
9.541643100000000004e+02 0.000000000000000000e+00 1.265595248916239757e-01
9.548542499999999791e+02 0.000000000000000000e+00 1.323939843414763951e-01
9.555441899999999578e+02 0.000000000000000000e+00 1.330434404242624435e-01
9.562341300000000501e+02 0.000000000000000000e+00 1.332889699070173850e-01
9.569240099999999529e+02 0.000000000000000000e+00 1.357744460284507904e-01
9.576138899999999694e+02 0.000000000000000000e+00 1.416313144569102400e-01
9.583037699999999859e+02 0.000000000000000000e+00 1.474881828853696897e-01
9.589935900000000402e+02 0.000000000000000000e+00 1.521537190270583484e-01
9.596834099999999808e+02 0.000000000000000000e+00 1.566420436408919037e-01
9.603731699999999591e+02 0.000000000000000000e+00 1.610468276661326525e-01
9.610629900000000134e+02 0.000000000000000000e+00 1.652916279915241371e-01
9.617527499999999918e+02 0.000000000000000000e+00 1.695360591075278922e-01
9.624424999999999955e+02 0.000000000000000000e+00 1.791742568250463685e-01
9.631322000000000116e+02 0.000000000000000000e+00 1.900571413719180924e-01
9.638219000000000278e+02 0.000000000000000000e+00 2.012866652706160053e-01
9.645116000000000440e+02 0.000000000000000000e+00 2.133932388082857290e-01
9.652012300000000096e+02 0.000000000000000000e+00 2.254985836086084161e-01
9.658908699999999499e+02 0.000000000000000000e+00 2.326573214957618208e-01
9.665805100000000039e+02 0.000000000000000000e+00 2.382002132051501686e-01
9.672701399999999694e+02 0.000000000000000000e+00 2.444820082972040121e-01
9.679597199999999475e+02 0.000000000000000000e+00 2.533192808779238803e-01
9.686492899999999509e+02 0.000000000000000000e+00 2.621564253042228398e-01
9.693388700000000426e+02 0.000000000000000000e+00 2.755082395895397385e-01
9.700283799999999701e+02 0.000000000000000000e+00 2.908431077560385547e-01
9.707178999999999860e+02 0.000000000000000000e+00 3.066968945986169315e-01
9.714073499999999513e+02 0.000000000000000000e+00 3.251787006965861648e-01
9.720968599999999924e+02 0.000000000000000000e+00 3.436621151901857463e-01
9.727863200000000461e+02 0.000000000000000000e+00 3.574159588572901614e-01
9.734757100000000491e+02 0.000000000000000000e+00 3.684467628681510343e-01
9.741651600000000144e+02 0.000000000000000000e+00 3.801710225735261406e-01
9.748545500000000175e+02 0.000000000000000000e+00 3.978361249565467439e-01
9.755438799999999446e+02 0.000000000000000000e+00 4.154996898845065845e-01
9.762332800000000361e+02 0.000000000000000000e+00 4.311383141966962373e-01
9.769226099999999633e+02 0.000000000000000000e+00 4.452706091292791268e-01
9.776119400000000041e+02 0.000000000000000000e+00 4.597998443570288085e-01
9.783012099999999691e+02 0.000000000000000000e+00 4.830787016435792447e-01
9.789904800000000478e+02 0.000000000000000000e+00 5.063575589301335667e-01
9.796797500000000127e+02 0.000000000000000000e+00 5.282191431298731699e-01
9.803690199999999777e+02 0.000000000000000000e+00 5.487332399779083492e-01
9.810582299999999805e+02 0.000000000000000000e+00 5.692455511021923265e-01
9.817474399999999832e+02 0.000000000000000000e+00 5.860511310745351032e-01
9.824365800000000490e+02 0.000000000000000000e+00 6.027858059819768410e-01
9.831257299999999759e+02 0.000000000000000000e+00 6.218002516933727186e-01
9.838148800000000165e+02 0.000000000000000000e+00 6.435948170982743743e-01
9.845040299999999434e+02 0.000000000000000000e+00 6.653893825031724774e-01
9.851931200000000217e+02 0.000000000000000000e+00 6.821477791756475062e-01
9.858822000000000116e+02 0.000000000000000000e+00 6.984640806901935006e-01
9.865712899999999763e+02 0.000000000000000000e+00 7.111480769153137871e-01
9.872603100000000040e+02 0.000000000000000000e+00 7.180984284514876359e-01
9.879493400000000065e+02 0.000000000000000000e+00 7.250488808606625479e-01
9.886383700000000090e+02 0.000000000000000000e+00 7.432946911000911649e-01
9.893273299999999608e+02 0.000000000000000000e+00 7.634336780694244151e-01
9.900163000000000011e+02 0.000000000000000000e+00 7.789981508844855407e-01
9.907052599999999529e+02 0.000000000000000000e+00 7.850396173373597186e-01
9.913941700000000310e+02 0.000000000000000000e+00 7.910806453419612083e-01
9.920830700000000206e+02 0.000000000000000000e+00 8.008341680418251674e-01
9.927719700000000103e+02 0.000000000000000000e+00 8.115602153834500232e-01
9.934608799999999746e+02 0.000000000000000000e+00 8.230472895085009233e-01
9.941497200000000021e+02 0.000000000000000000e+00 8.366931466414230245e-01
9.948385600000000295e+02 0.000000000000000000e+00 8.503390037743452368e-01
9.955273399999999810e+02 0.000000000000000000e+00 8.567453628549949185e-01
9.962161300000000210e+02 0.000000000000000000e+00 8.604491423836186925e-01
9.969049099999999726e+02 0.000000000000000000e+00 8.650070123401097932e-01
9.975936900000000378e+02 0.000000000000000000e+00 8.730761342197133068e-01
9.982824100000000271e+02 0.000000000000000000e+00 8.811445531937251996e-01
9.989711300000000165e+02 0.000000000000000000e+00 8.868256776811621611e-01
9.996597900000000436e+02 0.000000000000000000e+00 8.912937841582555532e-01
1.000348449999999957e+03 0.000000000000000000e+00 8.945507141779059923e-01
1.001037109999999984e+03 0.000000000000000000e+00 8.897224493058961681e-01
1.001725770000000011e+03 0.000000000000000000e+00 8.848941844338864549e-01
1.002414369999999963e+03 0.000000000000000000e+00 8.808407533007474033e-01
1.003102970000000028e+03 0.000000000000000000e+00 8.773093768598613229e-01
1.003791560000000004e+03 0.000000000000000000e+00 8.738291813758756188e-01
1.004480099999999993e+03 0.000000000000000000e+00 8.710948810908674123e-01
1.005168639999999982e+03 0.000000000000000000e+00 8.683605808058592057e-01
1.005857179999999971e+03 0.000000000000000000e+00 8.674937216224145597e-01
1.006545650000000023e+03 0.000000000000000000e+00 8.682774689030785531e-01
1.007234130000000050e+03 0.000000000000000000e+00 8.690612275676414811e-01
1.007922609999999963e+03 0.000000000000000000e+00 8.602433527087302023e-01
1.008611020000000053e+03 0.000000000000000000e+00 8.514007607203301076e-01
1.009299440000000004e+03 0.000000000000000000e+00 8.469259919510593315e-01
1.009987849999999980e+03 0.000000000000000000e+00 8.475031888982099693e-01
1.010676270000000045e+03 0.000000000000000000e+00 8.480803942298545950e-01
1.011364619999999945e+03 0.000000000000000000e+00 8.408406059907996832e-01
1.012052919999999972e+03 0.000000000000000000e+00 8.330125842098883293e-01
1.012741269999999986e+03 0.000000000000000000e+00 8.230517594571202800e-01
1.013429570000000012e+03 0.000000000000000000e+00 8.098371764946364904e-01
1.014117859999999951e+03 0.000000000000000000e+00 7.966227855208651842e-01
1.014806090000000040e+03 0.000000000000000000e+00 7.844155893817048586e-01
1.015494320000000016e+03 0.000000000000000000e+00 7.723696815679912397e-01
1.016182559999999967e+03 0.000000000000000000e+00 7.622325388569387572e-01
1.016870790000000056e+03 0.000000000000000000e+00 7.560167408981652848e-01
1.017558959999999956e+03 0.000000000000000000e+00 7.498014848336402860e-01
1.018247129999999970e+03 0.000000000000000000e+00 7.364474602560493466e-01
1.018935240000000022e+03 0.000000000000000000e+00 7.212302143290404421e-01
1.019623349999999959e+03 0.000000000000000000e+00 7.068453553988064408e-01
1.020311460000000011e+03 0.000000000000000000e+00 6.948530010726456929e-01
1.020999569999999949e+03 0.000000000000000000e+00 6.828606467464868324e-01
1.021687620000000038e+03 0.000000000000000000e+00 6.772926623865758167e-01
1.022375670000000014e+03 0.000000000000000000e+00 6.741806312142172297e-01
1.023063719999999989e+03 0.000000000000000000e+00 6.692799960690598571e-01
1.023751710000000003e+03 0.000000000000000000e+00 6.566760970758740434e-01
1.024439699999999903e+03 0.000000000000000000e+00 6.440721980826904502e-01
1.025127690000000030e+03 0.000000000000000000e+00 6.305138548459759962e-01
1.025815550000000030e+03 0.000000000000000000e+00 6.164516662099869260e-01
1.026503539999999930e+03 0.000000000000000000e+00 6.031226803121401137e-01
1.027191409999999905e+03 0.000000000000000000e+00 5.953145829918107257e-01
1.027879269999999906e+03 0.000000000000000000e+00 5.875065991827159717e-01
1.028567140000000109e+03 0.000000000000000000e+00 5.786744408288360120e-01
1.029255000000000109e+03 0.000000000000000000e+00 5.691076905794058005e-01
1.029942870000000084e+03 0.000000000000000000e+00 5.594554272694955976e-01
1.030630619999999908e+03 0.000000000000000000e+00 5.480612430260405343e-01
1.031318479999999909e+03 0.000000000000000000e+00 5.366652363757968836e-01
1.032006229999999960e+03 0.000000000000000000e+00 5.280564156453755320e-01
1.032693970000000036e+03 0.000000000000000000e+00 5.221149496840737925e-01
1.033381710000000112e+03 0.000000000000000000e+00 5.161734837227719419e-01
1.034069340000000011e+03 0.000000000000000000e+00 5.053450971997631713e-01
1.034757080000000087e+03 0.000000000000000000e+00 4.943885280205651545e-01
1.035444700000000012e+03 0.000000000000000000e+00 4.851499309693494411e-01
1.036132319999999936e+03 0.000000000000000000e+00 4.781088799741760043e-01
1.036820069999999987e+03 0.000000000000000000e+00 4.710664978126167246e-01
1.037507569999999987e+03 0.000000000000000000e+00 4.633448859434580180e-01
1.038195189999999911e+03 0.000000000000000000e+00 4.555479799316285439e-01
1.038882810000000063e+03 0.000000000000000000e+00 4.490722530447907035e-01
1.039570310000000063e+03 0.000000000000000000e+00 4.448905760231939288e-01
1.040257810000000063e+03 0.000000000000000000e+00 4.407088990015970986e-01
1.040945310000000063e+03 0.000000000000000000e+00 4.339753414449412650e-01
1.041632810000000063e+03 0.000000000000000000e+00 4.267147753439120561e-01
1.042320310000000063e+03 0.000000000000000000e+00 4.199147143912869140e-01
1.043007689999999911e+03 0.000000000000000000e+00 4.142317952765425804e-01
1.043695189999999911e+03 0.000000000000000000e+00 4.085478840609302331e-01
1.044382569999999987e+03 0.000000000000000000e+00 3.986335355082701315e-01
1.045069950000000063e+03 0.000000000000000000e+00 3.873468591892306745e-01
1.045757319999999936e+03 0.000000000000000000e+00 3.784739631223090761e-01
1.046444700000000012e+03 0.000000000000000000e+00 3.782733358250950917e-01
1.047131959999999935e+03 0.000000000000000000e+00 3.780727435525773616e-01
1.047819340000000011e+03 0.000000000000000000e+00 3.723196316096178404e-01
1.048506589999999960e+03 0.000000000000000000e+00 3.639593057746531857e-01
1.049193850000000111e+03 0.000000000000000000e+00 3.557598074081462780e-01
1.049881100000000060e+03 0.000000000000000000e+00 3.485278927029729079e-01
1.050568359999999984e+03 0.000000000000000000e+00 3.412958727680478477e-01
1.051255490000000009e+03 0.000000000000000000e+00 3.345460380986068905e-01
1.051942749999999933e+03 0.000000000000000000e+00 3.281090367232520899e-01
1.052629879999999957e+03 0.000000000000000000e+00 3.217952580379956906e-01
1.053317019999999957e+03 0.000000000000000000e+00 3.171811705746525045e-01
1.054004149999999981e+03 0.000000000000000000e+00 3.125671502604703833e-01
1.054691280000000006e+03 0.000000000000000000e+00 3.073645411937874217e-01
1.055378300000000081e+03 0.000000000000000000e+00 3.016381360173091553e-01
1.056065430000000106e+03 0.000000000000000000e+00 2.959108139758646061e-01
1.056752439999999979e+03 0.000000000000000000e+00 2.923747534378672297e-01
1.057439450000000079e+03 0.000000000000000000e+00 2.888591176164542751e-01
1.058126459999999952e+03 0.000000000000000000e+00 2.843790895042459521e-01
1.058813480000000027e+03 0.000000000000000000e+00 2.787306913682630616e-01
1.059500489999999900e+03 0.000000000000000000e+00 2.730823754482018528e-01
1.060187380000000076e+03 0.000000000000000000e+00 2.680330427924538239e-01
1.060874270000000024e+03 0.000000000000000000e+00 2.630402394119481513e-01
1.061561159999999973e+03 0.000000000000000000e+00 2.577021710417604639e-01
1.062248049999999921e+03 0.000000000000000000e+00 2.517877423512960289e-01
1.062934940000000097e+03 0.000000000000000000e+00 2.458733136608296233e-01
1.063621830000000045e+03 0.000000000000000000e+00 2.441155768000116688e-01
1.064308590000000095e+03 0.000000000000000000e+00 2.431735970359487908e-01
1.064995480000000043e+03 0.000000000000000000e+00 2.414709087369461271e-01
1.065682250000000067e+03 0.000000000000000000e+00 2.379667419244164417e-01
1.066369020000000091e+03 0.000000000000000000e+00 2.344625751118867840e-01
1.067055659999999989e+03 0.000000000000000000e+00 2.289236502202385559e-01
1.067742430000000013e+03 0.000000000000000000e+00 2.227319897298444262e-01
1.068429080000000113e+03 0.000000000000000000e+00 2.163344988614841202e-01
1.069115839999999935e+03 0.000000000000000000e+00 2.091934560088413719e-01
1.069802490000000034e+03 0.000000000000000000e+00 2.020535569541947740e-01
1.070489139999999907e+03 0.000000000000000000e+00 2.015001056979109639e-01
1.071175780000000032e+03 0.000000000000000000e+00 2.040689408851442677e-01
1.071862300000000005e+03 0.000000000000000000e+00 2.056468937385557416e-01
1.072548950000000104e+03 0.000000000000000000e+00 2.010728194252939804e-01
1.073235470000000078e+03 0.000000000000000000e+00 1.964996110985774702e-01
1.073922000000000025e+03 0.000000000000000000e+00 1.940699377486728439e-01
1.074608519999999999e+03 0.000000000000000000e+00 1.930772073102045849e-01
1.075295039999999972e+03 0.000000000000000000e+00 1.918560197890646080e-01
1.075981569999999920e+03 0.000000000000000000e+00 1.869693938022308211e-01
1.076667969999999968e+03 0.000000000000000000e+00 1.820836931374918977e-01
1.077354370000000017e+03 0.000000000000000000e+00 1.791735677561558382e-01
1.078040770000000066e+03 0.000000000000000000e+00 1.781000295366705066e-01
1.078727169999999887e+03 0.000000000000000000e+00 1.770264913171855359e-01
1.079413569999999936e+03 0.000000000000000000e+00 1.748957518000224809e-01
1.080099979999999960e+03 0.000000000000000000e+00 1.727407435038575134e-01
1.080786250000000109e+03 0.000000000000000000e+00 1.710159090003314786e-01
1.081472659999999905e+03 0.000000000000000000e+00 1.698444031307371482e-01
1.082158940000000030e+03 0.000000000000000000e+00 1.686731191340214708e-01
1.082845209999999952e+03 0.000000000000000000e+00 1.680653450138173133e-01
1.083531369999999924e+03 0.000000000000000000e+00 1.675228490389243652e-01
1.084217650000000049e+03 0.000000000000000000e+00 1.667194168232745966e-01
1.084903929999999946e+03 0.000000000000000000e+00 1.654421266315631023e-01
1.085590089999999918e+03 0.000000000000000000e+00 1.641650597813782142e-01
1.086276249999999891e+03 0.000000000000000000e+00 1.620418785088526825e-01
1.086962399999999889e+03 0.000000000000000000e+00 1.597252854634772512e-01
1.087648560000000089e+03 0.000000000000000000e+00 1.576709285069658462e-01
1.088334589999999935e+03 0.000000000000000000e+00 1.563155894364789966e-01
1.089020749999999907e+03 0.000000000000000000e+00 1.549599935345425950e-01
1.089706789999999955e+03 0.000000000000000000e+00 1.548962783414815914e-01
1.090392820000000029e+03 0.000000000000000000e+00 1.553071049253783031e-01
1.091078860000000077e+03 0.000000000000000000e+00 1.556338266998718300e-01
1.091764889999999923e+03 0.000000000000000000e+00 1.556008131363123548e-01
1.092450810000000047e+03 0.000000000000000000e+00 1.555678048662414437e-01
1.093136839999999893e+03 0.000000000000000000e+00 1.556822919962395912e-01
1.093822750000000042e+03 0.000000000000000000e+00 1.558770402388789944e-01
1.094508669999999938e+03 0.000000000000000000e+00 1.560903793925908223e-01
1.095194580000000087e+03 0.000000000000000000e+00 1.564609552005520321e-01
1.095880490000000009e+03 0.000000000000000000e+00 1.568315310085131309e-01
1.096566409999999905e+03 0.000000000000000000e+00 1.555728262691946084e-01
1.097252199999999903e+03 0.000000000000000000e+00 1.530522361376547846e-01
1.097937989999999900e+03 0.000000000000000000e+00 1.506320437814860913e-01
1.098623779999999897e+03 0.000000000000000000e+00 1.529316759605080234e-01
1.099309569999999894e+03 0.000000000000000000e+00 1.552313081395299554e-01
1.099995359999999891e+03 0.000000000000000000e+00 1.568288382006151616e-01
1.100681149999999889e+03 0.000000000000000000e+00 1.576615980036960019e-01
1.101366819999999962e+03 0.000000000000000000e+00 1.584942120899009432e-01
1.102052490000000034e+03 0.000000000000000000e+00 1.610771082979679525e-01
1.102738160000000107e+03 0.000000000000000000e+00 1.637802234104695775e-01
1.103423829999999953e+03 0.000000000000000000e+00 1.653370755216941324e-01
1.104109500000000025e+03 0.000000000000000000e+00 1.651228710309392833e-01
1.104795170000000098e+03 0.000000000000000000e+00 1.649086665401844065e-01
1.105480710000000045e+03 0.000000000000000000e+00 1.654608856198152844e-01
1.106166259999999966e+03 0.000000000000000000e+00 1.661484675519816212e-01
1.106851809999999887e+03 0.000000000000000000e+00 1.666408172810427135e-01
1.107537350000000060e+03 0.000000000000000000e+00 1.666916902680064261e-01
1.108222899999999981e+03 0.000000000000000000e+00 1.667425639970564477e-01
1.108908449999999903e+03 0.000000000000000000e+00 1.688541202977759670e-01
1.109593869999999924e+03 0.000000000000000000e+00 1.716039792654879825e-01
1.110279299999999921e+03 0.000000000000000000e+00 1.738056212633199149e-01
1.110964719999999943e+03 0.000000000000000000e+00 1.740588232411900416e-01
1.111650149999999940e+03 0.000000000000000000e+00 1.743120289131743494e-01
1.112335569999999962e+03 0.000000000000000000e+00 1.754172393654991891e-01
1.113020999999999958e+03 0.000000000000000000e+00 1.769310714291745801e-01
1.113706300000000056e+03 0.000000000000000000e+00 1.784353128019560697e-01
1.114391599999999926e+03 0.000000000000000000e+00 1.798783727524836673e-01
1.115076900000000023e+03 0.000000000000000000e+00 1.813214327030117645e-01
1.115762210000000096e+03 0.000000000000000000e+00 1.824788409524885080e-01
1.116447509999999966e+03 0.000000000000000000e+00 1.834362108203087816e-01
1.117132689999999911e+03 0.000000000000000000e+00 1.843124598929233859e-01
1.117817990000000009e+03 0.000000000000000000e+00 1.834148268137399396e-01
1.118503169999999955e+03 0.000000000000000000e+00 1.825173509153089069e-01
1.119188349999999900e+03 0.000000000000000000e+00 1.825727455796631593e-01
1.119873540000000048e+03 0.000000000000000000e+00 1.835841094012089780e-01
1.120558590000000095e+03 0.000000000000000000e+00 1.845952665779772850e-01
1.121243770000000040e+03 0.000000000000000000e+00 1.840553534287230619e-01
1.121928830000000062e+03 0.000000000000000000e+00 1.834417101076930290e-01
1.122613890000000083e+03 0.000000000000000000e+00 1.838030111266029387e-01
1.123298950000000104e+03 0.000000000000000000e+00 1.855682504497886964e-01
1.123984009999999898e+03 0.000000000000000000e+00 1.873334897729738435e-01
1.124669069999999920e+03 0.000000000000000000e+00 1.868549047385938688e-01
1.125354000000000042e+03 0.000000000000000000e+00 1.860260878312144650e-01
1.126039060000000063e+03 0.000000000000000000e+00 1.857008554982476356e-01
1.126723999999999933e+03 0.000000000000000000e+00 1.864475796235291749e-01
1.127408940000000030e+03 0.000000000000000000e+00 1.871943037488109363e-01
1.128093869999999924e+03 0.000000000000000000e+00 1.874377849415135577e-01
1.128778690000000097e+03 0.000000000000000000e+00 1.875347773278460695e-01
1.129463619999999992e+03 0.000000000000000000e+00 1.870840231098376827e-01
1.130148439999999937e+03 0.000000000000000000e+00 1.847914117743615914e-01
1.130833249999999907e+03 0.000000000000000000e+00 1.824988339164610451e-01
1.131518070000000080e+03 0.000000000000000000e+00 1.803223186139159828e-01
1.132202880000000050e+03 0.000000000000000000e+00 1.781996128239226596e-01
1.132887699999999995e+03 0.000000000000000000e+00 1.762877637998108427e-01
1.133572390000000041e+03 0.000000000000000000e+00 1.756975627568296561e-01
1.134257080000000087e+03 0.000000000000000000e+00 1.751073617138484695e-01
1.134941769999999906e+03 0.000000000000000000e+00 1.748531000021477932e-01
1.135626459999999952e+03 0.000000000000000000e+00 1.748306267681970505e-01
1.136311159999999973e+03 0.000000000000000000e+00 1.747257857985239082e-01
1.136995850000000019e+03 0.000000000000000000e+00 1.728987962024751690e-01
1.137680419999999913e+03 0.000000000000000000e+00 1.710721268079070934e-01
1.138364990000000034e+03 0.000000000000000000e+00 1.693860629614477864e-01
1.139049559999999929e+03 0.000000000000000000e+00 1.678410064574792360e-01
1.139734130000000050e+03 0.000000000000000000e+00 1.662959499535101859e-01
1.140418699999999944e+03 0.000000000000000000e+00 1.643255493610995266e-01
1.141103149999999914e+03 0.000000000000000000e+00 1.623344012172338868e-01
1.141787720000000036e+03 0.000000000000000000e+00 1.602841660584777561e-01
1.142472170000000006e+03 0.000000000000000000e+00 1.581483784587150720e-01
1.143156619999999975e+03 0.000000000000000000e+00 1.560125908589523602e-01
1.143841059999999970e+03 0.000000000000000000e+00 1.550069342751909385e-01
1.144525509999999940e+03 0.000000000000000000e+00 1.541865990122786856e-01
1.145209839999999986e+03 0.000000000000000000e+00 1.535272887730145530e-01
1.145894289999999955e+03 0.000000000000000000e+00 1.532224154639152958e-01
1.146578610000000026e+03 0.000000000000000000e+00 1.529176000604777208e-01
1.147262940000000071e+03 0.000000000000000000e+00 1.523294686032371226e-01
1.147947269999999889e+03 0.000000000000000000e+00 1.516544268221013403e-01
1.148631470000000036e+03 0.000000000000000000e+00 1.510926061919242724e-01
1.149315800000000081e+03 0.000000000000000000e+00 1.509372375788197163e-01
1.150000000000000000e+03 0.000000000000000000e+00 1.507818984805979201e-01
1.150684199999999919e+03 0.000000000000000000e+00 1.508405824755392477e-01
1.151368410000000040e+03 0.000000000000000000e+00 1.510045438767158021e-01
1.152052609999999959e+03 0.000000000000000000e+00 1.508911577309293428e-01
1.152736820000000080e+03 0.000000000000000000e+00 1.487922724174191025e-01
1.153420900000000074e+03 0.000000000000000000e+00 1.466937858924255711e-01
1.154104980000000069e+03 0.000000000000000000e+00 1.461065377919945896e-01
1.154789060000000063e+03 0.000000000000000000e+00 1.466381646437407982e-01
1.155473140000000058e+03 0.000000000000000000e+00 1.471096322652221122e-01
1.156157230000000027e+03 0.000000000000000000e+00 1.453780435981892327e-01
1.156841310000000021e+03 0.000000000000000000e+00 1.436464802434495036e-01
1.157525270000000091e+03 0.000000000000000000e+00 1.434256830668706462e-01
1.158209229999999934e+03 0.000000000000000000e+00 1.448511127958175271e-01
1.158893190000000004e+03 0.000000000000000000e+00 1.462765425247648521e-01
1.159577150000000074e+03 0.000000000000000000e+00 1.445046828902961378e-01
1.160261109999999917e+03 0.000000000000000000e+00 1.424923138626202068e-01
1.160945069999999987e+03 0.000000000000000000e+00 1.408779013182781537e-01
1.161628909999999905e+03 0.000000000000000000e+00 1.399086099047396892e-01
1.162312740000000076e+03 0.000000000000000000e+00 1.389393326654435601e-01
1.162996579999999994e+03 0.000000000000000000e+00 1.389998746664224683e-01
1.163680419999999913e+03 0.000000000000000000e+00 1.392670095616097281e-01
1.164364260000000058e+03 0.000000000000000000e+00 1.389038333855806273e-01
1.165047970000000078e+03 0.000000000000000000e+00 1.369519970149739863e-01
1.165731809999999996e+03 0.000000000000000000e+00 1.349997895239683499e-01
1.166415529999999990e+03 0.000000000000000000e+00 1.341555110994272493e-01
1.167099240000000009e+03 0.000000000000000000e+00 1.337108434216829622e-01
1.167782840000000078e+03 0.000000000000000000e+00 1.330070159348762937e-01
1.168466550000000097e+03 0.000000000000000000e+00 1.311649400742789517e-01
1.169150270000000091e+03 0.000000000000000000e+00 1.293228372713250973e-01
1.169833859999999959e+03 0.000000000000000000e+00 1.282626128246680264e-01
1.170517460000000028e+03 0.000000000000000000e+00 1.276491860088374841e-01
1.171201049999999896e+03 0.000000000000000000e+00 1.269455580045729948e-01
1.171884639999999990e+03 0.000000000000000000e+00 1.252905474450515533e-01
1.172568119999999908e+03 0.000000000000000000e+00 1.236358032018334829e-01
1.173251710000000003e+03 0.000000000000000000e+00 1.228345771133452918e-01
1.173935179999999946e+03 0.000000000000000000e+00 1.227701146569800672e-01
1.174618649999999889e+03 0.000000000000000000e+00 1.227056522006148565e-01
1.175302120000000059e+03 0.000000000000000000e+00 1.212286845289713005e-01
1.175985599999999977e+03 0.000000000000000000e+00 1.197327713269531607e-01
1.176668949999999995e+03 0.000000000000000000e+00 1.179946944119409646e-01
1.177352419999999938e+03 0.000000000000000000e+00 1.159436116692536267e-01
1.178035769999999957e+03 0.000000000000000000e+00 1.138928890446826159e-01
1.178719119999999975e+03 0.000000000000000000e+00 1.121644799883492194e-01
1.179402469999999994e+03 0.000000000000000000e+00 1.104773078577919732e-01
1.180085690000000113e+03 0.000000000000000000e+00 1.093705768566697184e-01
1.180769039999999904e+03 0.000000000000000000e+00 1.094089955942748049e-01
1.181452269999999999e+03 0.000000000000000000e+00 1.094474075853393014e-01
1.182135500000000093e+03 0.000000000000000000e+00 1.093894988423742276e-01
1.182818729999999960e+03 0.000000000000000000e+00 1.093052749990687383e-01
1.183501950000000079e+03 0.000000000000000000e+00 1.086429064201804434e-01
1.184185179999999946e+03 0.000000000000000000e+00 1.060941298434955604e-01
1.184868289999999888e+03 0.000000000000000000e+00 1.035458009245379674e-01
1.185551390000000083e+03 0.000000000000000000e+00 1.015876787746898408e-01
1.186234500000000025e+03 0.000000000000000000e+00 9.990255465317091077e-02
1.186917599999999993e+03 0.000000000000000000e+00 9.820784715562450029e-02
1.187600709999999935e+03 0.000000000000000000e+00 9.645025877467473807e-02
1.188283809999999903e+03 0.000000000000000000e+00 9.469269612293954030e-02
1.188966799999999921e+03 0.000000000000000000e+00 9.413210811333025396e-02
1.189649779999999964e+03 0.000000000000000000e+00 9.443371140766916583e-02
1.190332760000000007e+03 0.000000000000000000e+00 9.471964884065948997e-02
1.191015750000000025e+03 0.000000000000000000e+00 9.449630365648721553e-02
1.191698730000000069e+03 0.000000000000000000e+00 9.427296174242408289e-02
1.192381589999999960e+03 0.000000000000000000e+00 9.367405198736046545e-02
1.193064579999999978e+03 0.000000000000000000e+00 9.266507932535796022e-02
1.193747440000000097e+03 0.000000000000000000e+00 9.165629871074407187e-02
1.194430299999999988e+03 0.000000000000000000e+00 8.911638743430400078e-02
1.195113160000000107e+03 0.000000000000000000e+00 8.645506983713180382e-02
1.195795900000000074e+03 0.000000000000000000e+00 8.433264470141994817e-02
1.196478759999999966e+03 0.000000000000000000e+00 8.310968621223992214e-02
1.197161499999999933e+03 0.000000000000000000e+00 8.188694263536783202e-02
1.197844239999999900e+03 0.000000000000000000e+00 8.023317881454046507e-02
1.198526980000000094e+03 0.000000000000000000e+00 7.848625792426047743e-02
1.199209720000000061e+03 0.000000000000000000e+00 7.750082650047011856e-02
1.199892329999999902e+03 0.000000000000000000e+00 7.857419205761909109e-02
1.200575070000000096e+03 0.000000000000000000e+00 7.964776203240450658e-02
1.201257689999999911e+03 0.000000000000000000e+00 7.880669166718523577e-02
1.201940309999999954e+03 0.000000000000000000e+00 7.721166140538338052e-02
1.202622920000000022e+03 0.000000000000000000e+00 7.566848307788925920e-02
1.203305540000000065e+03 0.000000000000000000e+00 7.438815306946744421e-02
1.203988039999999955e+03 0.000000000000000000e+00 7.310804813444107819e-02
1.204670650000000023e+03 0.000000000000000000e+00 7.195174363077637414e-02
1.205353149999999914e+03 0.000000000000000000e+00 7.087430862448840241e-02
1.206035640000000058e+03 0.000000000000000000e+00 6.988144539546355116e-02
1.206718139999999948e+03 0.000000000000000000e+00 7.024112062156616376e-02
1.207400509999999940e+03 0.000000000000000000e+00 7.060072733810196510e-02
1.208083010000000058e+03 0.000000000000000000e+00 6.963491243766922745e-02
1.208765380000000050e+03 0.000000000000000000e+00 6.737264734560539925e-02
1.209447750000000042e+03 0.000000000000000000e+00 6.511038225354157105e-02
1.210130130000000008e+03 0.000000000000000000e+00 6.464449100134872506e-02
1.210812500000000000e+03 0.000000000000000000e+00 6.426836850286696268e-02
1.211494750000000067e+03 0.000000000000000000e+00 6.389324396668757955e-02
1.212177120000000059e+03 0.000000000000000000e+00 6.351945937646330531e-02
1.212859380000000101e+03 0.000000000000000000e+00 6.314573504138640270e-02
1.213541629999999941e+03 0.000000000000000000e+00 6.344324477276169771e-02
1.214223880000000008e+03 0.000000000000000000e+00 6.386382297976771205e-02
1.214906009999999924e+03 0.000000000000000000e+00 6.371442031075348622e-02
1.215588259999999991e+03 0.000000000000000000e+00 6.217732260647094306e-02
1.216270389999999907e+03 0.000000000000000000e+00 6.064049526015798108e-02
1.216952510000000075e+03 0.000000000000000000e+00 5.953341229877395779e-02
1.217634639999999990e+03 0.000000000000000000e+00 5.857971068925475755e-02
1.218316769999999906e+03 0.000000000000000000e+00 5.777042354129515583e-02
1.218998900000000049e+03 0.000000000000000000e+00 5.760712863163677117e-02
1.219680910000000040e+03 0.000000000000000000e+00 5.744386244874482433e-02
1.220363039999999955e+03 0.000000000000000000e+00 5.681062783817043826e-02
1.221045039999999972e+03 0.000000000000000000e+00 5.589956881036772796e-02
1.221727049999999963e+03 0.000000000000000000e+00 5.509733550331880753e-02
1.222408940000000030e+03 0.000000000000000000e+00 5.565855219499435402e-02
1.223090940000000046e+03 0.000000000000000000e+00 5.621985942009326276e-02
1.223772830000000113e+03 0.000000000000000000e+00 5.610160257438070314e-02
1.224454709999999977e+03 0.000000000000000000e+00 5.535357265560345019e-02
1.225136600000000044e+03 0.000000000000000000e+00 5.460553176671512771e-02
1.225818479999999909e+03 0.000000000000000000e+00 5.314913555700365860e-02
1.226500369999999975e+03 0.000000000000000000e+00 5.166628070839508757e-02
1.227182129999999916e+03 0.000000000000000000e+00 5.100998321112749923e-02
1.227864010000000007e+03 0.000000000000000000e+00 5.154795563554227800e-02
1.228545779999999922e+03 0.000000000000000000e+00 5.208584127494095967e-02
1.229227540000000090e+03 0.000000000000000000e+00 5.144638393906494217e-02
1.229909180000000106e+03 0.000000000000000000e+00 5.060534518219174382e-02
1.230590940000000046e+03 0.000000000000000000e+00 4.977137107429219220e-02
1.231272580000000062e+03 0.000000000000000000e+00 4.895452223365021061e-02
1.231954349999999977e+03 0.000000000000000000e+00 4.813751760645051947e-02
1.232635989999999993e+03 0.000000000000000000e+00 4.817800356259179656e-02
1.233317630000000008e+03 0.000000000000000000e+00 4.851528162665780936e-02
1.233999150000000100e+03 0.000000000000000000e+00 4.883693226469981719e-02
1.234680789999999888e+03 0.000000000000000000e+00 4.909086532199025826e-02
1.235362300000000005e+03 0.000000000000000000e+00 4.934474995005506265e-02
1.236043820000000096e+03 0.000000000000000000e+00 4.973415122326755450e-02
1.236725339999999960e+03 0.000000000000000000e+00 5.020285387026321433e-02
1.237406860000000052e+03 0.000000000000000000e+00 5.058292598890447994e-02
1.238088379999999916e+03 0.000000000000000000e+00 4.986782792025242633e-02
1.238769780000000083e+03 0.000000000000000000e+00 4.915285576392579292e-02
1.239451170000000047e+03 0.000000000000000000e+00 4.935790959305362546e-02
1.240132569999999987e+03 0.000000000000000000e+00 5.041811208056602711e-02
1.240813959999999952e+03 0.000000000000000000e+00 5.147829900889902555e-02
1.241495359999999891e+03 0.000000000000000000e+00 5.009650329716969219e-02
1.242176760000000058e+03 0.000000000000000000e+00 4.861828271284554526e-02
1.242858030000000099e+03 0.000000000000000000e+00 4.795686650476217727e-02
1.243539309999999887e+03 0.000000000000000000e+00 4.849264259539217553e-02
1.244220579999999927e+03 0.000000000000000000e+00 4.902841082176551818e-02
1.244901859999999942e+03 0.000000000000000000e+00 4.902851555915022086e-02
1.245583129999999983e+03 0.000000000000000000e+00 4.893304666087014421e-02
1.246264280000000099e+03 0.000000000000000000e+00 4.888456364230014950e-02
1.246945429999999988e+03 0.000000000000000000e+00 4.895019909018914067e-02
1.247626590000000078e+03 0.000000000000000000e+00 4.901583550167570857e-02
1.248307739999999967e+03 0.000000000000000000e+00 4.809684049793468141e-02
1.248988890000000083e+03 0.000000000000000000e+00 4.682111587214592141e-02
1.249670039999999972e+03 0.000000000000000000e+00 4.586532481886501644e-02
1.250351069999999936e+03 0.000000000000000000e+00 4.639830228251339006e-02
1.251032099999999900e+03 0.000000000000000000e+00 4.693127974616177062e-02
1.251713130000000092e+03 0.000000000000000000e+00 4.758450400961091592e-02
1.252394170000000031e+03 0.000000000000000000e+00 4.831166413520982666e-02
1.253075199999999995e+03 0.000000000000000000e+00 4.901011826994323972e-02
1.253756100000000060e+03 0.000000000000000000e+00 4.927457756240842535e-02
1.254437130000000025e+03 0.000000000000000000e+00 4.953908734644064948e-02
1.255118040000000065e+03 0.000000000000000000e+00 4.990481485524003724e-02
1.255798950000000104e+03 0.000000000000000000e+00 5.037022332387959545e-02
1.256479739999999993e+03 0.000000000000000000e+00 5.083554977137640790e-02
1.257160640000000058e+03 0.000000000000000000e+00 5.066055053341304154e-02
1.257841429999999946e+03 0.000000000000000000e+00 5.044893212235836144e-02
1.258522220000000061e+03 0.000000000000000000e+00 5.018783104510461668e-02
1.259202999999999975e+03 0.000000000000000000e+00 4.984857513478151841e-02
1.259883790000000090e+03 0.000000000000000000e+00 4.950931424111699314e-02
1.260564579999999978e+03 0.000000000000000000e+00 4.868509197400433530e-02
1.261245239999999967e+03 0.000000000000000000e+00 4.776109797024518516e-02
1.261926030000000083e+03 0.000000000000000000e+00 4.735318458435981703e-02
1.262606690000000071e+03 0.000000000000000000e+00 4.833552196310925836e-02
1.263287350000000060e+03 0.000000000000000000e+00 4.931785934185870662e-02
1.263968020000000024e+03 0.000000000000000000e+00 4.953450214519167227e-02
1.264648560000000089e+03 0.000000000000000000e+00 4.944140339553644570e-02
1.265329220000000078e+03 0.000000000000000000e+00 4.913761055757544932e-02
1.266009769999999889e+03 0.000000000000000000e+00 4.766912077363447825e-02
1.266690309999999954e+03 0.000000000000000000e+00 4.620065256767818401e-02
1.267370850000000019e+03 0.000000000000000000e+00 4.617356788931970685e-02
1.268051269999999931e+03 0.000000000000000000e+00 4.713189590296923415e-02
1.268731809999999996e+03 0.000000000000000000e+00 4.800571692839158272e-02
1.269412229999999909e+03 0.000000000000000000e+00 4.653098076877199701e-02
1.270092650000000049e+03 0.000000000000000000e+00 4.505624460915191171e-02
1.270773069999999962e+03 0.000000000000000000e+00 4.430028963375923917e-02
1.271453490000000102e+03 0.000000000000000000e+00 4.433744130327575694e-02
1.272133910000000014e+03 0.000000000000000000e+00 4.437459297279226084e-02
1.272814210000000003e+03 0.000000000000000000e+00 4.451980513217172752e-02
1.273494509999999991e+03 0.000000000000000000e+00 4.467494761337215819e-02
1.274174800000000005e+03 0.000000000000000000e+00 4.475015477864682095e-02
1.274855099999999993e+03 0.000000000000000000e+00 4.468076256506076788e-02
1.275535399999999981e+03 0.000000000000000000e+00 4.461137035147471480e-02
1.276215580000000045e+03 0.000000000000000000e+00 4.463960973606651700e-02
1.276895870000000059e+03 0.000000000000000000e+00 4.469288428228481574e-02
1.277576049999999896e+03 0.000000000000000000e+00 4.458938365717469293e-02
1.278256229999999960e+03 0.000000000000000000e+00 4.397787971863564849e-02
1.278936279999999897e+03 0.000000000000000000e+00 4.336649265432413608e-02
1.279616459999999961e+03 0.000000000000000000e+00 4.253582896020267207e-02
1.280296509999999898e+03 0.000000000000000000e+00 4.160007439915155286e-02
1.280976560000000063e+03 0.000000000000000000e+00 4.102488178897644583e-02
1.281656739999999900e+03 0.000000000000000000e+00 4.321843079774347063e-02
1.282336669999999913e+03 0.000000000000000000e+00 4.541117356808566097e-02
1.283016720000000078e+03 0.000000000000000000e+00 4.522329400216990730e-02
1.283696779999999990e+03 0.000000000000000000e+00 4.312223347540704993e-02
1.284376710000000003e+03 0.000000000000000000e+00 4.102157458654123734e-02
1.285056640000000016e+03 0.000000000000000000e+00 4.015103011288799484e-02
1.285736570000000029e+03 0.000000000000000000e+00 3.928803869093938639e-02
1.286416500000000042e+03 0.000000000000000000e+00 3.868704723741136359e-02
1.287096309999999903e+03 0.000000000000000000e+00 3.842939191187701858e-02
1.287776249999999891e+03 0.000000000000000000e+00 3.817168731493984779e-02
1.288456050000000005e+03 0.000000000000000000e+00 3.751545785919618847e-02
1.289135860000000093e+03 0.000000000000000000e+00 3.680050970245246633e-02
1.289815669999999955e+03 0.000000000000000000e+00 3.589910495884693353e-02
1.290495359999999891e+03 0.000000000000000000e+00 3.458346533379318827e-02
1.291175169999999980e+03 0.000000000000000000e+00 3.326759343114936429e-02
1.291854859999999917e+03 0.000000000000000000e+00 3.333771842478944203e-02
1.292534550000000081e+03 0.000000000000000000e+00 3.387286831776739615e-02
1.293214230000000043e+03 0.000000000000000000e+00 3.435992306569556759e-02
1.293893919999999980e+03 0.000000000000000000e+00 3.463810744287648680e-02
1.294573489999999993e+03 0.000000000000000000e+00 3.491624270630666604e-02
1.295253169999999955e+03 0.000000000000000000e+00 3.436144611557683665e-02
1.295932739999999967e+03 0.000000000000000000e+00 3.330741957966455724e-02
1.296612300000000005e+03 0.000000000000000000e+00 3.233230763814701897e-02
1.297291870000000017e+03 0.000000000000000000e+00 3.252270586059949342e-02
1.297971309999999903e+03 0.000000000000000000e+00 3.271306766035975838e-02
1.298650879999999916e+03 0.000000000000000000e+00 3.205104884559570322e-02
1.299330320000000029e+03 0.000000000000000000e+00 3.054025807000324347e-02
1.300009769999999889e+03 0.000000000000000000e+00 2.902944505858808324e-02
1.300689210000000003e+03 0.000000000000000000e+00 2.956870438667542206e-02
1.301368649999999889e+03 0.000000000000000000e+00 3.024174218487742788e-02
1.302047970000000078e+03 0.000000000000000000e+00 3.062549467263365327e-02
1.302727290000000039e+03 0.000000000000000000e+00 3.052955021193280022e-02
1.303406739999999900e+03 0.000000000000000000e+00 3.043358739054790804e-02
1.304085939999999937e+03 0.000000000000000000e+00 3.023848962155290324e-02
1.304765259999999898e+03 0.000000000000000000e+00 3.002063684765425913e-02
1.305444580000000087e+03 0.000000000000000000e+00 2.949855352129452518e-02
1.306123779999999897e+03 0.000000000000000000e+00 2.806643398432484907e-02
1.306802979999999934e+03 0.000000000000000000e+00 2.663431444735469417e-02
1.307482299999999896e+03 0.000000000000000000e+00 2.685433898663576804e-02
1.308161380000000008e+03 0.000000000000000000e+00 2.782569334223896837e-02
1.308840580000000045e+03 0.000000000000000000e+00 2.856293507127233289e-02
1.309519780000000083e+03 0.000000000000000000e+00 2.764806448261742863e-02
1.310198849999999993e+03 0.000000000000000000e+00 2.673336900170198219e-02
1.310877930000000106e+03 0.000000000000000000e+00 2.609020460914168379e-02
1.311557009999999991e+03 0.000000000000000000e+00 2.565981995507156388e-02
1.312236079999999902e+03 0.000000000000000000e+00 2.522944163876213175e-02
1.312915040000000090e+03 0.000000000000000000e+00 2.517144399107882138e-02
1.313594119999999975e+03 0.000000000000000000e+00 2.511437794981302013e-02
1.314273069999999962e+03 0.000000000000000000e+00 2.512456990756788827e-02
1.314952029999999922e+03 0.000000000000000000e+00 2.522264981885731852e-02
1.315630979999999909e+03 0.000000000000000000e+00 2.532072828558578487e-02
1.316309809999999970e+03 0.000000000000000000e+00 2.505325365328067017e-02
1.316988769999999931e+03 0.000000000000000000e+00 2.473091586466972733e-02
1.317667599999999993e+03 0.000000000000000000e+00 2.463036902355810950e-02
1.318346440000000030e+03 0.000000000000000000e+00 2.503384691156623765e-02
1.319025270000000091e+03 0.000000000000000000e+00 2.543731885593688430e-02
1.319704099999999926e+03 0.000000000000000000e+00 2.485714166027898700e-02
1.320382810000000063e+03 0.000000000000000000e+00 2.393341326989017678e-02
1.321061519999999973e+03 0.000000000000000000e+00 2.303553365424089797e-02
1.321740360000000010e+03 0.000000000000000000e+00 2.225816313779832578e-02
1.322419069999999920e+03 0.000000000000000000e+00 2.148094149026040858e-02
1.323097659999999905e+03 0.000000000000000000e+00 2.150192387811409103e-02
1.323776370000000043e+03 0.000000000000000000e+00 2.202861178543210827e-02
1.324454960000000028e+03 0.000000000000000000e+00 2.249713717270508673e-02
1.325133669999999938e+03 0.000000000000000000e+00 2.179635081201968319e-02
1.325812259999999924e+03 0.000000000000000000e+00 2.109568835456722066e-02
1.326490720000000010e+03 0.000000000000000000e+00 2.110284849424437503e-02
1.327169309999999996e+03 0.000000000000000000e+00 2.186957810457989052e-02
1.327847899999999981e+03 0.000000000000000000e+00 2.263630771491540600e-02
1.328526370000000043e+03 0.000000000000000000e+00 2.279832273138646115e-02
1.329204829999999902e+03 0.000000000000000000e+00 2.290591324680407367e-02
1.329883299999999963e+03 0.000000000000000000e+00 2.321419413182805591e-02
1.330561770000000024e+03 0.000000000000000000e+00 2.389263433009447893e-02
1.331240109999999959e+03 0.000000000000000000e+00 2.457094453407101392e-02
1.331918580000000020e+03 0.000000000000000000e+00 2.277164174733720819e-02
1.332596919999999955e+03 0.000000000000000000e+00 2.029921999669984101e-02
1.333275270000000091e+03 0.000000000000000000e+00 1.858371415743963542e-02
1.333953610000000026e+03 0.000000000000000000e+00 1.953942146667003721e-02
1.334631840000000011e+03 0.000000000000000000e+00 2.049497379785997220e-02
1.335310179999999946e+03 0.000000000000000000e+00 2.075195943475233520e-02
1.335988399999999956e+03 0.000000000000000000e+00 2.064069684938005245e-02
1.336666629999999941e+03 0.000000000000000000e+00 2.057198155103088025e-02
1.337344849999999951e+03 0.000000000000000000e+00 2.093923140087616819e-02
1.338022950000000037e+03 0.000000000000000000e+00 2.130641627183266912e-02
1.338701170000000047e+03 0.000000000000000000e+00 2.097825391159520436e-02
1.339379269999999906e+03 0.000000000000000000e+00 2.001473539616555053e-02
1.340057369999999992e+03 0.000000000000000000e+00 1.905121688073557404e-02
1.340735470000000078e+03 0.000000000000000000e+00 1.919793682665894494e-02
1.341413569999999936e+03 0.000000000000000000e+00 1.939545066773875476e-02
1.342091550000000097e+03 0.000000000000000000e+00 1.923963221487984265e-02
1.342769649999999956e+03 0.000000000000000000e+00 1.853022121907662439e-02
1.343447629999999890e+03 0.000000000000000000e+00 1.782093576422524514e-02
1.344125610000000052e+03 0.000000000000000000e+00 1.787295122655455787e-02
1.344803589999999986e+03 0.000000000000000000e+00 1.808868813323413066e-02
1.345481449999999995e+03 0.000000000000000000e+00 1.822172508769472066e-02
1.346159419999999955e+03 0.000000000000000000e+00 1.811461402116381833e-02
1.346837279999999964e+03 0.000000000000000000e+00 1.800752033330352275e-02
1.347515139999999974e+03 0.000000000000000000e+00 1.878948060943577691e-02
1.348192990000000009e+03 0.000000000000000000e+00 1.997272698404258320e-02
1.348870850000000019e+03 0.000000000000000000e+00 2.094792191955290386e-02
1.349548579999999902e+03 0.000000000000000000e+00 2.042462855772981395e-02
1.350226319999999987e+03 0.000000000000000000e+00 1.990132747464054899e-02
1.350904170000000022e+03 0.000000000000000000e+00 1.981905338200974642e-02
1.351581789999999955e+03 0.000000000000000000e+00 2.009112634384077958e-02
1.352259520000000066e+03 0.000000000000000000e+00 2.036324347205688279e-02
1.352937259999999924e+03 0.000000000000000000e+00 1.923000951874143799e-02
1.353614870000000110e+03 0.000000000000000000e+00 1.807826913698464683e-02
1.354292480000000069e+03 0.000000000000000000e+00 1.749895561288597121e-02
1.354970090000000027e+03 0.000000000000000000e+00 1.771330978256575872e-02
1.355647709999999961e+03 0.000000000000000000e+00 1.792766711563111015e-02
1.356325319999999920e+03 0.000000000000000000e+00 1.773523336190836047e-02
1.357002809999999954e+03 0.000000000000000000e+00 1.747173751835130392e-02
1.357680299999999988e+03 0.000000000000000000e+00 1.716904593753736802e-02
1.358357790000000023e+03 0.000000000000000000e+00 1.676699351563948337e-02
1.359035280000000057e+03 0.000000000000000000e+00 1.636494109374160219e-02
1.359712770000000091e+03 0.000000000000000000e+00 1.615023097434347202e-02
1.360390139999999974e+03 0.000000000000000000e+00 1.601023619540882514e-02
1.361067630000000008e+03 0.000000000000000000e+00 1.573346352769854767e-02
1.361744999999999891e+03 0.000000000000000000e+00 1.465895937282397921e-02
1.362422360000000026e+03 0.000000000000000000e+00 1.358447108083273708e-02
1.363099609999999984e+03 0.000000000000000000e+00 1.417726920988757709e-02
1.363776980000000094e+03 0.000000000000000000e+00 1.598823429787921482e-02
1.364454220000000078e+03 0.000000000000000000e+00 1.778060162490025312e-02
1.365131470000000036e+03 0.000000000000000000e+00 1.752360846765623967e-02
1.365808719999999994e+03 0.000000000000000000e+00 1.726661531041222275e-02
1.366485959999999977e+03 0.000000000000000000e+00 1.680837367025964091e-02
1.367163209999999935e+03 0.000000000000000000e+00 1.609396091145490204e-02
1.367840329999999994e+03 0.000000000000000000e+00 1.537968528614380714e-02
