9.306945799999999736e+02 2.618128199727558919e-02 2.618128199727558919e-02
9.313851899999999659e+02 1.166470442882182323e-02 2.493820643222006625e-02
9.320757399999999961e+02 -2.850611943510310969e-03 2.369523886521533382e-02
9.327663000000000011e+02 4.794433410886843501e-03 2.245225329853550722e-02
9.334568500000000313e+02 1.857096962883581295e-02 2.120928573153077479e-02
9.341473999999999478e+02 2.887483842754405908e-02 1.996631816452624705e-02
9.348378900000000158e+02 2.913582478587303445e-02 1.872345859557230513e-02
9.355283799999999701e+02 2.939681114420196820e-02 1.748059902661856790e-02
9.362188700000000381e+02 2.298515377334307483e-02 1.623773945766462598e-02
9.369093000000000302e+02 1.411126451249320943e-02 1.499498788676167926e-02
9.375997300000000223e+02 7.450296632644176111e-03 1.375223631585873255e-02
9.382901600000000144e+02 9.436639534283646977e-03 1.250948474495578756e-02
9.389805300000000443e+02 1.142280981802698894e-02 1.132649796831205168e-02
9.396708999999999605e+02 1.318180044222818509e-02 1.117005010958682307e-02
9.403612699999999904e+02 1.483237903816405148e-02 1.101360225086157017e-02
9.410515699999999697e+02 1.559714176828023123e-02 1.085717025515197179e-02
9.417418800000000374e+02 1.133773920038390684e-02 1.070073599329726330e-02
9.424321899999999914e+02 7.078336632488281543e-03 1.054430173144257910e-02
9.431224999999999454e+02 5.425973894156784806e-03 1.038786746958789663e-02
9.438127399999999625e+02 5.353083727918421519e-03 1.023144907074884438e-02
9.445029899999999543e+02 5.584457935327720793e-03 1.007502840576470458e-02
9.451931799999999839e+02 8.700352872768081502e-03 9.918621337651109190e-03
9.458833600000000388e+02 1.181620266474227472e-02 9.762216535682599616e-03
9.465735499999999547e+02 1.172283735528297476e-02 9.605809467569030244e-03
9.472637300000000096e+02 9.186073594765059580e-03 9.469523285530207640e-03
9.479538599999999633e+02 6.561951485418348641e-03 9.503109431455297740e-03
9.486439800000000560e+02 1.840551661268324986e-03 9.536695090716348910e-03
9.493341100000000097e+02 -2.880916577067038110e-03 9.570281236641440745e-03
9.500241700000000264e+02 3.431152053823653680e-04 9.603863975918201096e-03
9.507142300000000432e+02 1.113074748786279169e-02 9.637446715194961447e-03
9.514043000000000347e+02 2.191853609924585000e-02 9.671029941135769400e-03
9.520943600000000515e+02 1.896711188714608753e-02 9.704612680412529752e-03
9.527843599999999924e+02 1.579626085586962464e-02 9.738192499704999283e-03
9.534743700000000217e+02 1.369410686464988050e-02 9.771772805661521621e-03
9.541643100000000004e+02 1.286660045944516655e-02 9.805349704969709007e-03
9.548542499999999791e+02 1.203909405424045086e-02 9.838926604277894658e-03
9.555441899999999578e+02 9.384596807977631239e-03 1.004470358093446751e-02
9.562341300000000501e+02 6.587771746962296782e-03 1.120430321818387080e-02
9.569240099999999529e+02 6.578228432599933506e-03 1.236380201191288747e-02
9.576138899999999694e+02 1.076347730945790768e-02 1.352330080564209495e-02
9.583037699999999859e+02 1.494872618631588185e-02 1.468279959937130244e-02
9.589935900000000402e+02 1.839096208888135742e-02 1.584219754958050841e-02
9.596834099999999808e+02 2.172268117222221628e-02 1.700159549978952009e-02
9.603731699999999591e+02 2.415202217229440659e-02 1.816089260647853199e-02
9.610629900000000134e+02 2.484177026996255144e-02 1.932029055668773448e-02
9.617527499999999918e+02 2.553145837388462805e-02 2.047958766337674291e-02
9.624424999999999955e+02 2.465571254020006500e-02 2.163886796281245389e-02
9.631322000000000116e+02 2.341858814312769085e-02 2.279806422598145560e-02
9.638219000000000278e+02 2.432038637380348756e-02 2.403372074072423689e-02
9.645116000000000440e+02 3.063398020290832371e-02 2.558300092369892448e-02
9.652012300000000096e+02 3.694693324389027034e-02 2.713212386495563594e-02
9.658908699999999499e+02 3.869888382152333883e-02 2.868126926931484702e-02
9.665805100000000039e+02 3.896097176774553084e-02 3.023041467367430790e-02
9.672701399999999694e+02 3.825220227769290243e-02 3.177953761493101936e-02
9.679597199999999475e+02 3.418557980710511951e-02 3.332854824067500721e-02
9.686492899999999509e+02 3.011901630897101390e-02 3.487753640331649890e-02
9.693388700000000426e+02 3.496644845478406177e-02 3.642654702906073655e-02
9.700283799999999701e+02 4.373164502171858481e-02 3.797540041308675174e-02
9.707178999999999860e+02 5.032575596283595659e-02 3.952427626021551288e-02
9.714073499999999513e+02 4.591182434840244964e-02 4.107299486562629443e-02
9.720968599999999924e+02 4.149750860764041260e-02 4.265425736781432858e-02
9.727863200000000461e+02 3.979826760503590161e-02 4.434083147837169364e-02
9.734757100000000491e+02 3.966185424772002144e-02 4.602723435319699963e-02
9.741651600000000144e+02 3.994213714082193306e-02 4.771378400150672744e-02
9.748545500000000175e+02 4.379790198704418269e-02 4.940018687633203343e-02
9.755438799999999446e+02 4.765333125269366477e-02 5.108644297767263309e-02
9.762332800000000361e+02 4.782936221825079270e-02 5.277287031474557633e-02
9.769226099999999633e+02 4.527332883559662124e-02 5.445912641608618293e-02
9.776119400000000041e+02 4.319027203641362389e-02 5.614538251742706709e-02
9.783012099999999691e+02 5.153456794810402225e-02 5.783149184528324493e-02
9.789904800000000478e+02 5.987886385979579451e-02 5.951760117313971421e-02
9.796797500000000127e+02 6.321198589543831903e-02 6.120371050099589205e-02
9.803690199999999777e+02 6.178068145745012341e-02 6.282443117181558956e-02
9.810582299999999805e+02 6.034950161253317680e-02 6.426841531256477502e-02
9.817474399999999832e+02 6.360459098199912342e-02 6.571239945331394661e-02
9.824365800000000490e+02 6.694683420809065255e-02 6.715623693500455405e-02
9.831257299999999759e+02 7.183536803869669529e-02 6.860009536798897245e-02
9.838148800000000165e+02 7.860970374852846443e-02 7.004395380097362678e-02
9.845040299999999434e+02 8.538403945835912334e-02 7.148781223395803130e-02
9.851931200000000217e+02 8.225003982369573363e-02 7.293154495917816837e-02
9.858822000000000116e+02 7.824649469580642613e-02 7.437525673310399488e-02
9.865712899999999763e+02 7.597352470446430694e-02 7.581898945832388215e-02
9.872603100000000040e+02 7.643182243517379626e-02 7.726257552448519139e-02
9.879493400000000065e+02 7.689012681732636245e-02 7.870618254194056140e-02
9.886383700000000090e+02 8.134189340564829118e-02 8.003799942377032295e-02
9.893273299999999608e+02 8.646319377490462033e-02 8.111038947998842896e-02
9.900163000000000011e+02 8.990637166723049190e-02 8.218279510155233891e-02
9.907052599999999529e+02 8.985621524270309690e-02 8.325518515777043105e-02
9.913941700000000310e+02 8.980606245818560651e-02 8.432749738726030841e-02
9.920830700000000206e+02 9.109162587716217174e-02 8.539979405140436797e-02
9.927719700000000103e+02 9.272708488891383272e-02 8.647209071554841364e-02
9.934608799999999746e+02 9.436080362679928613e-02 8.754440294503811060e-02
9.941497200000000021e+02 9.598934870451995838e-02 8.861660621710812369e-02
9.948385600000000295e+02 9.761789378224061675e-02 8.968880948917813678e-02
9.955273399999999810e+02 9.645861924931181663e-02 9.076091936917392300e-02
9.962161300000000210e+02 9.425845221738705926e-02 9.183304481451554091e-02
9.969049099999999726e+02 9.132535614783326983e-02 9.182770350456502528e-02
9.975936900000000378e+02 8.537917323575736073e-02 8.961702284495326465e-02
9.982824100000000271e+02 7.943350829890602482e-02 8.740653475893503388e-02
9.989711300000000165e+02 7.804126726395538283e-02 8.519604667291678923e-02
9.996597900000000436e+02 7.896186243964571638e-02 8.298575116049171363e-02
1.000348449999999957e+03 7.950395825352302159e-02 8.077545564806699885e-02
1.001037109999999984e+03 7.751938581206713197e-02 7.856516013564190937e-02
1.001725770000000011e+03 7.553481337061124234e-02 7.635486462321683376e-02
1.002414369999999963e+03 7.483110318838089026e-02 7.414476168438527415e-02
1.003102970000000028e+03 7.499074346983254646e-02 7.193465874555335371e-02
1.003791560000000004e+03 7.481000713046288830e-02 6.972458790232058390e-02
1.004480099999999993e+03 6.966548253073431840e-02 6.751467753708217945e-02
1.005168639999999982e+03 6.452095793100576238e-02 6.549896339930375011e-02
1.005857179999999971e+03 6.195420745094556980e-02 6.384212345581266601e-02
1.006545650000000023e+03 6.166605668085755471e-02 6.218545195394580005e-02
1.007234130000000050e+03 6.137790172539080852e-02 6.052875638898980171e-02
1.007922609999999963e+03 5.951857471975906255e-02 5.887206082403407398e-02
1.008611020000000053e+03 5.765524544147597463e-02 5.721553370070229377e-02
1.009299440000000004e+03 5.443774617865072829e-02 5.555898251428165180e-02
1.009987849999999980e+03 4.965411433335938096e-02 5.390245539095014915e-02
1.010676270000000045e+03 4.487041299994486143e-02 5.224590420452923656e-02
1.011364619999999945e+03 4.472041502605954982e-02 5.058952145973308334e-02
1.012052919999999972e+03 4.491939466798645919e-02 4.893325903038261288e-02
1.012741269999999986e+03 4.552545805441337440e-02 4.727687628558618904e-02
1.013429570000000012e+03 4.675279729668352369e-02 4.607727790955987862e-02
1.014117859999999951e+03 4.798011870749568225e-02 4.565530300886960074e-02
1.014806090000000040e+03 4.750151005649674851e-02 4.523336489281076789e-02
1.015494320000000016e+03 4.674942465185535218e-02 4.481142677675200442e-02
1.016182559999999967e+03 4.616401273154243506e-02 4.438948252992132998e-02
1.016870790000000056e+03 4.592099957000311122e-02 4.396754441386249712e-02
1.017558959999999956e+03 4.567800759438962743e-02 4.354564308243531745e-02
1.018247129999999970e+03 4.528110835237934839e-02 4.312374175100807533e-02
1.018935240000000022e+03 4.484404875720749556e-02 4.270187720421234068e-02
1.019623349999999959e+03 4.421652928123812748e-02 4.228001265741667541e-02
1.020311460000000011e+03 4.304157676815154043e-02 4.185814811062094076e-02
1.020999569999999949e+03 4.186662425506515461e-02 4.143628356382528244e-02
1.021687620000000038e+03 4.075276485117088066e-02 4.139518462502767698e-02
1.022375670000000014e+03 3.966222517957127686e-02 4.196309406078595206e-02
1.023063719999999989e+03 3.901291366060271465e-02 4.253100349654422713e-02
1.023751710000000003e+03 4.026407131286495467e-02 4.309886340891593698e-02
1.024439699999999903e+03 4.151522896512697958e-02 4.366672332128755663e-02
1.025127690000000030e+03 4.103351589813238748e-02 4.423458323365936362e-02
1.025815550000000030e+03 3.963247038313173071e-02 4.480233584536011393e-02
1.026503539999999930e+03 3.857667081148817567e-02 4.537019575773173358e-02
1.027191409999999905e+03 4.011220316223776394e-02 4.593795662333022278e-02
1.027879269999999906e+03 4.164771318998522487e-02 4.650570923503097309e-02
1.028567140000000109e+03 4.378441144599955204e-02 4.707347010062965659e-02
1.029255000000000109e+03 4.635238964177147702e-02 4.764122271233040690e-02
1.029942870000000084e+03 4.884891898664359827e-02 4.874486563731343647e-02
1.030630619999999908e+03 4.988504044531298642e-02 5.066803067889457529e-02
1.031318479999999909e+03 5.092132762315450950e-02 5.259150331503029824e-02
1.032006229999999960e+03 5.404806719566775108e-02 5.451466835661206850e-02
1.032693970000000036e+03 5.917671131242352445e-02 5.643780543505263342e-02
1.033381710000000112e+03 6.430535542917929781e-02 5.836094251349319834e-02
1.034069340000000011e+03 6.208214953209977710e-02 6.028377199737917913e-02
1.034757080000000087e+03 5.966841501179957763e-02 6.220690907581974405e-02
1.035444700000000012e+03 5.975276468776818950e-02 6.412971059656451256e-02
1.036132319999999936e+03 6.303556217641642645e-02 6.605251211730928107e-02
1.036820069999999987e+03 6.631898030389707377e-02 6.797567715889105133e-02
1.037507569999999987e+03 6.925239872808594543e-02 6.989814312194067569e-02
1.038195189999999911e+03 7.214849792357337643e-02 7.075632485205586575e-02
1.038882810000000063e+03 7.366053444731883448e-02 7.002849323515522584e-02
1.039570310000000063e+03 7.277025231188000154e-02 6.930078863578481574e-02
1.040257810000000063e+03 7.187997017644115472e-02 6.857308403641440564e-02
1.040945310000000063e+03 7.157675107690955607e-02 6.784537943704399554e-02
1.041632810000000063e+03 7.139477089579848723e-02 6.711767483767358544e-02
1.042320310000000063e+03 7.060116172271467538e-02 6.638997023830317534e-02
1.043007689999999911e+03 6.832551354428154089e-02 6.566239265646299506e-02
1.043695189999999911e+03 6.604946809245995643e-02 6.493468805709258496e-02
1.044382569999999987e+03 6.431319624823439440e-02 6.420711047525216875e-02
1.045069950000000063e+03 6.275185373482305984e-02 6.347953289341175254e-02
1.045757319999999936e+03 6.178304574528220572e-02 6.275196589636572453e-02
1.046444700000000012e+03 6.294318619347841204e-02 6.189920298691647949e-02
1.047131959999999935e+03 6.410312410908135250e-02 6.086189299085179721e-02
1.047819340000000011e+03 6.412713741652044386e-02 5.982440187381442981e-02
1.048506589999999960e+03 6.361744589910053871e-02 5.878710697116407841e-02
1.049193850000000111e+03 6.286287430364914663e-02 5.774979697509904919e-02
1.049881100000000060e+03 6.063638532142619220e-02 5.671250207244869085e-02
1.050568359999999984e+03 5.840986394212827060e-02 5.567519207638400858e-02
1.051255490000000009e+03 5.636147372390375165e-02 5.463807829470599536e-02
1.051942749999999933e+03 5.442879109325375608e-02 5.360076829864130615e-02
1.052629879999999957e+03 5.253918608311754918e-02 5.256365451696329294e-02
1.053317019999999957e+03 5.124462060202281816e-02 5.152652564187094886e-02
1.054004149999999981e+03 4.995007396083665785e-02 5.048941186019292870e-02
1.054691280000000006e+03 5.014402748977569296e-02 4.957746953457502909e-02
1.055378300000000081e+03 5.166470029542679504e-02 4.885186799742901459e-02
1.056065430000000106e+03 5.318561657871834908e-02 4.812615028292419744e-02
1.056752439999999979e+03 5.155672033289959710e-02 4.740055930735647544e-02
1.057439450000000079e+03 4.989845379983004481e-02 4.667496833178851751e-02
1.058126459999999952e+03 4.826671082337168073e-02 4.594937735622080244e-02
1.058813480000000027e+03 4.666707583191916781e-02 4.522377581907478794e-02
1.059500489999999900e+03 4.506746412414142783e-02 4.449818484350707287e-02
1.060187380000000076e+03 4.437164962832591819e-02 4.377272060687597416e-02
1.060874270000000024e+03 4.376124565254950471e-02 4.304725637024511831e-02
1.061561159999999973e+03 4.299476506839176870e-02 4.232179213361426245e-02
1.062248049999999921e+03 4.196774151960497301e-02 4.159632789698340660e-02
1.062934940000000097e+03 4.094071797081783731e-02 4.129389406152576131e-02
1.063621830000000045e+03 4.223008630222614690e-02 4.163738298333347077e-02
1.064308590000000095e+03 4.397362065575850798e-02 4.198080689682864852e-02
1.064995480000000043e+03 4.511054332760881108e-02 4.232429581863636492e-02
1.065682250000000067e+03 4.480935869129642340e-02 4.266772473277095912e-02
1.066369020000000091e+03 4.450817405498402879e-02 4.301115364690554638e-02
1.067055659999999989e+03 4.370813333878489221e-02 4.335451755272749091e-02
1.067742430000000013e+03 4.274820266263588964e-02 4.369794646686207817e-02
1.068429080000000113e+03 4.232342521429110355e-02 4.404131537332355018e-02
1.069115839999999935e+03 4.381843335041885751e-02 4.438473928681860997e-02
1.069802490000000034e+03 4.531320202750042242e-02 4.472810819328008197e-02
1.070489139999999907e+03 4.550573918208974250e-02 4.507147709974143601e-02
1.071175780000000032e+03 4.508095605635221298e-02 4.548380009614008679e-02
1.071862300000000005e+03 4.502325783632571410e-02 4.600599619174714633e-02
1.072548950000000104e+03 4.724532770787717717e-02 4.652829117084265886e-02
1.073235470000000078e+03 4.946697688608620719e-02 4.705048726644971840e-02
1.073922000000000025e+03 4.978616094219687899e-02 4.757269096847894368e-02
1.074608519999999999e+03 4.883005069026611494e-02 4.809488706408600323e-02
1.075295039999999972e+03 4.800223552702578139e-02 4.861708315969305583e-02
1.075981569999999920e+03 4.923280573164419416e-02 4.913928686172228111e-02
1.076667969999999968e+03 5.046314291785630735e-02 4.966139168026321993e-02
1.077354370000000017e+03 5.108810200587261124e-02 5.018349649880415875e-02
1.078040770000000066e+03 5.115027330617325646e-02 5.070560131734509757e-02
1.078727169999999887e+03 5.121244460647388086e-02 5.122770613588586291e-02
1.079413569999999936e+03 5.184055208998811226e-02 5.116181933980149671e-02
1.080099979999999960e+03 5.248164355909373802e-02 5.009741364729155405e-02
1.080786250000000109e+03 5.201871751269539906e-02 4.903322505068175019e-02
1.081472659999999905e+03 5.013342136832320967e-02 4.796881935817216142e-02
1.082158940000000030e+03 4.824848228241192249e-02 4.690461525471237292e-02
1.082845209999999952e+03 4.698508556541344805e-02 4.584042665810292294e-02
1.083531369999999924e+03 4.579378365279381663e-02 4.477640863684366479e-02
1.084217650000000049e+03 4.491995895287369950e-02 4.371220453338387629e-02
1.084903929999999946e+03 4.462325833680425707e-02 4.264800042992444168e-02
1.085590089999999918e+03 4.432660960054175120e-02 4.158398240866518353e-02
1.086276249999999891e+03 4.239260150198125021e-02 4.051996438740591844e-02
1.086962399999999889e+03 4.008428068061882510e-02 3.945596187299664492e-02
1.087648560000000089e+03 3.828013984008822590e-02 3.861730367114719897e-02
1.088334589999999935e+03 3.781945398235328493e-02 3.819405862834988202e-02
1.089020749999999907e+03 3.735868082645126681e-02 3.777073338227338734e-02
1.089706789999999955e+03 3.789291579819768774e-02 3.734748216999294462e-02
1.090392820000000029e+03 3.879267241256455223e-02 3.692423712719548889e-02
1.091078860000000077e+03 3.922600807199704692e-02 3.650098591491504618e-02
1.091764889999999923e+03 3.766446159792460197e-02 3.607774087211773617e-02
1.092450810000000047e+03 3.610316550665133850e-02 3.565456369363333849e-02
1.093136839999999893e+03 3.520361473504885624e-02 3.523131865083602848e-02
1.093822750000000042e+03 3.466452991505095116e-02 3.480814764183462473e-02
1.094508669999999938e+03 3.415278469441675874e-02 3.438497046335036583e-02
1.095194580000000087e+03 3.387238389202826966e-02 3.396179945434896208e-02
1.095880490000000009e+03 3.359198308963987079e-02 3.369682332481713227e-02
1.096566409999999905e+03 3.343256113151231446e-02 3.375537406424529430e-02
1.097252199999999903e+03 3.336688863751849365e-02 3.381391370675819463e-02
1.097937989999999900e+03 3.327108663205995132e-02 3.387245334927108803e-02
1.098623779999999897e+03 3.175885874546227616e-02 3.393099299178398837e-02
1.099309569999999894e+03 3.024663085886460795e-02 3.398953263429688870e-02
1.099995359999999891e+03 2.951982413374351286e-02 3.404807227680978210e-02
1.100681149999999889e+03 2.964854359058261349e-02 3.410661191932268244e-02
1.101366819999999962e+03 2.977724052400374313e-02 3.416514131852917829e-02
1.102052490000000034e+03 3.123777484953642325e-02 3.422367071773567415e-02
1.102738160000000107e+03 3.278978701750652480e-02 3.428220011694217001e-02
1.103423829999999953e+03 3.394779297196740681e-02 3.434072951614864505e-02
1.104109500000000025e+03 3.449703173698016878e-02 3.489290760809375669e-02
1.104795170000000098e+03 3.504627050199293076e-02 3.659273882266557421e-02
1.105480710000000045e+03 3.671025978056377537e-02 3.829224775675536124e-02
1.106166259999999966e+03 3.857117348874208179e-02 3.999178148165137558e-02
1.106851809999999887e+03 3.993389714695697035e-02 4.169131520654738993e-02
1.107537350000000060e+03 4.017006678599364944e-02 4.339082414063774595e-02
1.108222899999999981e+03 4.040623987004642037e-02 4.509035786553376030e-02
1.108908449999999903e+03 4.318013211402629836e-02 4.678989159042977464e-02
1.109593869999999924e+03 4.674005764800109874e-02 4.848910303484432749e-02
1.110279299999999921e+03 4.983390905768451257e-02 5.018833927006510764e-02
1.110964719999999943e+03 5.127118645057325563e-02 5.188755071447966050e-02
1.111650149999999940e+03 5.270848481275657721e-02 5.358678694970044065e-02
1.112335569999999962e+03 5.578640020012181483e-02 5.588146325146796378e-02
1.113020999999999958e+03 5.965117624246765726e-02 5.979573007661423412e-02
1.113706300000000056e+03 6.335273294446004677e-02 6.370925451422730645e-02
1.114391599999999926e+03 6.598575998577128898e-02 6.762277895183908816e-02
1.115076900000000023e+03 6.861878702708340549e-02 7.153630338945217437e-02
1.115762210000000096e+03 7.222711197526326954e-02 7.544988493379847783e-02
1.116447509999999966e+03 7.651823852439781914e-02 7.936340937141025953e-02
1.117132689999999911e+03 8.077766458351900991e-02 8.327624852822207435e-02
1.117817990000000009e+03 8.435960751059708163e-02 8.718977296583514669e-02
1.118503169999999955e+03 8.794092321871734008e-02 9.110261212264696151e-02
1.119188349999999900e+03 9.237321960330438508e-02 9.501545127945876246e-02
1.119873540000000048e+03 9.765932789393531877e-02 9.892834754300511291e-02
1.120558590000000095e+03 1.029443561116503980e-01 1.025133540487146722e-01
1.121243770000000040e+03 1.053529603405271159e-01 1.050188782278265592e-01
1.121928830000000062e+03 1.076242056883039561e-01 1.075239635983022968e-01
1.122613890000000083e+03 1.104100082811909078e-01 1.100290489687780482e-01
1.123298950000000104e+03 1.139367830471120918e-01 1.125341343392537996e-01
1.123984009999999898e+03 1.174635578130320962e-01 1.150392197097287184e-01
1.124669069999999920e+03 1.210446704206424307e-01 1.175443050802044698e-01
1.125354000000000042e+03 1.246335870920428496e-01 1.200489150746578138e-01
1.126039060000000063e+03 1.270889243667316648e-01 1.225540004451335513e-01
1.126723999999999933e+03 1.271302674429689306e-01 1.250586470069723344e-01
1.127408940000000030e+03 1.271716105192062241e-01 1.275632935688119640e-01
1.128093869999999924e+03 1.295812021263244018e-01 1.300679035632644753e-01
1.128778690000000097e+03 1.326796104630131590e-01 1.318529524454385427e-01
1.129463619999999992e+03 1.345362334153900608e-01 1.306065520368634714e-01
1.130148439999999937e+03 1.322152018301097354e-01 1.293603518006342934e-01
1.130833249999999907e+03 1.298942041374082090e-01 1.281141697618910780e-01
1.131518070000000080e+03 1.287128108241417934e-01 1.268679695256614837e-01
1.132202880000000050e+03 1.280593353115225819e-01 1.256217874869182682e-01
1.132887699999999995e+03 1.272971121093619262e-01 1.243755872506890903e-01
1.133572390000000041e+03 1.258537513560431809e-01 1.231296235817777307e-01
1.134257080000000087e+03 1.244103906027244355e-01 1.218836599128663711e-01
1.134941769999999906e+03 1.225918550574152666e-01 1.206376962439554140e-01
1.135626459999999952e+03 1.205144596947857610e-01 1.193917325750440545e-01
1.136311159999999973e+03 1.184593803590402727e-01 1.181457507086467323e-01
1.136995850000000019e+03 1.168715522549961111e-01 1.168695273870541534e-01
1.137680419999999913e+03 1.152840024365596322e-01 1.154175503420933890e-01
1.138364990000000034e+03 1.127612250256340709e-01 1.139655732971321389e-01
1.139049559999999929e+03 1.093005475160748474e-01 1.125135962521713745e-01
1.139734130000000050e+03 1.058398700065144860e-01 1.110616192072101244e-01
1.140418699999999944e+03 1.062303407366432806e-01 1.096096421622493600e-01
1.141103149999999914e+03 1.068117226800112118e-01 1.081579196380027391e-01
1.141787720000000036e+03 1.068202406577195007e-01 1.067059425930414890e-01
1.142472170000000006e+03 1.059907201566521739e-01 1.052542200687948820e-01
1.143156619999999975e+03 1.051611996555848610e-01 1.038024975445482612e-01
1.143841059999999970e+03 1.032422155807308783e-01 1.023507962303611130e-01
1.144525509999999940e+03 1.011445297972398683e-01 1.008990737061145060e-01
1.145209839999999986e+03 9.947114272767200449e-02 9.958979948978333163e-02
1.145894289999999955e+03 9.873172796224161107e-02 9.960377463535766140e-02
1.146578610000000026e+03 9.799245363646266749e-02 9.961774712658334752e-02
1.147262940000000071e+03 9.772706868386597800e-02 9.963171982198969212e-02
1.147947269999999889e+03 9.760706012207015503e-02 9.964569251739603672e-02
1.148631470000000036e+03 9.746048987643868289e-02 9.965966255845375155e-02
1.149315800000000081e+03 9.721832298437446673e-02 9.967363525386011003e-02
1.150000000000000000e+03 9.697620209598684093e-02 9.968760529491781097e-02
1.150684199999999919e+03 9.678044269862105808e-02 9.970157533597552579e-02
1.151368410000000040e+03 9.660748535189765673e-02 9.971554558121389911e-02
1.152052609999999959e+03 9.664943049491978022e-02 9.972951562227161393e-02
1.152736820000000080e+03 9.822983235324496409e-02 9.974348586750998724e-02
1.153420900000000074e+03 9.980993393498580057e-02 9.977633411461070412e-02
1.154104980000000069e+03 1.005982492975635301e-01 1.002291920139183473e-01
1.154789060000000063e+03 1.008003502324892053e-01 1.006820499132260044e-01
1.155473140000000058e+03 1.009843026504407965e-01 1.011349078125336476e-01
1.156157230000000027e+03 1.005036493615153875e-01 1.015877723317965414e-01
1.156841310000000021e+03 1.000230030987603325e-01 1.020406302311041846e-01
1.157525270000000091e+03 1.006191885654131452e-01 1.024934086909487924e-01
1.158209229999999934e+03 1.023889024361271799e-01 1.029461871507932336e-01
1.158893190000000004e+03 1.041586163068418114e-01 1.033989656106378413e-01
1.159577150000000074e+03 1.042160064797398034e-01 1.038517440704824352e-01
1.160261109999999917e+03 1.041445906902342677e-01 1.043045225303268903e-01
1.160945069999999987e+03 1.044040972822318780e-01 1.047573009901714841e-01
1.161628909999999905e+03 1.051997759889440331e-01 1.052100000105528899e-01
1.162312740000000076e+03 1.059954430602050995e-01 1.037783026162742706e-01
1.162996579999999994e+03 1.048332824570275545e-01 1.023169297088051266e-01
1.163680419999999913e+03 1.032783634875713979e-01 1.008555568013359688e-01
1.164364260000000058e+03 1.014724058682715396e-01 9.939418389386633912e-02
1.165047970000000078e+03 9.903403662972347365e-02 9.793308879769489772e-02
1.165731809999999996e+03 9.659520376185777579e-02 9.647171589022575378e-02
1.166415529999999990e+03 9.506404629175849164e-02 9.501059942395452540e-02
1.167099240000000009e+03 9.386023068330967556e-02 9.354950432778308400e-02
1.167782840000000078e+03 9.264151181320441630e-02 9.208864430270977119e-02
1.168466550000000097e+03 9.135631489320485132e-02 9.062754920653832980e-02
1.169150270000000091e+03 9.007109917580702341e-02 8.916643274026711530e-02
1.169833859999999959e+03 8.780180425623418383e-02 8.770559408529407519e-02
1.170517460000000028e+03 8.496972132454322368e-02 8.582054063974367542e-02
1.171201049999999896e+03 8.219389129675196137e-02 8.389936852784901644e-02
1.171884639999999990e+03 8.001088380181531345e-02 8.197819641595371909e-02
1.172568119999999908e+03 7.782822758589799661e-02 8.005733344979291954e-02
1.173251710000000003e+03 7.615361403762395398e-02 7.813616133789762219e-02
1.173935179999999946e+03 7.491792349980029575e-02 7.621532647589439324e-02
1.174618649999999889e+03 7.368223296197662364e-02 7.429449161389116429e-02
1.175302120000000059e+03 7.153099006255589365e-02 7.237365675188729697e-02
1.175985599999999977e+03 6.936744965160343557e-02 7.045279378572649742e-02
1.176668949999999995e+03 6.751339573379894210e-02 6.853229617361469850e-02
1.177352419999999938e+03 6.605764950755799170e-02 6.661146131161146955e-02
1.178035769999999957e+03 6.460215887343817576e-02 6.469096369949967062e-02
1.178719119999999975e+03 6.339105197499239619e-02 6.379116447843623250e-02
1.179402469999999994e+03 6.221121162863127441e-02 6.306592849272528445e-02
1.180085690000000113e+03 6.132372385463409625e-02 6.234083047537326838e-02
1.180769039999999904e+03 6.101283040757427695e-02 6.161559448966256319e-02
1.181452269999999999e+03 6.070199155510515310e-02 6.089048585935987606e-02
1.182135500000000093e+03 6.032511222708403925e-02 6.016537722905718893e-02
1.182818729999999960e+03 5.993019045204281414e-02 5.944026859875474467e-02
1.183501950000000079e+03 5.941781893142900756e-02 5.871517058140272166e-02
1.184185179999999946e+03 5.852220121972018935e-02 5.799006195110027739e-02
1.184868289999999888e+03 5.762674081100646606e-02 5.726508067620608017e-02
1.185551390000000083e+03 5.673738384092912035e-02 5.654011001426231808e-02
1.186234500000000025e+03 5.585083138567355221e-02 5.581512873936812086e-02
1.186917599999999993e+03 5.495660750622841095e-02 5.547402929209508532e-02
1.187600709999999935e+03 5.401209897778912195e-02 5.524011173605970076e-02
1.188283809999999903e+03 5.306760427594475749e-02 5.500619760432721994e-02
1.188966799999999921e+03 5.274909319049266715e-02 5.477232113992672180e-02
1.189649779999999964e+03 5.288148101019875952e-02 5.453844809982912739e-02
1.190332760000000007e+03 5.303224148966290130e-02 5.430457505973153298e-02
1.191015750000000025e+03 5.378028720851250888e-02 5.407069859533103484e-02
1.191698730000000069e+03 5.452832197484865084e-02 5.383682555523344043e-02
1.192381589999999960e+03 5.505250147846644376e-02 5.360299360677080183e-02
1.193064579999999978e+03 5.533260184010746485e-02 5.336911714237031062e-02
1.193747440000000097e+03 5.561264888757553454e-02 5.313528519390759569e-02
1.194430299999999988e+03 5.355665404199981550e-02 5.290145324544496402e-02
1.195113160000000107e+03 5.131542990255621994e-02 5.252364661178516442e-02
1.195795900000000074e+03 5.002451971415852738e-02 5.208571764382560060e-02
1.196478759999999966e+03 5.032093177596148187e-02 5.164771170443310799e-02
1.197161499999999933e+03 5.061729174883348309e-02 5.120978273647354417e-02
1.197844239999999900e+03 5.013302779752579208e-02 5.077185376851398035e-02
1.198526980000000094e+03 4.948004639468150251e-02 5.033392480055427776e-02
1.199209720000000061e+03 4.891603594945740513e-02 4.989599583259471394e-02
1.199892329999999902e+03 4.859265683453963675e-02 4.945815025035429913e-02
1.200575070000000096e+03 4.826921613352577051e-02 4.902022128239459653e-02
1.201257689999999911e+03 4.809554621834856436e-02 4.858236928586811415e-02
1.201940309999999954e+03 4.798083747084872647e-02 4.814451728934148605e-02
1.202622920000000022e+03 4.776927792494478631e-02 4.770667170710092553e-02
1.203305540000000065e+03 4.706648618004226348e-02 4.708275246321523555e-02
1.203988039999999955e+03 4.636381798119683373e-02 4.634678600928782144e-02
1.204670650000000023e+03 4.549899877894381106e-02 4.561070093805628944e-02
1.205353149999999914e+03 4.453150483324171127e-02 4.487473448412887533e-02
1.206035640000000058e+03 4.359652825641729262e-02 4.413877881359245386e-02
1.206718139999999948e+03 4.318145728016324625e-02 4.340281235966503975e-02
1.207400509999999940e+03 4.276646536504748186e-02 4.266698608982398555e-02
1.208083010000000058e+03 4.218310440450370735e-02 4.193101963589632164e-02
1.208765380000000050e+03 4.143522825536363058e-02 4.119519336605526744e-02
1.209447750000000042e+03 4.068735210622355380e-02 4.045936709621420629e-02
1.210130130000000008e+03 3.985111690225814907e-02 3.972353004298190271e-02
1.210812500000000000e+03 3.901047942152344183e-02 3.898770377314084851e-02
1.211494750000000067e+03 3.825073169064650835e-02 3.846829955913120408e-02
1.212177120000000059e+03 3.761267361859446656e-02 3.813457840099084700e-02
1.212859380000000101e+03 3.697471840333257237e-02 3.780091103965776272e-02
1.213541629999999941e+03 3.560524412437839764e-02 3.746724856894362299e-02
1.214223880000000008e+03 3.410164551230733532e-02 3.713358609822936529e-02
1.214906009999999924e+03 3.322099585287158208e-02 3.679998231494133187e-02
1.215588259999999991e+03 3.385636839156972583e-02 3.646631984422708112e-02
1.216270389999999907e+03 3.449162917547895363e-02 3.613271606093904770e-02
1.216952510000000075e+03 3.424806743629211364e-02 3.579911716826973678e-02
1.217634639999999990e+03 3.369079264254817851e-02 3.546551338498169642e-02
1.218316769999999906e+03 3.337054461687958412e-02 3.513190960169366300e-02
1.218998900000000049e+03 3.411056057580608841e-02 3.479830581840551856e-02
1.219680910000000040e+03 3.485044635146080511e-02 3.439737305379787086e-02
1.220363039999999955e+03 3.452683257709297099e-02 3.391314340026679169e-02
1.221045039999999972e+03 3.357419833996290459e-02 3.342900603098492018e-02
1.221727049999999963e+03 3.267124306265637573e-02 3.294486156291466517e-02
1.222408940000000030e+03 3.239089595717613290e-02 3.246080228030522041e-02
1.223090940000000046e+03 3.211050362712655065e-02 3.197666491102334890e-02
1.223772830000000113e+03 3.229277780582789220e-02 3.149260562841390415e-02
1.224454709999999977e+03 3.290383308900481085e-02 3.100855344459301291e-02
1.225136600000000044e+03 3.351489733351356581e-02 3.052449416198357163e-02
1.225818479999999909e+03 3.202631169802235001e-02 3.004044197816267692e-02
1.226500369999999975e+03 3.045934251945215526e-02 2.955638269555323563e-02
1.227182129999999916e+03 2.923919746288402080e-02 2.907241569719316160e-02
1.227864010000000007e+03 2.851974236457791717e-02 2.872421389787104679e-02
1.228545779999999922e+03 2.780040332783827520e-02 2.862576347478871033e-02
1.229227540000000090e+03 2.762953537178592864e-02 2.852731449574792341e-02
1.229909180000000106e+03 2.755265645460852966e-02 2.842888284520616801e-02
1.230590940000000046e+03 2.797796860867553248e-02 2.833043386616541578e-02
1.231272580000000062e+03 2.958537846992382453e-02 2.823200221562366038e-02
1.231954349999999977e+03 3.119309489076633329e-02 2.813355179254132393e-02
1.232635989999999993e+03 3.096888216400953478e-02 2.803512014199956853e-02
1.233317630000000008e+03 3.011059844088556994e-02 2.793668849145781313e-02
1.233999150000000100e+03 2.927024847773153360e-02 2.783827416941505803e-02
1.234680789999999888e+03 2.850716589872664616e-02 2.773984251887333385e-02
1.235362300000000005e+03 2.774422885216560122e-02 2.764142964087215951e-02
1.236043820000000096e+03 2.757800468150838069e-02 2.761440222197874064e-02
1.236725339999999960e+03 2.776097997196954811e-02 2.779881595776846973e-02
1.237406860000000052e+03 2.793558640048674629e-02 2.798322969355825779e-02
1.238088379999999916e+03 2.800678231941049895e-02 2.816764342934798687e-02
1.238769780000000083e+03 2.807796570237015843e-02 2.835202469411964021e-02
1.239451170000000047e+03 2.805407759027961009e-02 2.853640325297305755e-02
1.240132569999999987e+03 2.794182204831626576e-02 2.872078451774464844e-02
1.240813959999999952e+03 2.782956815377795462e-02 2.890516307659806577e-02
1.241495359999999891e+03 2.796275728215559878e-02 2.908954434136966014e-02
1.242176760000000058e+03 2.810563805202341905e-02 2.927392560614131001e-02
1.242858030000000099e+03 2.847536666431850147e-02 2.945827169397659262e-02
1.243539309999999887e+03 2.917774968168571764e-02 2.964262048772998634e-02
1.244220579999999927e+03 2.988012238929776965e-02 2.992261078653559239e-02
1.244901859999999942e+03 3.018028509186299405e-02 3.075374408570066137e-02
1.245583129999999983e+03 3.040867987727579810e-02 3.158486518528116904e-02
1.246264280000000099e+03 3.052422809264445161e-02 3.241583988984664960e-02
1.246945429999999988e+03 3.036569618913843166e-02 3.324681459441185261e-02
1.247626590000000078e+03 3.020716195821691180e-02 3.407780149856189100e-02
1.248307739999999967e+03 3.106406586609461451e-02 3.490877620312710095e-02
1.248988890000000083e+03 3.228886011558113056e-02 3.573975090769257457e-02
1.249670039999999972e+03 3.361540721208820803e-02 3.657072561225778451e-02
1.250351069999999936e+03 3.541516045414993402e-02 3.740155392180796040e-02
1.251032099999999900e+03 3.721491369621166001e-02 3.823238223135813629e-02
1.251713130000000092e+03 3.867005115614961103e-02 3.906321054090858974e-02
1.252394170000000031e+03 3.991334439012799579e-02 3.990065065394769045e-02
1.253075199999999995e+03 4.107855246079144401e-02 4.090235886270360277e-02
1.253756100000000060e+03 4.106319809651406277e-02 4.190387585805183113e-02
1.254437130000000025e+03 4.104784080072345492e-02 4.290558406680774345e-02
1.255118040000000065e+03 4.190790578595879334e-02 4.390711577087961365e-02
1.255798950000000104e+03 4.362970225611163128e-02 4.490864747495147691e-02
1.256479739999999993e+03 4.535119528590277754e-02 4.591000267433897192e-02
1.257160640000000058e+03 4.620347425145070880e-02 4.691151966968719333e-02
1.257841429999999946e+03 4.700585815342676194e-02 4.791287486907468141e-02
1.258522220000000061e+03 4.786741180404222029e-02 4.891423006846250254e-02
1.259202999999999975e+03 4.882241237054384814e-02 4.991557055912634877e-02
1.259883790000000090e+03 4.977742696508075798e-02 5.091692575851417685e-02
1.260564579999999978e+03 5.181911203216087169e-02 5.191828095790166492e-02
1.261245239999999967e+03 5.408432203271990035e-02 5.270809305724642041e-02
1.261926030000000083e+03 5.587021036440871502e-02 5.348081759045413691e-02
1.262606690000000071e+03 5.636387921127618966e-02 5.425339456833728341e-02
1.263287350000000060e+03 5.685754805814366430e-02 5.502597154622042991e-02
1.263968020000000024e+03 5.781014296173130063e-02 5.579855987451311922e-02
1.264648560000000089e+03 5.894817113621567128e-02 5.657100064748149526e-02
1.265329220000000078e+03 6.017542559140053038e-02 5.734357762536464176e-02
1.266009769999999889e+03 6.189466594635607832e-02 5.811602974874230387e-02
1.266690309999999954e+03 6.361388103879879463e-02 5.888847052171068686e-02
1.267370850000000019e+03 6.358484716422473093e-02 5.966091129467906290e-02
1.268051269999999931e+03 6.236062064364863294e-02 6.043321586273241175e-02
1.268731809999999996e+03 6.123193950360940330e-02 6.120565663570078779e-02
1.269412229999999909e+03 6.275929968371492251e-02 6.204106182778553608e-02
1.270092650000000049e+03 6.428665986382094133e-02 6.289167247298320385e-02
1.270773069999999962e+03 6.578624818164342802e-02 6.374228311818060100e-02
1.271453490000000102e+03 6.725519289192420647e-02 6.459289376337827571e-02
1.272133910000000014e+03 6.872413760220449919e-02 6.544350440857565898e-02
1.272814210000000003e+03 6.873873990945007784e-02 6.629396503866862023e-02
1.273494509999999991e+03 6.861972594267119752e-02 6.714442566876156759e-02
1.274174800000000005e+03 6.851816184585778069e-02 6.799487379759584782e-02
1.274855099999999993e+03 6.844816026047294277e-02 6.884533442768879519e-02
1.275535399999999981e+03 6.837815867508810486e-02 6.969579505778175643e-02
1.276215580000000045e+03 6.962587938070433080e-02 7.054610567277028177e-02
1.276895870000000059e+03 7.121167608101987290e-02 7.139655380160454812e-02
1.277576049999999896e+03 7.211553872988250846e-02 7.145721612317275373e-02
1.278256229999999960e+03 7.081041941411742036e-02 7.115018476266198044e-02
1.278936279999999897e+03 6.950554954042828526e-02 7.084321208378974166e-02
1.279616459999999961e+03 7.061094438502539539e-02 7.053618072327896837e-02
1.280296509999999898e+03 7.287375709965725201e-02 7.022920804440674347e-02
1.280976560000000063e+03 7.469264631293677514e-02 6.992223536553440755e-02
1.281656739999999900e+03 7.310287603240851750e-02 6.961520400502373140e-02
1.282336669999999913e+03 7.151369007157482027e-02 6.930828549381776171e-02
1.283016720000000078e+03 6.987151220878240476e-02 6.900131281494542579e-02
1.283696779999999990e+03 6.818695574172463358e-02 6.869433562210100486e-02
1.284376710000000003e+03 6.650272129381303021e-02 6.838741711089503517e-02
1.285056640000000016e+03 6.742045620008592366e-02 6.808049859968906548e-02
1.285736570000000029e+03 6.835416751377507150e-02 6.752287530973005714e-02
1.286416500000000042e+03 6.827014796827192422e-02 6.676328766713192364e-02
1.287096309999999903e+03 6.685287658820761314e-02 6.600383408321222611e-02
1.287776249999999891e+03 6.543533418347526054e-02 6.524423526905759330e-02
1.288456050000000005e+03 6.496466044207444002e-02 6.448479285669414529e-02
1.289135860000000093e+03 6.463340702354615497e-02 6.372533927277418409e-02
1.289815669999999955e+03 6.409192012598280419e-02 6.296588568885450043e-02
1.290495359999999891e+03 6.308329140685293990e-02 6.220656616361297520e-02
1.291175169999999980e+03 6.207448461323846617e-02 6.144711257969302787e-02
1.291854859999999917e+03 6.091112358527339676e-02 6.068779305445150263e-02
1.292534550000000081e+03 5.969583860473350045e-02 5.992847352920973453e-02
1.293214230000000043e+03 5.873740736046481614e-02 5.916916517552470861e-02
1.293893919999999980e+03 5.889458449050944538e-02 5.831052642614843046e-02
1.294573489999999993e+03 5.905173387076285280e-02 5.731525353673987827e-02
1.295253169999999955e+03 5.787189002750573602e-02 5.631981954543191504e-02
1.295932739999999967e+03 5.589077454327378430e-02 5.532454665602336286e-02
1.296612300000000005e+03 5.400542510483511555e-02 5.432928841224200084e-02
1.297291870000000017e+03 5.353430636560743000e-02 5.333401552283344865e-02
1.297971309999999903e+03 5.306327775018768178e-02 5.233893302657902091e-02
1.298650879999999916e+03 5.220340998918878567e-02 5.134366013717046873e-02
1.299330320000000029e+03 5.095656229615935090e-02 5.034857764091571486e-02
1.300009769999999889e+03 4.970969625202222020e-02 4.935348049903409695e-02
1.300689210000000003e+03 4.854791769198967682e-02 4.835839800277933614e-02
1.301368649999999889e+03 4.739169041992161158e-02 4.736331550652490840e-02
1.302047970000000078e+03 4.640103028219389608e-02 4.641270408994319779e-02
1.302727290000000039e+03 4.568468998150245625e-02 4.557459804034457579e-02
1.303406739999999900e+03 4.496821259631620521e-02 4.473633160420299043e-02
1.304085939999999937e+03 4.448424150707505631e-02 4.389837360372095959e-02
1.304765259999999898e+03 4.405339318100854468e-02 4.306026755412233759e-02
1.305444580000000087e+03 4.363153963818081071e-02 4.222216150452343109e-02
1.306123779999999897e+03 4.323666918092430173e-02 4.138420350404167780e-02
1.306802979999999934e+03 4.284179872366766784e-02 4.054624550355965390e-02
1.307482299999999896e+03 4.111444826265425734e-02 3.970813945396102496e-02
1.308161380000000008e+03 3.878181066166690866e-02 3.887032950259559916e-02
1.308840580000000045e+03 3.672073661285629037e-02 3.803237150211357526e-02
1.309519780000000083e+03 3.657756546655441254e-02 3.719441350163154442e-02
1.310198849999999993e+03 3.643442172344604768e-02 3.641515417591761894e-02
1.310877930000000106e+03 3.609798604177165415e-02 3.599688729382281155e-02
1.311557009999999991e+03 3.561009028338205790e-02 3.557862041172814294e-02
1.312236079999999902e+03 3.512220170965048988e-02 3.516035968895021846e-02
1.312915040000000090e+03 3.463427200703626113e-02 3.474216671865640316e-02
1.313594119999999975e+03 3.414625576331237200e-02 3.432389983656173454e-02
1.314273069999999962e+03 3.395216096135218048e-02 3.390571302558480216e-02
1.314952029999999922e+03 3.414207850529891314e-02 3.348752005529113257e-02
1.315630979999999909e+03 3.433199325206255648e-02 3.306933324431420018e-02
1.316309809999999970e+03 3.369347082955861938e-02 3.265122034513825988e-02
1.316988769999999931e+03 3.293060735614841000e-02 3.223302737484458336e-02
1.317667599999999993e+03 3.216670874625027210e-02 3.181491447566865000e-02
1.318346440000000030e+03 3.140011382231361337e-02 3.139679541717597250e-02
1.319025270000000091e+03 3.063353019109573902e-02 3.100497465043565784e-02
1.319704099999999926e+03 3.025141505714206216e-02 3.061337620336274795e-02
1.320382810000000063e+03 3.000368776675281166e-02 3.022184698100520081e-02
1.321061519999999973e+03 2.943924437409143821e-02 2.983031775864778551e-02
1.321740360000000010e+03 2.739602932136376776e-02 2.943871354284846240e-02
1.322419069999999920e+03 2.535320555076018070e-02 2.904718432049104709e-02
1.323097659999999905e+03 2.509642012697019947e-02 2.865572432284912291e-02
1.323776370000000043e+03 2.597109905951248618e-02 2.826419510049157577e-02
1.324454960000000028e+03 2.680914460265667806e-02 2.787273510284965505e-02
1.325133669999999938e+03 2.691273382207336543e-02 2.748120588049223975e-02
1.325812259999999924e+03 2.701630472629457796e-02 2.708974588285031904e-02
1.326490720000000010e+03 2.672592152397467932e-02 2.669836087865017082e-02
1.327169309999999996e+03 2.601266959849671961e-02 2.630982377587963786e-02
1.327847899999999981e+03 2.529941767301876338e-02 2.592184873708301349e-02
1.328526370000000043e+03 2.550591590195801922e-02 2.553394230673129359e-02
1.329204829999999902e+03 2.579519246423232076e-02 2.514604159375009862e-02
1.329883299999999963e+03 2.572711287245051451e-02 2.475813516339837872e-02
1.330561770000000024e+03 2.499990184183313591e-02 2.437022873304665535e-02
1.331240109999999959e+03 2.427283015036718616e-02 2.398239662851036486e-02
1.331918580000000020e+03 2.351815400510360102e-02 2.359449019815864149e-02
1.332596919999999955e+03 2.275615729725104577e-02 2.320665809362235099e-02
1.333275270000000091e+03 2.214804253808116963e-02 2.281882027171553209e-02
1.333953610000000026e+03 2.208300605830885652e-02 2.243098816717924160e-02
1.334631840000000011e+03 2.201798012488907080e-02 2.204321895371745554e-02
1.335310179999999946e+03 2.160182605131999792e-02 2.177432276741282993e-02
1.335988399999999956e+03 2.100071846394866576e-02 2.156116500333118968e-02
1.336666629999999941e+03 2.048548305674296674e-02 2.134800409634955709e-02
1.337344849999999951e+03 2.085020820585819362e-02 2.113484633226791684e-02
1.338022950000000037e+03 2.121486882278936920e-02 2.092172628298630266e-02
1.338701170000000047e+03 2.087927729210127883e-02 2.070856851890466241e-02
1.339379269999999906e+03 1.990384959328936332e-02 2.049544846962312108e-02
1.340057369999999992e+03 1.892842189447711820e-02 2.028232842034150690e-02
1.340735470000000078e+03 1.867589630006472046e-02 2.006920837105989272e-02
1.341413569999999936e+03 1.845644379308132924e-02 1.985608832177835140e-02
1.342091550000000097e+03 1.851685211222742558e-02 1.964300598729676328e-02
1.342769649999999956e+03 1.901571102144752196e-02 1.942988593801522196e-02
1.343447629999999890e+03 1.951448165007616323e-02 1.925436462060919895e-02
1.344125610000000052e+03 1.913899008215195346e-02 1.911375151414142215e-02
1.344803589999999986e+03 1.857548420039973128e-02 1.897313840767369392e-02
1.345481449999999995e+03 1.815980466507117336e-02 1.883255018921559110e-02
1.346159419999999955e+03 1.817326990713662507e-02 1.869193915674866036e-02
1.346837279999999964e+03 1.818673296447911522e-02 1.855135093829055407e-02
1.347515139999999974e+03 1.820407101122993587e-02 1.841076271983245125e-02
1.348192990000000009e+03 1.822315787947663759e-02 1.827017657537514245e-02
1.348870850000000019e+03 1.824336960024371818e-02 1.812958835691703963e-02
1.349548579999999902e+03 1.827167546481163474e-02 1.798902710046940481e-02
1.350226319999999987e+03 1.829998174703651587e-02 1.784846377002092740e-02
1.350904170000000022e+03 1.796856461639897290e-02 1.770787762556362208e-02
1.351581789999999955e+03 1.734831169088452141e-02 1.751858498719825394e-02
1.352259520000000066e+03 1.672795807793180101e-02 1.723891400821112724e-02
1.352937259999999924e+03 1.788415486026093820e-02 1.695923890264007874e-02
1.353614870000000110e+03 1.906379929007284008e-02 1.667961744266119317e-02
1.354292480000000069e+03 1.948879349076776055e-02 1.639999598268240127e-02
1.354970090000000027e+03 1.886746797578212065e-02 1.612037452270361285e-02
1.355647709999999961e+03 1.824613329142894466e-02 1.584074893614080895e-02
1.356325319999999920e+03 1.726258671506500364e-02 1.556112747616201705e-02
1.357002809999999954e+03 1.621590730183026380e-02 1.528155553519147149e-02
1.357680299999999988e+03 1.524519618729760877e-02 1.500198359422092419e-02
1.358357790000000023e+03 1.446706402606502857e-02 1.472241165325037862e-02
1.359035280000000057e+03 1.368893186483245011e-02 1.444283971227983132e-02
1.359712770000000091e+03 1.442375894631492232e-02 1.423027358633062282e-02
1.360390139999999974e+03 1.576154297500563517e-02 1.432749717229218900e-02
1.361067630000000008e+03 1.680801725400466948e-02 1.442473798197244604e-02
1.361744999999999891e+03 1.615350135212279339e-02 1.452196156793401395e-02
1.362422360000000026e+03 1.549899511284607428e-02 1.461918371858572652e-02
1.363099609999999984e+03 1.541902358449760702e-02 1.471639008082863478e-02
1.363776980000000094e+03 1.575873939287384881e-02 1.481361366679023392e-02
1.364454220000000078e+03 1.609645720932575616e-02 1.491081859372325562e-02
1.365131470000000036e+03 1.621713897301764809e-02 1.500802495596616215e-02
1.365808719999999994e+03 1.633782073670954002e-02 1.510523131820907042e-02
1.366485959999999977e+03 1.622352489320674426e-02 1.520243624514209212e-02
1.367163209999999935e+03 1.581013792652052885e-02 1.529964260738499865e-02
1.367840329999999994e+03 1.539683031059936244e-02 1.539683031059936244e-02
