9.306945799999999736e+02 2.783627791026944270e-02 2.783627791026944270e-02
9.313851899999999659e+02 2.828652567628186371e-02 2.690090226245334115e-02
9.320757399999999961e+02 2.873673432489670318e-02 2.596560787980692342e-02
9.327663000000000011e+02 2.842184290525735790e-02 2.503029995296558383e-02
9.334568500000000313e+02 2.789525894803735265e-02 2.409500557031916262e-02
9.341473999999999478e+02 2.499909736420624987e-02 2.315971118767289755e-02
9.348378900000000158e+02 1.525102876458054278e-02 2.222449807019616363e-02
9.355283799999999701e+02 5.502960164956442052e-03 2.128928495271957891e-02
9.362188700000000381e+02 4.965443778637281327e-03 2.035407183524284153e-02
9.369093000000000302e+02 7.827473289176763854e-03 1.941893998293593715e-02
9.375997300000000223e+02 1.072392204292397719e-02 1.848380813062903624e-02
9.382901600000000144e+02 1.375486897425500649e-02 1.754867627832213534e-02
9.389805300000000443e+02 1.678555250912909524e-02 1.660616620353177336e-02
9.396708999999999605e+02 1.771263737985073403e-02 1.553529767052124269e-02
9.403612699999999904e+02 1.763586742352726139e-02 1.446442913751053508e-02
9.410515699999999697e+02 1.740407953557426488e-02 1.339366918511220028e-02
9.417418800000000374e+02 1.629284623830887929e-02 1.232289372119768807e-02
9.424321899999999914e+02 1.518161294104367585e-02 1.125211825728335106e-02
9.431224999999999454e+02 1.062838128626255978e-02 1.018134279336901406e-02
9.438127399999999625e+02 3.990501172206015537e-03 9.110675910066874661e-03
9.445029899999999543e+02 -1.374968235742358210e-03 8.039993515248734790e-03
9.451931799999999839e+02 5.323831245192263417e-03 6.969404189526788584e-03
9.458833600000000388e+02 1.202253366880261243e-02 5.898830375320844588e-03
9.465735499999999547e+02 1.054207488192809676e-02 4.828241049599073589e-03
9.472637300000000096e+02 2.834284040114661007e-03 3.984553762735335881e-03
9.479538599999999633e+02 -4.216224262922545901e-03 5.056541222971317959e-03
9.486439800000000560e+02 4.467028145766755928e-03 6.128513150083898797e-03
9.493341100000000097e+02 1.315040637680996854e-02 7.200500610319880007e-03
9.500241700000000264e+02 1.473377361499747171e-02 8.272379338690636144e-03
9.507142300000000432e+02 9.558822129475941926e-03 9.344258067061390546e-03
9.514043000000000347e+02 4.383795651178822028e-03 1.041615232855572573e-02
9.520943600000000515e+02 5.500191702255532132e-03 1.148803105692648013e-02
9.527843599999999924e+02 6.717087466830102410e-03 1.255981658655541157e-02
9.534743700000000217e+02 8.073352918847295778e-03 1.363161764930809726e-02
9.541643100000000004e+02 9.595652665458880362e-03 1.470330998019537920e-02
9.548542499999999791e+02 1.111795241207046495e-02 1.577500231108266288e-02
9.555441899999999578e+02 1.789718564968340031e-02 1.697532536302756925e-02
9.562341300000000501e+02 2.508594904982301699e-02 1.888813878363220997e-02
9.569240099999999529e+02 2.957274275414373960e-02 2.080078585816965905e-02
9.576138899999999694e+02 2.999372292481703242e-02 2.271343293270742386e-02
9.583037699999999859e+02 3.041470309549032525e-02 2.462608000724518520e-02
9.589935900000000402e+02 3.032151056107537657e-02 2.653856073571638982e-02
9.596834099999999808e+02 3.015180720213709795e-02 2.845104146418727525e-02
9.603731699999999591e+02 3.020065061316094465e-02 3.036335584659160050e-02
9.610629900000000134e+02 3.067096800663205239e-02 3.227583657506280512e-02
9.617527499999999918e+02 3.114124449226685076e-02 3.418815095746712690e-02
9.624424999999999955e+02 3.387870323672651646e-02 3.610043761552707287e-02
9.631322000000000116e+02 3.713943673031400161e-02 3.801258565186484140e-02
9.638219000000000278e+02 4.005734255316627246e-02 3.987745390704747900e-02
9.645116000000000440e+02 4.210784286287114209e-02 4.154839056909684358e-02
9.652012300000000096e+02 4.415813506032172098e-02 4.321915764209818822e-02
9.658908699999999499e+02 4.721389240967003437e-02 4.488994894210630859e-02
9.665805100000000039e+02 5.059807111175177591e-02 4.656074024211470652e-02
9.672701399999999694e+02 5.190807225079976939e-02 4.823150731511603728e-02
9.679597199999999475e+02 4.604416264371261058e-02 4.990215325308319100e-02
9.686492899999999509e+02 4.018033807258346302e-02 5.157277496404355510e-02
9.693388700000000426e+02 4.438330700710704790e-02 5.324342090201097943e-02
9.700283799999999701e+02 5.301084037452438030e-02 5.491389725093009239e-02
9.707178999999999860e+02 6.016931543112366554e-02 5.658439782685625863e-02
9.714073499999999513e+02 5.987876083139954952e-02 5.825472881373440492e-02
9.720968599999999924e+02 5.958818094590270092e-02 5.982623239424951500e-02
9.727863200000000461e+02 6.010800486301697693e-02 6.107566539480669549e-02
9.734757100000000491e+02 6.109424494706187925e-02 6.232497154201473849e-02
9.741651600000000144e+02 6.216402980815845941e-02 6.357438642066474965e-02
9.748545500000000175e+02 6.394982945786957529e-02 6.482369256787279266e-02
9.755438799999999446e+02 6.573547368325030615e-02 6.607288998363863852e-02
9.762332800000000361e+02 6.506426030882243861e-02 6.732221425275385085e-02
9.769226099999999633e+02 6.256889552997214887e-02 6.857141166851971059e-02
9.776119400000000041e+02 6.039977841329794567e-02 6.982060908428576462e-02
9.783012099999999691e+02 6.542325752672956130e-02 7.106969776860963539e-02
9.789904800000000478e+02 7.044673664016200265e-02 7.231878645293372820e-02
9.796797500000000127e+02 7.355555377819535112e-02 7.356787513725759897e-02
9.803690199999999777e+02 7.484398582696975832e-02 7.526682464825378005e-02
9.810582299999999805e+02 7.613230571951672132e-02 7.818056748391470634e-02
9.817474399999999832e+02 7.320685301354283581e-02 8.109431031957564651e-02
9.824365800000000490e+02 7.020303365780748706e-02 8.400775721931237616e-02
9.831257299999999759e+02 7.312286000427292709e-02 8.692124639560916410e-02
9.838148800000000165e+02 8.326723699108187771e-02 8.983473557190643777e-02
9.845040299999999434e+02 9.341161397788914911e-02 9.274822474820322571e-02
9.851931200000000217e+02 9.759611914731178284e-02 9.566146026513683287e-02
9.858822000000000116e+02 1.012575502903429459e-01 9.857465350550942418e-02
9.865712899999999763e+02 1.039975302142285979e-01 1.014878890224425456e-01
9.872603100000000040e+02 1.052830459733787444e-01 1.044008286034514843e-01
9.879493400000000065e+02 1.065685803896905953e-01 1.073138104610209531e-01
9.886383700000000090e+02 1.108521372243772285e-01 1.093314665549830200e-01
9.893273299999999608e+02 1.156382392749759347e-01 1.092722551818373217e-01
9.900163000000000011e+02 1.182612329029762155e-01 1.092130429492604027e-01
9.907052599999999529e+02 1.163813819916324765e-01 1.091538315761147043e-01
9.913941700000000310e+02 1.145016675069975981e-01 1.090946245001250953e-01
9.920830700000000206e+02 1.132544613348778484e-01 1.090354182835666930e-01
9.927719700000000103e+02 1.121729358993986403e-01 1.089762120670083045e-01
9.934608799999999746e+02 1.121509902674718978e-01 1.089170049910186955e-01
9.941497200000000021e+02 1.151370117758713785e-01 1.088578039310476031e-01
9.948385600000000295e+02 1.181230332842708591e-01 1.087986028710765107e-01
9.955273399999999810e+02 1.157810387470316615e-01 1.087394069676927283e-01
9.962161300000000210e+02 1.114497087112595458e-01 1.086802102048777113e-01
9.969049099999999726e+02 1.075209970440288154e-01 1.075544959475740747e-01
9.975936900000000378e+02 1.052471274069211038e-01 1.042458197937294051e-01
9.982824100000000271e+02 1.029734558478330730e-01 1.009374318604624038e-01
9.989711300000000165e+02 1.006099937279865963e-01 9.762904392719538860e-02
9.996597900000000436e+02 9.820113227298570002e-02 9.432094421450550048e-02
1.000348449999999957e+03 9.551470172196117880e-02 9.101284450181615360e-02
1.001037109999999984e+03 9.097536177572257410e-02 8.770474478912626548e-02
1.001725770000000011e+03 8.643602182948395551e-02 8.439664507643637736e-02
1.002414369999999963e+03 8.243677177397856770e-02 8.108883358432414368e-02
1.003102970000000028e+03 7.880134562908486240e-02 7.778102209221136876e-02
1.003791560000000004e+03 7.516404485920591405e-02 7.447325863686189706e-02
1.004480099999999993e+03 7.149889994774230595e-02 7.116573536532677657e-02
1.005168639999999982e+03 6.783375503627869785e-02 6.859229802514758834e-02
1.005857179999999971e+03 6.563402811881059729e-02 6.737544984531827763e-02
1.006545650000000023e+03 6.472971924115032694e-02 6.615872537561838518e-02
1.007234130000000050e+03 6.382539722843875996e-02 6.494198323304288534e-02
1.007922609999999963e+03 5.878379049620523905e-02 6.372524109046759366e-02
1.008611020000000053e+03 5.373165958730491409e-02 6.250862265802152595e-02
1.009299440000000004e+03 5.368468398052453350e-02 6.129198655270005208e-02
1.009987849999999980e+03 5.942667384395345503e-02 6.007536812025417866e-02
1.010676270000000045e+03 6.516874711683189048e-02 5.885873201493250356e-02
1.011364619999999945e+03 6.288626011998675602e-02 5.764221961974065611e-02
1.012052919999999972e+03 5.999958544870877264e-02 5.642579558892681785e-02
1.012741269999999986e+03 5.676196360902544674e-02 5.520928319373476223e-02
1.013429570000000012e+03 5.298923770328017174e-02 5.422993254521000367e-02
1.014117859999999951e+03 4.921656660976705261e-02 5.365428390027505989e-02
1.014806090000000040e+03 4.714417934623030271e-02 5.307868543610491652e-02
1.015494320000000016e+03 4.534432806265977639e-02 5.250308697193487029e-02
1.016182559999999967e+03 4.322937571882569385e-02 5.192748014430402514e-02
1.016870790000000056e+03 4.046725154911821193e-02 5.135188168013388871e-02
1.017558959999999956e+03 3.770536818183246180e-02 5.077633339672883717e-02
1.018247129999999970e+03 3.935278121383473104e-02 5.020078511332369542e-02
1.018935240000000022e+03 4.215159782155357415e-02 4.962528701068345816e-02
1.019623349999999959e+03 4.470464645384285979e-02 4.904978890804331110e-02
1.020311460000000011e+03 4.655129167638633741e-02 4.847429080540306690e-02
1.020999569999999949e+03 4.839793689892950279e-02 4.789879270276292678e-02
1.021687620000000038e+03 4.640180154220684139e-02 4.749187460417027967e-02
1.022375670000000014e+03 4.293644350049414388e-02 4.735453439787914998e-02
1.023063719999999989e+03 4.051654866915285758e-02 4.721719419158802722e-02
1.023751710000000003e+03 4.259977654624580445e-02 4.707986596177007876e-02
1.024439699999999903e+03 4.468300442333840439e-02 4.694253773195215806e-02
1.025127690000000030e+03 4.446167883944268651e-02 4.680520950213418879e-02
1.025815550000000030e+03 4.301764919122701147e-02 4.666790722134148833e-02
1.026503539999999930e+03 4.219817717909593591e-02 4.653057899152356069e-02
1.027191409999999905e+03 4.606474678911370163e-02 4.639327471465200248e-02
1.027879269999999906e+03 4.993126018837070607e-02 4.625597243385930202e-02
1.028567140000000109e+03 5.014502969457550891e-02 4.611866815698769523e-02
1.029255000000000109e+03 4.773806717259423266e-02 4.598136587619499477e-02
1.029942870000000084e+03 4.563219286753612824e-02 4.666625625519700560e-02
1.030630619999999908e+03 4.967656748942086975e-02 4.860870128548384905e-02
1.031318479999999909e+03 5.372158897602261757e-02 5.055145699400213216e-02
1.032006229999999960e+03 5.623378642214274525e-02 5.249390202428962093e-02
1.032693970000000036e+03 5.727875345735539830e-02 5.443631881110163467e-02
1.033381710000000112e+03 5.832372049256805829e-02 5.637873559791364841e-02
1.034069340000000011e+03 6.077320110608645798e-02 5.832084170649422250e-02
1.034757080000000087e+03 6.325941300385730381e-02 6.026325849330622930e-02
1.035444700000000012e+03 6.545865809830865578e-02 6.220533635841133530e-02
1.036132319999999936e+03 6.729097585851200047e-02 6.414741422351644129e-02
1.036820069999999987e+03 6.912364003288166969e-02 6.608985925380392312e-02
1.037507569999999987e+03 6.929491013580348080e-02 6.803159819720275281e-02
1.038195189999999911e+03 6.928608888751680572e-02 6.919033285135377243e-02
1.038882810000000063e+03 7.082314021344281174e-02 6.918208488992469429e-02
1.039570310000000063e+03 7.504280081173271555e-02 6.917383836788854046e-02
1.040257810000000063e+03 7.926246141002261936e-02 6.916559184585240050e-02
1.040945310000000063e+03 7.858787862044833150e-02 6.915734532381626054e-02
1.041632810000000063e+03 7.690254785571930263e-02 6.914909880178012058e-02
1.042320310000000063e+03 7.516129020523991400e-02 6.914085227974398062e-02
1.043007689999999911e+03 7.328480730757977457e-02 6.913260719710077884e-02
1.043695189999999911e+03 7.140799682117977831e-02 6.912436067506463888e-02
1.044382569999999987e+03 7.072141144571972293e-02 6.911611559242143710e-02
1.045069950000000063e+03 7.042073098320250635e-02 6.910787050977823531e-02
1.045757319999999936e+03 6.988706136086605958e-02 6.909962554708444504e-02
1.046444700000000012e+03 6.851621162386259400e-02 6.858260629168662359e-02
1.047131959999999935e+03 6.714560120422165268e-02 6.731504193511980705e-02
1.047819340000000011e+03 6.442385331754300892e-02 6.604725625369343989e-02
1.048506589999999960e+03 6.106803035186351980e-02 6.477971034086485447e-02
1.049193850000000111e+03 5.837947329928793588e-02 6.351214598429762159e-02
1.049881100000000060e+03 5.970218100766432057e-02 6.224460007146904311e-02
1.050568359999999984e+03 6.102490796242419219e-02 6.097703571490223351e-02
1.051255490000000009e+03 6.145736138282448940e-02 5.970971112693278238e-02
1.051942749999999933e+03 6.130845847271756272e-02 5.844214677036597971e-02
1.052629879999999957e+03 6.097186042891205443e-02 5.717482218239652858e-02
1.053317019999999957e+03 5.801988379389732414e-02 5.590747915068886020e-02
1.054004149999999981e+03 5.506795011922003408e-02 5.464015456271941601e-02
1.054691280000000006e+03 5.336931108984710459e-02 5.367582282057772880e-02
1.055378300000000081e+03 5.278804771037421545e-02 5.316235277911652429e-02
1.056065430000000106e+03 5.220669126378289088e-02 5.264880052504938152e-02
1.056752439999999979e+03 5.212997941406590646e-02 5.213533795746159993e-02
1.057439450000000079e+03 5.205797255057698775e-02 5.162187538987365182e-02
1.058126459999999952e+03 5.165190522084366076e-02 5.110841282228587718e-02
1.058813480000000027e+03 5.084113727857240972e-02 5.059494278082467267e-02
1.059500489999999900e+03 5.003038113752905636e-02 5.008148021323689109e-02
1.060187380000000076e+03 4.831101818652434182e-02 4.956810733212813763e-02
1.060874270000000024e+03 4.650575025959020198e-02 4.905473445101955765e-02
1.061561159999999973e+03 4.579048581570725057e-02 4.854136156991097073e-02
1.062248049999999921e+03 4.689479409239692698e-02 4.802798868880238381e-02
1.062934940000000097e+03 4.799910236908697114e-02 4.776347170806787001e-02
1.063621830000000045e+03 4.749357353768623308e-02 4.787893141195368601e-02
1.064308590000000095e+03 4.667233623799467435e-02 4.799436926407067011e-02
1.064995480000000043e+03 4.644714528805325704e-02 4.810982896795647917e-02
1.065682250000000067e+03 4.763445837299666585e-02 4.822526850097875323e-02
1.066369020000000091e+03 4.882177145794007467e-02 4.834070803400102728e-02
1.067055659999999989e+03 4.996910300013648887e-02 4.845612571525442780e-02
1.067742430000000013e+03 5.110392271291595151e-02 4.857156524827670185e-02
1.068429080000000113e+03 5.159272813558573451e-02 4.868698461043543396e-02
1.069115839999999935e+03 4.976403091675998813e-02 4.880242246255237643e-02
1.069802490000000034e+03 4.793562660476276965e-02 4.891784182471110853e-02
1.070489139999999907e+03 4.828784271783548993e-02 4.903326118686980595e-02
1.071175780000000032e+03 4.967376781013940756e-02 4.921532811591685513e-02
1.071862300000000005e+03 5.102573433895425670e-02 4.950362567903428268e-02
1.072548950000000104e+03 5.216851927245520076e-02 4.979197783441885461e-02
1.073235470000000078e+03 5.331108784821712854e-02 5.008027539753627522e-02
1.073922000000000025e+03 5.332887024100427947e-02 5.036857716005885277e-02
1.074608519999999999e+03 5.259267008320108600e-02 5.065687472317628032e-02
1.075295039999999972e+03 5.196137125933562861e-02 5.094517228629370786e-02
1.075981569999999920e+03 5.301312560773080440e-02 5.123347404881627848e-02
1.076667969999999968e+03 5.406468079794617132e-02 5.152172121907180186e-02
1.077354370000000017e+03 5.417740734421744309e-02 5.180996838932733217e-02
1.078040770000000066e+03 5.341735488321365521e-02 5.209821555958285555e-02
1.078727169999999887e+03 5.265730242221011714e-02 5.238646272983828178e-02
1.079413569999999936e+03 5.258004573249488306e-02 5.223767079021521959e-02
1.080099979999999960e+03 5.251844191256407196e-02 5.134670387066862102e-02
1.080786250000000109e+03 5.247935166384862932e-02 5.045591867249645673e-02
1.081472659999999905e+03 5.246924430739902806e-02 4.956495175295015654e-02
1.082158940000000030e+03 5.245913886519358582e-02 4.867415357467984316e-02
1.082845209999999952e+03 5.199912234653310261e-02 4.778336837650797031e-02
1.083531369999999924e+03 5.148713712243770113e-02 4.689272595941607752e-02
1.084217650000000049e+03 5.080652110873404986e-02 4.600192778114576414e-02
1.084903929999999946e+03 4.981972430349099895e-02 4.511112960287574219e-02
1.085590089999999918e+03 4.883310004533741172e-02 4.422048718578384940e-02
1.086276249999999891e+03 4.630909224467856522e-02 4.332984476869194967e-02
1.086962399999999889e+03 4.343363726866710656e-02 4.243921533169821292e-02
1.087648560000000089e+03 4.135413734827132065e-02 4.167880705048093021e-02
1.088334589999999935e+03 4.139539063148985759e-02 4.115851587474274320e-02
1.089020749999999907e+03 4.143665173204411772e-02 4.063812610586298169e-02
1.089706789999999955e+03 4.103049163242346309e-02 4.011782734603683981e-02
1.090392820000000029e+03 4.045996068079193986e-02 3.959753617029847933e-02
1.091078860000000077e+03 3.967387075556847581e-02 3.907723741047233745e-02
1.091764889999999923e+03 3.796591110402872116e-02 3.855694623473415045e-02
1.092450810000000047e+03 3.625822531159308276e-02 3.803673848396161433e-02
1.093136839999999893e+03 3.492991617087366774e-02 3.751644730822342733e-02
1.093822750000000042e+03 3.380847417044047232e-02 3.699624714153868649e-02
1.094508669999999938e+03 3.296128267785876365e-02 3.647603939076632384e-02
1.095194580000000087e+03 3.443417506124855920e-02 3.595583922408157607e-02
1.095880490000000009e+03 3.590706744463786904e-02 3.566018563351460585e-02
1.096566409999999905e+03 3.523659424210133506e-02 3.582375699715029810e-02
1.097252199999999903e+03 3.290587649818904614e-02 3.598729735968199395e-02
1.097937989999999900e+03 3.067752742778719760e-02 3.615083772221368286e-02
1.098623779999999897e+03 3.326165727022292046e-02 3.631437808474537871e-02
1.099309569999999894e+03 3.584578711265864331e-02 3.647791844727706762e-02
1.099995359999999891e+03 3.623704869655756944e-02 3.664145880980876346e-02
1.100681149999999889e+03 3.423971127041613993e-02 3.680499917234045237e-02
1.101366819999999962e+03 3.224272333973394328e-02 3.696851091846845017e-02
1.102052490000000034e+03 3.337087648436350834e-02 3.713202266459644796e-02
1.102738160000000107e+03 3.471368133090155933e-02 3.729553441072444575e-02
1.103423829999999953e+03 3.627988374240740527e-02 3.745904615685238109e-02
1.104109500000000025e+03 3.819125103480303790e-02 3.810651482043660165e-02
1.104795170000000098e+03 4.010261832719867053e-02 3.987910480147871528e-02
1.105480710000000045e+03 4.052749200314162414e-02 4.165135870729840678e-02
1.106166259999999966e+03 4.068989867166063201e-02 4.342363846505818692e-02
1.106851809999999887e+03 4.178430020114039939e-02 4.519591822281797400e-02
1.107537350000000060e+03 4.498616268351295078e-02 4.696817212863824836e-02
1.108222899999999981e+03 4.818807187158322819e-02 4.874045188639803544e-02
1.108908449999999903e+03 5.052901432463645370e-02 5.051273164415781558e-02
1.109593869999999924e+03 5.260265851951408111e-02 5.228467532669577034e-02
1.110279299999999921e+03 5.447295956722696120e-02 5.405664486117381373e-02
1.110964719999999943e+03 5.562048053883444920e-02 5.582858854371175461e-02
1.111650149999999940e+03 5.676801825230778226e-02 5.760055807818979801e-02
1.112335569999999962e+03 5.989643337313303728e-02 5.987937512865854767e-02
1.113020999999999958e+03 6.397488963791360395e-02 6.353682959364316540e-02
1.113706300000000056e+03 6.780044613971161760e-02 6.719359037863116557e-02
1.114391599999999926e+03 6.996799027330946608e-02 7.085035116361795837e-02
1.115076900000000023e+03 7.213553440690802232e-02 7.450711194860597242e-02
1.115762210000000096e+03 7.459263549581122976e-02 7.816392609359361365e-02
1.116447509999999966e+03 7.725241970300031347e-02 8.182068687858040645e-02
1.117132689999999911e+03 8.008995753628175840e-02 8.547680734357022969e-02
1.117817990000000009e+03 8.683355366307979328e-02 8.913356812855824374e-02
1.118503169999999955e+03 9.357596894712831570e-02 9.278968859354805310e-02
1.119188349999999900e+03 9.829217466480906495e-02 9.644580905853789021e-02
1.119873540000000048e+03 1.009756524325061133e-01 1.001019828835285619e-01
1.120558590000000095e+03 1.036585819042739193e-01 1.035816965401890194e-01
1.121243770000000040e+03 1.078746641504941262e-01 1.064818063719580460e-01
1.121928830000000062e+03 1.121629466776582484e-01 1.093814082887564210e-01
1.122613890000000083e+03 1.161117922391879526e-01 1.122810102055547821e-01
1.123298950000000104e+03 1.195718421449875474e-01 1.151806121223531432e-01
1.123984009999999898e+03 1.230318920507859903e-01 1.180802140391505606e-01
1.124669069999999920e+03 1.266377445730897666e-01 1.209798159559489217e-01
1.125354000000000042e+03 1.302656766312221548e-01 1.238788676315291659e-01
1.126039060000000063e+03 1.332716983382620235e-01 1.267784695483275270e-01
1.126723999999999933e+03 1.349523811203464652e-01 1.296775635501542789e-01
1.127408940000000030e+03 1.366330639024314897e-01 1.325766575519820023e-01
1.128093869999999924e+03 1.374061648813827696e-01 1.354757092275612751e-01
1.128778690000000097e+03 1.379150259758799846e-01 1.376369882192221006e-01
1.129463619999999992e+03 1.382139539462645950e-01 1.366903714400016234e-01
1.130148439999999937e+03 1.378066285877639352e-01 1.357439066877703104e-01
1.130833249999999907e+03 1.373993091771818220e-01 1.347974557561743281e-01
1.131518070000000080e+03 1.367103689603351713e-01 1.338509910039427098e-01
1.132202880000000050e+03 1.358909898339080713e-01 1.329045400723467274e-01
1.132887699999999995e+03 1.349990013377604936e-01 1.319580753201154144e-01
1.133572390000000041e+03 1.336523342231173417e-01 1.310117902361438991e-01
1.134257080000000087e+03 1.323056671084741620e-01 1.300655051521724115e-01
1.134941769999999906e+03 1.313092194366846932e-01 1.291192200682012292e-01
1.135626459999999952e+03 1.305544131089673987e-01 1.281729349842297416e-01
1.136311159999999973e+03 1.296568622949284266e-01 1.272266360796228957e-01
1.136995850000000019e+03 1.257750318699789593e-01 1.261812706458913247e-01
1.137680419999999913e+03 1.218938817816074549e-01 1.245598788368930954e-01
1.138364990000000034e+03 1.186231816649837983e-01 1.229384870278943387e-01
1.139049559999999929e+03 1.159646759418044570e-01 1.213170952188961232e-01
1.139734130000000050e+03 1.133061702186242414e-01 1.196957034098973666e-01
1.140418699999999944e+03 1.140560815734530664e-01 1.180743116008991372e-01
1.141103149999999914e+03 1.149748859558658576e-01 1.164532040097558674e-01
1.141787720000000036e+03 1.147589366524645188e-01 1.148318122007570968e-01
1.142472170000000006e+03 1.128830650497218979e-01 1.132107046096138270e-01
1.143156619999999975e+03 1.110071934469792770e-01 1.115895970184705432e-01
1.143841059999999970e+03 1.094693248311430778e-01 1.099685131121484610e-01
1.144525509999999940e+03 1.079868616352033101e-01 1.083474055210051773e-01
1.145209839999999986e+03 1.068017152380066337e-01 1.069207313129128673e-01
1.145894289999999955e+03 1.062710197086128711e-01 1.073008643148107705e-01
1.146578610000000026e+03 1.057404249760907078e-01 1.076809251167083759e-01
1.147262940000000071e+03 1.058710468191118165e-01 1.080609914724521281e-01
1.147947269999999889e+03 1.062045097060960869e-01 1.084410578281957693e-01
1.148631470000000036e+03 1.065957368711211439e-01 1.088210519839392376e-01
1.149315800000000081e+03 1.071949234326289024e-01 1.092011183396829899e-01
1.150000000000000000e+03 1.077939961685655534e-01 1.095811124954263333e-01
1.150684199999999919e+03 1.066362932918010903e-01 1.099611066511696628e-01
1.151368410000000040e+03 1.046144271525433628e-01 1.103411063607592918e-01
1.152052609999999959e+03 1.033460227228252537e-01 1.107211005165026213e-01
1.152736820000000080e+03 1.074713759685263642e-01 1.111011002260922503e-01
1.153420900000000074e+03 1.115959453965071069e-01 1.114952335970329639e-01
1.154104980000000069e+03 1.133714754190319335e-01 1.122053834675531270e-01
1.154789060000000063e+03 1.134078481320787840e-01 1.129155333380732762e-01
1.155473140000000058e+03 1.134512771829349898e-01 1.136256832085934254e-01
1.156157230000000027e+03 1.137531137323724850e-01 1.143358434602074342e-01
1.156841310000000021e+03 1.140549458695754997e-01 1.150459933307275834e-01
1.157525270000000091e+03 1.152601379907904761e-01 1.157560186281211961e-01
1.158209229999999934e+03 1.174499442562262769e-01 1.164660439255145591e-01
1.158893190000000004e+03 1.196397505216628132e-01 1.171760692229081580e-01
1.159577150000000074e+03 1.198890791176495524e-01 1.178860945203017707e-01
1.160261109999999917e+03 1.199924393467586975e-01 1.185961198176951337e-01
1.160945069999999987e+03 1.200479432112717959e-01 1.193061451150887464e-01
1.161628909999999905e+03 1.200258921834564119e-01 1.200160458393555590e-01
1.162312740000000076e+03 1.200038414780999069e-01 1.182495215081237477e-01
1.162996579999999994e+03 1.192201515641866244e-01 1.164440000923879504e-01
1.163680419999999913e+03 1.182836707429261447e-01 1.146384786766521391e-01
1.164364260000000058e+03 1.167200358159789925e-01 1.128329572609157450e-01
1.165047970000000078e+03 1.135759261879819154e-01 1.110277790801235814e-01
1.165731809999999996e+03 1.104312187418289987e-01 1.092222576643877840e-01
1.166415529999999990e+03 1.095201950963724663e-01 1.074170530809076957e-01
1.167099240000000009e+03 1.094148608677755902e-01 1.056118749001155460e-01
1.167782840000000078e+03 1.086229629125179952e-01 1.038069871488911805e-01
1.168466550000000097e+03 1.048165583836122572e-01 1.020018089680990309e-01
1.169150270000000091e+03 1.010100981819136712e-01 1.001966043846189425e-01
1.169833859999999959e+03 9.841593301938347804e-02 9.839174303608311245e-02
1.170517460000000028e+03 9.651440617918465026e-02 9.605538595610048358e-02
1.171201049999999896e+03 9.450881619191460470e-02 9.367377564931833600e-02
1.171884639999999990e+03 9.140545268690983272e-02 9.129216534253539739e-02
1.172568119999999908e+03 8.830258856016702518e-02 8.891093827297677499e-02
1.173251710000000003e+03 8.543421940817984284e-02 8.652932796619383637e-02
1.173935179999999946e+03 8.276910078170890417e-02 8.414813573638271760e-02
1.174618649999999889e+03 8.010398215523796550e-02 8.176694350657161270e-02
1.175302120000000059e+03 7.964965527015714641e-02 7.938575127675971677e-02
1.175985599999999977e+03 7.922494063525258035e-02 7.700452420720108049e-02
1.176668949999999995e+03 7.733549792446132998e-02 7.462375005436101827e-02
1.177352419999999938e+03 7.355646810407136249e-02 7.224255782454991337e-02
1.178035769999999957e+03 6.977810178548565778e-02 6.986178367170983727e-02
1.178719119999999975e+03 6.923667571054133163e-02 6.871505245236840531e-02
1.179402469999999994e+03 6.910938505440292201e-02 6.777937136196286738e-02
1.180085690000000113e+03 6.861373673300855125e-02 6.684386827483772275e-02
1.180769039999999904e+03 6.739067928539320407e-02 6.590818718443249014e-02
1.181452269999999999e+03 6.616783661335894073e-02 6.497267040474734301e-02
1.182135500000000093e+03 6.545571435391428494e-02 6.403715362506218201e-02
1.182818729999999960e+03 6.488312237357954371e-02 6.310163684537734019e-02
1.183501950000000079e+03 6.413115522839812899e-02 6.216613375825219556e-02
1.184185179999999946e+03 6.279387711058775912e-02 6.123061697856735375e-02
1.184868289999999888e+03 6.145683386737896270e-02 6.029526450960290274e-02
1.185551390000000083e+03 6.002528264658941320e-02 5.935992573319814891e-02
1.186234500000000025e+03 5.854997973393594873e-02 5.842457326423369790e-02
1.186917599999999993e+03 5.713841080248355936e-02 5.776880930412697790e-02
1.187600709999999935e+03 5.614362926705184637e-02 5.719110034617255062e-02
1.188283809999999903e+03 5.514886229415812136e-02 5.661339984525953772e-02
1.188966799999999921e+03 5.489791857811090331e-02 5.603579237180234679e-02
1.189649779999999964e+03 5.518276713550500368e-02 5.545819335538657718e-02
1.190332760000000007e+03 5.550475156497421125e-02 5.488059433897080758e-02
1.191015750000000025e+03 5.703400337853338498e-02 5.430298686551361664e-02
1.191698730000000069e+03 5.856323280154789035e-02 5.372538784909784704e-02
1.192381589999999960e+03 5.784479145795994037e-02 5.314789031717951501e-02
1.193064579999999978e+03 5.467333098203659009e-02 5.257028284372232407e-02
1.193747440000000097e+03 5.150247416042962739e-02 5.199278531180379082e-02
1.194430299999999988e+03 5.123192297585723448e-02 5.141528777988545879e-02
1.195113160000000107e+03 5.119134265214410340e-02 5.099511518335501231e-02
1.195795900000000074e+03 5.166379727773443703e-02 5.064078623345938390e-02
1.196478759999999966e+03 5.299373008130332102e-02 5.028639500586805366e-02
1.197161499999999933e+03 5.432342917380942465e-02 4.993206605597242526e-02
1.197844239999999900e+03 5.306875104512184804e-02 4.957773710607679685e-02
1.198526980000000094e+03 5.125550748554880826e-02 4.922340815618105048e-02
1.199209720000000061e+03 4.971638483372362027e-02 4.886907920628541513e-02
1.199892329999999902e+03 4.891861324700915586e-02 4.851481772389357183e-02
1.200575070000000096e+03 4.812068972828877772e-02 4.816048877399781852e-02
1.201257689999999911e+03 4.789679957498525764e-02 4.780622210179800297e-02
1.201940309999999954e+03 4.789892317266642580e-02 4.745195542959807639e-02
1.202622920000000022e+03 4.756856607771901835e-02 4.709769394720610819e-02
1.203305540000000065e+03 4.555188513491841701e-02 4.657401005405237965e-02
1.203988039999999955e+03 4.353555871104993619e-02 4.594829756824089090e-02
1.204670650000000023e+03 4.283421683611872421e-02 4.532248423499563722e-02
1.205353149999999914e+03 4.296756122086599350e-02 4.469677174918415541e-02
1.206035640000000058e+03 4.301579299539196738e-02 4.407106843132094914e-02
1.206718139999999948e+03 4.170260007023019605e-02 4.344535594550946733e-02
1.207400509999999940e+03 4.038965727705397246e-02 4.281976264302851665e-02
1.208083010000000058e+03 4.039556611130461911e-02 4.219405015721682667e-02
1.208765380000000050e+03 4.169185868430837216e-02 4.156845685473588292e-02
1.209447750000000042e+03 4.298815125731211828e-02 4.094286355225493917e-02
1.210130130000000008e+03 4.155775768472515924e-02 4.031726108182550478e-02
1.210812500000000000e+03 3.999113849571129392e-02 3.969166777934456103e-02
1.211494750000000067e+03 3.887605185153671095e-02 3.909250833091892918e-02
1.212177120000000059e+03 3.844162505961154497e-02 3.851585312152040058e-02
1.212859380000000101e+03 3.800726829853047495e-02 3.793929087059455529e-02
1.213541629999999941e+03 3.709788925938079657e-02 3.736273707043913372e-02
1.214223880000000008e+03 3.610141462844015936e-02 3.678618327028351093e-02
1.214906009999999924e+03 3.520593007807500119e-02 3.620973087937099516e-02
1.215588259999999991e+03 3.455576241175554314e-02 3.563317707921537930e-02
1.216270389999999907e+03 3.390570910251935327e-02 3.505672468830286354e-02
1.216952510000000075e+03 3.348196444484393547e-02 3.448028074816038291e-02
1.217634639999999990e+03 3.313899545206046987e-02 3.390382835724786714e-02
1.218316769999999906e+03 3.282148657622874222e-02 3.332737596633535138e-02
1.218998900000000049e+03 3.261786544930690007e-02 3.275092357542264132e-02
1.219680910000000040e+03 3.241428014332133761e-02 3.234096428132930690e-02
1.220363039999999955e+03 3.323454741312950600e-02 3.213643294376197779e-02
1.221045039999999972e+03 3.466023554256451866e-02 3.193194058567636745e-02
1.221727049999999963e+03 3.584010932695382706e-02 3.172744522916909338e-02
1.222408940000000030e+03 3.394046455020491293e-02 3.152298585372186740e-02
1.223090940000000046e+03 3.204051332971089017e-02 3.131849349563625706e-02
1.223772830000000113e+03 3.040047534994889597e-02 3.111403412018903109e-02
1.224454709999999977e+03 2.900107979967688626e-02 3.090957774316353823e-02
1.225136600000000044e+03 2.760166372679710711e-02 3.070511836771631226e-02
1.225818479999999909e+03 2.780050640275578272e-02 3.050066199069082287e-02
1.226500369999999975e+03 2.805900061530755552e-02 3.029620261524359690e-02
1.227182129999999916e+03 2.893343741929255489e-02 3.009178221927815561e-02
1.227864010000000007e+03 3.069844843938104514e-02 2.992479334361023216e-02
1.228545779999999922e+03 3.246317473017329425e-02 2.982669728009340604e-02
1.229227540000000090e+03 3.072685157272849951e-02 2.972860265542048852e-02
1.229909180000000106e+03 2.839105970658315284e-02 2.963052529687490791e-02
1.230590940000000046e+03 2.685662132314640266e-02 2.953243067220202162e-02
1.231272580000000062e+03 2.720977984657853288e-02 2.943435331365644447e-02
1.231954349999999977e+03 2.756300572317069847e-02 2.933625725013961835e-02
1.232635989999999993e+03 2.800973717588299203e-02 2.923817989159403774e-02
1.233317630000000008e+03 2.848886169957519712e-02 2.914010253304846060e-02
1.233999150000000100e+03 2.889330927171216562e-02 2.904204244063018914e-02
1.234680789999999888e+03 2.897309532817501920e-02 2.894396508208464322e-02
1.235362300000000005e+03 2.905286616811989658e-02 2.884590642851031159e-02
1.236043820000000096e+03 2.862000970956491558e-02 2.875580256805689364e-02
1.236725339999999960e+03 2.788716604768342808e-02 2.868926430296286217e-02
1.237406860000000052e+03 2.720905161460274863e-02 2.862272603786880643e-02
1.238088379999999916e+03 2.720720325901530498e-02 2.855618777277477496e-02
1.238769780000000083e+03 2.720535522888077595e-02 2.848966122353910335e-02
1.239451170000000047e+03 2.712535528176417132e-02 2.842313565062498659e-02
1.240132569999999987e+03 2.697271267194015915e-02 2.835660910138933927e-02
1.240813959999999952e+03 2.682007230224836905e-02 2.829008352847522251e-02
1.241495359999999891e+03 2.753509324679905695e-02 2.822355697923957518e-02
1.242176760000000058e+03 2.828437480125187142e-02 2.815703043000390704e-02
1.242858030000000099e+03 2.859412909159757266e-02 2.809051657294817442e-02
1.243539309999999887e+03 2.825965353850048295e-02 2.802400173957093205e-02
1.244220579999999927e+03 2.792518289491996084e-02 2.802727712414082237e-02
1.244901859999999942e+03 2.764195212619499978e-02 2.843270512629892874e-02
1.245583129999999983e+03 2.736786852803819656e-02 2.883812717748238455e-02
1.246264280000000099e+03 2.778974716420239480e-02 2.924347781696987059e-02
1.246945429999999988e+03 2.990245434455158710e-02 2.964882845645722478e-02
1.247626590000000078e+03 3.201519254166981798e-02 3.005418504691936485e-02
1.248307739999999967e+03 3.178006417114707938e-02 3.045953568640671905e-02
1.248988890000000083e+03 3.069431972704507461e-02 3.086488632589420508e-02
1.249670039999999972e+03 2.996625191330373056e-02 3.127023696538155928e-02
1.250351069999999936e+03 3.090252495545733197e-02 3.167551619317294370e-02
1.251032099999999900e+03 3.183879799761093338e-02 3.208079542096432812e-02
1.251713130000000092e+03 3.246074893576438025e-02 3.248607464875585132e-02
1.252394170000000031e+03 3.288946759871729658e-02 3.290835508177471225e-02
1.253075199999999995e+03 3.335412917287251811e-02 3.375368304215412701e-02
1.253756100000000060e+03 3.436223948226863750e-02 3.459884964013428682e-02
1.254437130000000025e+03 3.537054226389286377e-02 3.544417760051369465e-02
1.255118040000000065e+03 3.657052794244116528e-02 3.628935661098608295e-02
1.255798950000000104e+03 3.795937424632133544e-02 3.713453562145847126e-02
1.256479739999999993e+03 3.934797578722743633e-02 3.797956568202355554e-02
1.257160640000000058e+03 3.996432277855328785e-02 3.882473228000371535e-02
1.257841429999999946e+03 4.053636448397585079e-02 3.966976234056879269e-02
1.258522220000000061e+03 4.100969109690832948e-02 4.051479240113415453e-02
1.259202999999999975e+03 4.132708867852662865e-02 4.135981004920700338e-02
1.259883790000000090e+03 4.164449092240862793e-02 4.220484010977236522e-02
1.260564579999999978e+03 4.299315209145126992e-02 4.304987017033744950e-02
1.261245239999999967e+03 4.455405265686166599e-02 4.393163065128104922e-02
1.261926030000000083e+03 4.587996623466101404e-02 4.481656853101633614e-02
1.262606690000000071e+03 4.657205281690351278e-02 4.570133742776938401e-02
1.263287350000000060e+03 4.726413939914601153e-02 4.658610632452243883e-02
1.263968020000000024e+03 4.779521176550582950e-02 4.747088821996638119e-02
1.264648560000000089e+03 4.826105446313534025e-02 4.835550113242838982e-02
1.265329220000000078e+03 4.892724211387068645e-02 4.924027002918143769e-02
1.266009769999999889e+03 5.070048886543816052e-02 5.012489594033404244e-02
1.266690309999999954e+03 5.247370956092294730e-02 5.100950885279605107e-02
1.267370850000000019e+03 5.330902701215865791e-02 5.189412176525805276e-02
1.268051269999999931e+03 5.350299567036134740e-02 5.277857869342871683e-02
1.268731809999999996e+03 5.371751664026906681e-02 5.366319160589071852e-02
1.269412229999999909e+03 5.450104858869401353e-02 5.428051387778140557e-02
1.270092650000000049e+03 5.528458053711923087e-02 5.483346430623686069e-02
1.270773069999999962e+03 5.621605541903574449e-02 5.538641473469212845e-02
1.271453490000000102e+03 5.731077125132016947e-02 5.593936516314758356e-02
1.272133910000000014e+03 5.840548708360422669e-02 5.649231559160285132e-02
1.272814210000000003e+03 5.812292414589789041e-02 5.704516850080328799e-02
1.273494509999999991e+03 5.771382027615109406e-02 5.759802141000372466e-02
1.274174800000000005e+03 5.762631782732935415e-02 5.815086619259961231e-02
1.274855099999999993e+03 5.812058671515568653e-02 5.870371910180004899e-02
1.275535399999999981e+03 5.861485560298201197e-02 5.925657201100048566e-02
1.276215580000000045e+03 5.940260793267206768e-02 5.980932740094609124e-02
1.276895870000000059e+03 6.026576214925191688e-02 6.036217218354197195e-02
1.277576049999999896e+03 6.105941325361089606e-02 6.059807967728183392e-02
1.278256229999999960e+03 6.162829122542273080e-02 6.068644937402328798e-02
1.278936279999999897e+03 6.219706046993236925e-02 6.077480218102880583e-02
1.279616459999999961e+03 6.212147032376886396e-02 6.086317187777025295e-02
1.280296509999999898e+03 6.173639423476545013e-02 6.095152468477577079e-02
1.280976560000000063e+03 6.142313062700949927e-02 6.103987749178132333e-02
1.281656739999999900e+03 6.166127436905548959e-02 6.112824718852274269e-02
1.282336669999999913e+03 6.189933058142482042e-02 6.121658440500280657e-02
1.283016720000000078e+03 6.213553858476479619e-02 6.130493721200835910e-02
1.283696779999999990e+03 6.237023123756270382e-02 6.139329131822432450e-02
1.284376710000000003e+03 6.260487902660617776e-02 6.148162853470439532e-02
1.285056640000000016e+03 6.193033750117126618e-02 6.156996575118445919e-02
1.285736570000000029e+03 6.125021344307383236e-02 6.123836264513166094e-02
1.286416500000000042e+03 6.051668842971687917e-02 6.056846133906347573e-02
1.287096309999999903e+03 5.971333556507064932e-02 5.989867826304372256e-02
1.287776249999999891e+03 5.890982907533431900e-02 5.922876710447154414e-02
1.288456050000000005e+03 5.792235285349981583e-02 5.855899388095556213e-02
1.289135860000000093e+03 5.690773967818053836e-02 5.788921080493558691e-02
1.289815669999999955e+03 5.619106638369553153e-02 5.721942772891583373e-02
1.290495359999999891e+03 5.613668176640225493e-02 5.654976288294429054e-02
1.291175169999999980e+03 5.608228754744633282e-02 5.587997980692431532e-02
1.291854859999999917e+03 5.538178283871684343e-02 5.521031496095276520e-02
1.292534550000000081e+03 5.446445780824769878e-02 5.454065011498099996e-02
1.293214230000000043e+03 5.367157485409116552e-02 5.387099512151344999e-02
1.293893919999999980e+03 5.341916287008583591e-02 5.319665600869717681e-02
1.294573489999999993e+03 5.316679544968752613e-02 5.251599839565645328e-02
1.295253169999999955e+03 5.254475901208378874e-02 5.183523060656705650e-02
1.295932739999999967e+03 5.170125330313477680e-02 5.115457299352633297e-02
1.296612300000000005e+03 5.085639017790269389e-02 5.047392539649001725e-02
1.297291870000000017e+03 4.999127903872029044e-02 4.979326778344929372e-02
1.297971309999999903e+03 4.912633339308264402e-02 4.911274037846628110e-02
1.298650879999999916e+03 4.900979487882554941e-02 4.843208276542555757e-02
1.299330320000000029e+03 4.963876147699792379e-02 4.775155536044232291e-02
1.300009769999999889e+03 5.026773733230238683e-02 4.707101793945490942e-02
1.300689210000000003e+03 4.841515321365967572e-02 4.639049053447167476e-02
1.301368649999999889e+03 4.640063253658321951e-02 4.570996312948866908e-02
1.302047970000000078e+03 4.487443779370627744e-02 4.503427152404883282e-02
1.302727290000000039e+03 4.415773458437022292e-02 4.437055705311834797e-02
1.303406739999999900e+03 4.344089422109031345e-02 4.370671556858433254e-02
1.304085939999999937e+03 4.301886359490162542e-02 4.304311834098020761e-02
1.304765259999999898e+03 4.266424075870840077e-02 4.237940387004972276e-02
1.305444580000000087e+03 4.239216388282827930e-02 4.171568939911901586e-02
1.306123779999999897e+03 4.236707747815057767e-02 4.105209217151511297e-02
1.306802979999999934e+03 4.234199107347286911e-02 4.038849494391098804e-02
1.307482299999999896e+03 4.126612138709938316e-02 3.972478047298051013e-02
1.308161380000000008e+03 3.971280285623852990e-02 3.906130048870273819e-02
1.308840580000000045e+03 3.827750388483595889e-02 3.839770326109862020e-02
1.309519780000000083e+03 3.767638403567893923e-02 3.773410603349449527e-02
1.310198849999999993e+03 3.707537924185240474e-02 3.711557605584493019e-02
1.310877930000000106e+03 3.650036491703041036e-02 3.677418209874890737e-02
1.311557009999999991e+03 3.594572341213560229e-02 3.643278814165299556e-02
1.312236079999999902e+03 3.539109007478370011e-02 3.609139921185808286e-02
1.312915040000000090e+03 3.519720251963154301e-02 3.575006558237416032e-02
1.313594119999999975e+03 3.500419306921639939e-02 3.540867162527824852e-02
1.314273069999999962e+03 3.509743267595182015e-02 3.506734302309544304e-02
1.314952029999999922e+03 3.556473533340623328e-02 3.472600939361163153e-02
1.315630979999999909e+03 3.603203110823639116e-02 3.438468079142881911e-02
1.316309809999999970e+03 3.522906185586809069e-02 3.404341251685811393e-02
1.316988769999999931e+03 3.423547551086448398e-02 3.370207888737430241e-02
1.317667599999999993e+03 3.342240871377524097e-02 3.336081061280359028e-02
1.318346440000000030e+03 3.301924746404704542e-02 3.301953731093188599e-02
1.319025270000000091e+03 3.261609215329194095e-02 3.247336970817266827e-02
1.319704099999999926e+03 3.182903119554614246e-02 3.192546952816535666e-02
1.320382810000000063e+03 3.090798571589782606e-02 3.137766620307228665e-02
1.321061519999999973e+03 2.996718744075750271e-02 3.082986287797939706e-02
1.321740360000000010e+03 2.893398839792590480e-02 3.028195462672905042e-02
1.322419069999999920e+03 2.790098721596829742e-02 2.973415130163616082e-02
1.323097659999999905e+03 2.754125583410858835e-02 2.918644483145770019e-02
1.323776370000000043e+03 2.760796833334058439e-02 2.863864150636463018e-02
1.324454960000000028e+03 2.766270959828032172e-02 2.809093503618616955e-02
1.325133669999999938e+03 2.747662278891396456e-02 2.754313171109328343e-02
1.325812259999999924e+03 2.729056888081193150e-02 2.699542524091482279e-02
1.326490720000000010e+03 2.653930486828487423e-02 2.644782369689364226e-02
1.327169309999999996e+03 2.518121371477129861e-02 2.621960972211211105e-02
1.327847899999999981e+03 2.382312256125772645e-02 2.605283320214780984e-02
1.328526370000000043e+03 2.427890332259478173e-02 2.588608617448723281e-02
1.329204829999999902e+03 2.489793422954814789e-02 2.571934160451868484e-02
1.329883299999999963e+03 2.523562392254523681e-02 2.555259457685810781e-02
1.330561770000000024e+03 2.505437854638896747e-02 2.538584754919753078e-02
1.331240109999999959e+03 2.487316789822203306e-02 2.521913247153270352e-02
1.331918580000000020e+03 2.426784881770093980e-02 2.505238544387212649e-02
1.332596919999999955e+03 2.354738023215208892e-02 2.488567036620729922e-02
1.333275270000000091e+03 2.312303382348797690e-02 2.471895283085044637e-02
1.333953610000000026e+03 2.374370835937509097e-02 2.455223775318561910e-02
1.334631840000000011e+03 2.436428224632668921e-02 2.438554971013254247e-02
1.335310179999999946e+03 2.391245028678183268e-02 2.406558909839959931e-02
1.335988399999999956e+03 2.289552349854554955e-02 2.367392901373653255e-02
1.336666629999999941e+03 2.196433656039078336e-02 2.328226315424990200e-02
1.337344849999999951e+03 2.191182325281486321e-02 2.289060306958683524e-02
1.338022950000000037e+03 2.185931923661475415e-02 2.249901228280665189e-02
1.338701170000000047e+03 2.142342259822964390e-02 2.210735219814358513e-02
1.339379269999999906e+03 2.063729686933193919e-02 2.171576141136353361e-02
1.340057369999999992e+03 1.985117114043397427e-02 2.132417062458335372e-02
1.340735470000000078e+03 1.983373132755301277e-02 2.093257983780317036e-02
1.341413569999999936e+03 1.985145923150546596e-02 2.054098905102311884e-02
1.342091550000000097e+03 1.980140368284972335e-02 2.014946756212582235e-02
1.342769649999999956e+03 1.964513749071686993e-02 1.975787677534577083e-02
1.343447629999999890e+03 1.948889895223841415e-02 1.954568455517215891e-02
1.344125610000000052e+03 1.931459125188011647e-02 1.950015619096999442e-02
1.344803589999999986e+03 1.913639769086625947e-02 1.945462782676784380e-02
1.345481449999999995e+03 1.882765671399158625e-02 1.940910752092095404e-02
1.346159419999999955e+03 1.813947504615162631e-02 1.936357982824840618e-02
1.346837279999999964e+03 1.745140503514519548e-02 1.931805952240151641e-02
1.347515139999999974e+03 1.768530338803421184e-02 1.927253921655463012e-02
1.348192990000000009e+03 1.833535269519658353e-02 1.922701958223734311e-02
1.348870850000000019e+03 1.884939013275836392e-02 1.918149927639045682e-02
1.349548579999999902e+03 1.838384031402097787e-02 1.913598770042844802e-02
1.350226319999999987e+03 1.791828362603140740e-02 1.909047545293682258e-02
1.350904170000000022e+03 1.834829845649950039e-02 1.904495581861953557e-02
1.351581789999999955e+03 1.949758774433078476e-02 1.892730928844352581e-02
1.352259520000000066e+03 2.064706359959199433e-02 1.867595489516807317e-02
1.352937259999999924e+03 1.958819748983164216e-02 1.842459679312383886e-02
1.353614870000000110e+03 1.850011212249647735e-02 1.817328690507491462e-02
1.354292480000000069e+03 1.769612301587223865e-02 1.792197701702607712e-02
1.354970090000000027e+03 1.728603231047232125e-02 1.767066712897723615e-02
1.355647709999999961e+03 1.687593555305569315e-02 1.741935353215952678e-02
1.356325319999999920e+03 1.778741126181336216e-02 1.716804364411068928e-02
1.357002809999999954e+03 1.892970170473965569e-02 1.691677826128837672e-02
1.357680299999999988e+03 1.935128053199542883e-02 1.666551287846606416e-02
1.358357790000000023e+03 1.794586190178105306e-02 1.641424749564375160e-02
1.359035280000000057e+03 1.654044327156668076e-02 1.616298211282143904e-02
1.359712770000000091e+03 1.587722815459802900e-02 1.596876597604353354e-02
1.360390139999999974e+03 1.550998340067562091e-02 1.603830943353498281e-02
1.361067630000000008e+03 1.535668868345618082e-02 1.610786521105080429e-02
1.361744999999999891e+03 1.645192727889331283e-02 1.617740866854225357e-02
1.362422360000000026e+03 1.754714970534499222e-02 1.624695109936503262e-02
1.363099609999999984e+03 1.759820714160368130e-02 1.631648223683213050e-02
1.363776980000000094e+03 1.688649282376334521e-02 1.638602569432360406e-02
1.364454220000000078e+03 1.616986282451937304e-02 1.645555580512200744e-02
1.365131470000000036e+03 1.488588269764689991e-02 1.652508694258910879e-02
1.365808719999999994e+03 1.360190257077442677e-02 1.659461808005620667e-02
1.366485959999999977e+03 1.358982446640814162e-02 1.666414819085461352e-02
1.367163209999999935e+03 1.519666501148262891e-02 1.673367932832171140e-02
1.367840329999999994e+03 1.680319711909576685e-02 1.680319711909576685e-02
