9.306945799999999736e+02 0.000000000000000000e+00 3.620671109792485826e-02
9.313851899999999659e+02 0.000000000000000000e+00 4.790350436428095215e-02
9.320757399999999961e+02 0.000000000000000000e+00 5.959928141657189204e-02
9.327663000000000011e+02 0.000000000000000000e+00 6.569950436634788837e-02
9.334568500000000313e+02 0.000000000000000000e+00 7.025136003788944039e-02
9.341473999999999478e+02 0.000000000000000000e+00 7.230924540645068677e-02
9.348378900000000158e+02 0.000000000000000000e+00 6.715508433439314195e-02
9.355283799999999701e+02 0.000000000000000000e+00 6.200092326233643675e-02
9.362188700000000381e+02 0.000000000000000000e+00 5.965069817218592724e-02
9.369093000000000302e+02 0.000000000000000000e+00 5.833557487374679829e-02
9.375997300000000223e+02 0.000000000000000000e+00 5.872469584290811173e-02
9.382901600000000144e+02 0.000000000000000000e+00 6.577339810403841358e-02
9.389805300000000443e+02 0.000000000000000000e+00 7.282148781627106882e-02
9.396708999999999605e+02 0.000000000000000000e+00 7.018860471235049969e-02
9.403612699999999904e+02 0.000000000000000000e+00 6.293588063895155793e-02
9.410515699999999697e+02 0.000000000000000000e+00 5.717518260852987727e-02
9.417418800000000374e+02 0.000000000000000000e+00 5.987431183117437883e-02
9.424321899999999914e+02 0.000000000000000000e+00 6.257344105381842936e-02
9.431224999999999454e+02 0.000000000000000000e+00 6.323317576589836120e-02
9.438127399999999625e+02 0.000000000000000000e+00 6.265740944950887181e-02
9.445029899999999543e+02 0.000000000000000000e+00 6.221102979066714389e-02
9.451931799999999839e+02 0.000000000000000000e+00 6.299139799482283975e-02
9.458833600000000388e+02 0.000000000000000000e+00 6.377175489240785589e-02
9.465735499999999547e+02 0.000000000000000000e+00 6.123171053709538375e-02
9.472637300000000096e+02 0.000000000000000000e+00 5.616367634466237074e-02
9.479538599999999633e+02 0.000000000000000000e+00 5.124136253440301353e-02
9.486439800000000560e+02 0.000000000000000000e+00 4.980146203286819895e-02
9.493341100000000097e+02 0.000000000000000000e+00 4.836154066683907155e-02
9.500241700000000264e+02 0.000000000000000000e+00 5.210380586200114017e-02
9.507142300000000432e+02 0.000000000000000000e+00 6.077933474410241593e-02
9.514043000000000347e+02 0.000000000000000000e+00 6.945498934757371456e-02
9.520943600000000515e+02 0.000000000000000000e+00 6.980635027143118621e-02
9.527843599999999924e+02 0.000000000000000000e+00 7.002457966563228886e-02
9.534743700000000217e+02 0.000000000000000000e+00 7.342261114189814475e-02
9.541643100000000004e+02 0.000000000000000000e+00 8.061208405648812025e-02
9.548542499999999791e+02 0.000000000000000000e+00 8.780155697107810964e-02
9.555441899999999578e+02 0.000000000000000000e+00 9.317778340170768114e-02
9.562341300000000501e+02 0.000000000000000000e+00 9.841275274233569903e-02
9.569240099999999529e+02 0.000000000000000000e+00 1.024008313684795224e-01
9.576138899999999694e+02 0.000000000000000000e+00 1.045128908110256327e-01
9.583037699999999859e+02 0.000000000000000000e+00 1.066249502535717292e-01
9.589935900000000402e+02 0.000000000000000000e+00 1.171501463893978023e-01
9.596834099999999808e+02 0.000000000000000000e+00 1.289273652674092774e-01
9.603731699999999591e+02 0.000000000000000000e+00 1.388988824132242061e-01
9.610629900000000134e+02 0.000000000000000000e+00 1.453906926920007225e-01
9.617527499999999918e+02 0.000000000000000000e+00 1.518819383182342386e-01
9.624424999999999955e+02 0.000000000000000000e+00 1.606146923369091706e-01
9.631322000000000116e+02 0.000000000000000000e+00 1.698643787996605148e-01
9.638219000000000278e+02 0.000000000000000000e+00 1.804850404597026503e-01
9.645116000000000440e+02 0.000000000000000000e+00 1.945744753432365748e-01
9.652012300000000096e+02 0.000000000000000000e+00 2.086624802420777858e-01
9.658908699999999499e+02 0.000000000000000000e+00 2.189108266145965431e-01
9.665805100000000039e+02 0.000000000000000000e+00 2.279048975644915043e-01
9.672701399999999694e+02 0.000000000000000000e+00 2.369971048560476079e-01
9.679597199999999475e+02 0.000000000000000000e+00 2.464285294818066574e-01
9.686492899999999509e+02 0.000000000000000000e+00 2.558598173370010276e-01
9.693388700000000426e+02 0.000000000000000000e+00 2.662041443357415771e-01
9.700283799999999701e+02 0.000000000000000000e+00 2.769486960891716087e-01
9.707178999999999860e+02 0.000000000000000000e+00 2.874249621834891188e-01
9.714073499999999513e+02 0.000000000000000000e+00 2.965392499023939421e-01
9.720968599999999924e+02 0.000000000000000000e+00 3.056543308003020210e-01
9.727863200000000461e+02 0.000000000000000000e+00 3.170727289285117934e-01
9.734757100000000491e+02 0.000000000000000000e+00 3.298161735682173523e-01
9.741651600000000144e+02 0.000000000000000000e+00 3.415479472001711758e-01
9.748545500000000175e+02 0.000000000000000000e+00 3.445886803422957834e-01
9.755438799999999446e+02 0.000000000000000000e+00 3.476291488388804085e-01
9.762332800000000361e+02 0.000000000000000000e+00 3.523144604718450590e-01
9.769226099999999633e+02 0.000000000000000000e+00 3.582202749023802868e-01
9.776119400000000041e+02 0.000000000000000000e+00 3.643167141345973192e-01
9.783012099999999691e+02 0.000000000000000000e+00 3.746151087470038776e-01
9.789904800000000478e+02 0.000000000000000000e+00 3.849135033594121569e-01
9.796797500000000127e+02 0.000000000000000000e+00 3.989355596147958205e-01
9.803690199999999777e+02 0.000000000000000000e+00 4.164979264938921122e-01
9.810582299999999805e+02 0.000000000000000000e+00 4.340587645932473260e-01
9.817474399999999832e+02 0.000000000000000000e+00 4.485317383357245724e-01
9.824365800000000490e+02 0.000000000000000000e+00 4.629455970879645665e-01
9.831257299999999759e+02 0.000000000000000000e+00 4.808248140838349838e-01
9.838148800000000165e+02 0.000000000000000000e+00 5.029301381263754367e-01
9.845040299999999434e+02 0.000000000000000000e+00 5.250354621689122814e-01
9.851931200000000217e+02 0.000000000000000000e+00 5.455459128499743349e-01
9.858822000000000116e+02 0.000000000000000000e+00 5.659162546761140611e-01
9.865712899999999763e+02 0.000000000000000000e+00 5.866846078522691688e-01
9.872603100000000040e+02 0.000000000000000000e+00 6.080784691637973749e-01
9.879493400000000065e+02 0.000000000000000000e+00 6.294726409722813942e-01
9.886383700000000090e+02 0.000000000000000000e+00 6.439543860700894795e-01
9.893273299999999608e+02 0.000000000000000000e+00 6.572749571038998262e-01
9.900163000000000011e+02 0.000000000000000000e+00 6.698967800132697992e-01
9.907052599999999529e+02 0.000000000000000000e+00 6.810635240477309615e-01
9.913941700000000310e+02 0.000000000000000000e+00 6.922294576763625695e-01
9.920830700000000206e+02 0.000000000000000000e+00 6.957327929165713076e-01
9.927719700000000103e+02 0.000000000000000000e+00 6.972289247193557138e-01
9.934608799999999746e+02 0.000000000000000000e+00 6.962583811492902841e-01
9.941497200000000021e+02 0.000000000000000000e+00 6.882855109563382756e-01
9.948385600000000295e+02 0.000000000000000000e+00 6.803126407633861561e-01
9.955273399999999810e+02 0.000000000000000000e+00 6.711461227212165426e-01
9.962161300000000210e+02 0.000000000000000000e+00 6.615335226887396614e-01
9.969049099999999726e+02 0.000000000000000000e+00 6.503080780091381463e-01
9.975936900000000378e+02 0.000000000000000000e+00 6.324519099802958788e-01
9.982824100000000271e+02 0.000000000000000000e+00 6.145972974119534582e-01
9.989711300000000165e+02 0.000000000000000000e+00 5.936318117152828977e-01
9.996597900000000436e+02 0.000000000000000000e+00 5.710881189053458318e-01
1.000348449999999957e+03 0.000000000000000000e+00 5.490110963254520859e-01
1.001037109999999984e+03 0.000000000000000000e+00 5.300493256453275848e-01
1.001725770000000011e+03 0.000000000000000000e+00 5.110875549652031946e-01
1.002414369999999963e+03 0.000000000000000000e+00 4.910800175879927454e-01
1.003102970000000028e+03 0.000000000000000000e+00 4.703663843363238839e-01
1.003791560000000004e+03 0.000000000000000000e+00 4.498900209500490410e-01
1.004480099999999993e+03 0.000000000000000000e+00 4.328709497462534528e-01
1.005168639999999982e+03 0.000000000000000000e+00 4.158518785424578645e-01
1.005857179999999971e+03 0.000000000000000000e+00 4.005739493679046359e-01
1.006545650000000023e+03 0.000000000000000000e+00 3.868364636326713235e-01
1.007234130000000050e+03 0.000000000000000000e+00 3.730987783609919228e-01
1.007922609999999963e+03 0.000000000000000000e+00 3.604954869142759644e-01
1.008611020000000053e+03 0.000000000000000000e+00 3.478965030359541521e-01
1.009299440000000004e+03 0.000000000000000000e+00 3.351086273720447761e-01
1.009987849999999980e+03 0.000000000000000000e+00 3.221026800203402596e-01
1.010676270000000045e+03 0.000000000000000000e+00 3.090965437412890870e-01
1.011364619999999945e+03 0.000000000000000000e+00 3.015911242246827606e-01
1.012052919999999972e+03 0.000000000000000000e+00 2.945004557371879716e-01
1.012741269999999986e+03 0.000000000000000000e+00 2.871290400482306993e-01
1.013429570000000012e+03 0.000000000000000000e+00 2.793304346229941171e-01
1.014117859999999951e+03 0.000000000000000000e+00 2.715319425001764264e-01
1.014806090000000040e+03 0.000000000000000000e+00 2.649160993408395948e-01
1.015494320000000016e+03 0.000000000000000000e+00 2.584897489201538057e-01
1.016182559999999967e+03 0.000000000000000000e+00 2.535605249293500507e-01
1.016870790000000056e+03 0.000000000000000000e+00 2.517068459101545752e-01
1.017558959999999956e+03 0.000000000000000000e+00 2.498533284949890632e-01
1.018247129999999970e+03 0.000000000000000000e+00 2.423090014717738661e-01
1.018935240000000022e+03 0.000000000000000000e+00 2.332791005570659382e-01
1.019623349999999959e+03 0.000000000000000000e+00 2.269900645831755548e-01
1.020311460000000011e+03 0.000000000000000000e+00 2.285790132672360642e-01
1.020999569999999949e+03 0.000000000000000000e+00 2.301679619512962960e-01
1.021687620000000038e+03 0.000000000000000000e+00 2.292206335844068910e-01
1.022375670000000014e+03 0.000000000000000000e+00 2.273036145778719597e-01
1.023063719999999989e+03 0.000000000000000000e+00 2.255594942951125448e-01
1.023751710000000003e+03 0.000000000000000000e+00 2.245602177172333347e-01
1.024439699999999903e+03 0.000000000000000000e+00 2.235609411393542634e-01
1.025127690000000030e+03 0.000000000000000000e+00 2.252603490687025978e-01
1.025815550000000030e+03 0.000000000000000000e+00 2.283912991204983811e-01
1.026503539999999930e+03 0.000000000000000000e+00 2.317079411486463181e-01
1.027191409999999905e+03 0.000000000000000000e+00 2.364121586945141795e-01
1.027879269999999906e+03 0.000000000000000000e+00 2.411163078522050029e-01
1.028567140000000109e+03 0.000000000000000000e+00 2.441888542528473927e-01
1.029255000000000109e+03 0.000000000000000000e+00 2.460907012450645470e-01
1.029942870000000084e+03 0.000000000000000000e+00 2.482702364034294895e-01
1.030630619999999908e+03 0.000000000000000000e+00 2.561200910498955818e-01
1.031318479999999909e+03 0.000000000000000000e+00 2.639712012165542632e-01
1.032006229999999960e+03 0.000000000000000000e+00 2.741597210923521488e-01
1.032693970000000036e+03 0.000000000000000000e+00 2.865875696779456305e-01
1.033381710000000112e+03 0.000000000000000000e+00 2.990154182635391678e-01
1.034069340000000011e+03 0.000000000000000000e+00 3.063494252525376105e-01
1.034757080000000087e+03 0.000000000000000000e+00 3.135528779284601497e-01
1.035444700000000012e+03 0.000000000000000000e+00 3.221204232110956855e-01
1.036132319999999936e+03 0.000000000000000000e+00 3.324364025500770037e-01
1.036820069999999987e+03 0.000000000000000000e+00 3.427543322065525477e-01
1.037507569999999987e+03 0.000000000000000000e+00 3.506790007459170133e-01
1.038195189999999911e+03 0.000000000000000000e+00 3.583458880630555066e-01
1.038882810000000063e+03 0.000000000000000000e+00 3.650745599484154225e-01
1.039570310000000063e+03 0.000000000000000000e+00 3.701737751944937926e-01
1.040257810000000063e+03 0.000000000000000000e+00 3.752729904405722183e-01
1.040945310000000063e+03 0.000000000000000000e+00 3.792245675463295496e-01
1.041632810000000063e+03 0.000000000000000000e+00 3.829391370424089502e-01
1.042320310000000063e+03 0.000000000000000000e+00 3.853055673558233862e-01
1.043007689999999911e+03 0.000000000000000000e+00 3.844046014892992247e-01
1.043695189999999911e+03 0.000000000000000000e+00 3.835034783358244881e-01
1.044382569999999987e+03 0.000000000000000000e+00 3.833795661393835652e-01
1.045069950000000063e+03 0.000000000000000000e+00 3.835076662577097673e-01
1.045757319999999936e+03 0.000000000000000000e+00 3.821057361989303458e-01
1.046444700000000012e+03 0.000000000000000000e+00 3.752062194504862114e-01
1.047131959999999935e+03 0.000000000000000000e+00 3.683079071915688063e-01
1.047819340000000011e+03 0.000000000000000000e+00 3.628847966871480701e-01
1.048506589999999960e+03 0.000000000000000000e+00 3.581562595802278981e-01
1.049193850000000111e+03 0.000000000000000000e+00 3.531384139381411047e-01
1.049881100000000060e+03 0.000000000000000000e+00 3.463820227036741306e-01
1.050568359999999984e+03 0.000000000000000000e+00 3.396255331586765513e-01
1.051255490000000009e+03 0.000000000000000000e+00 3.312237596478093127e-01
1.051942749999999933e+03 0.000000000000000000e+00 3.217447237018190020e-01
1.052629879999999957e+03 0.000000000000000000e+00 3.127752926905644215e-01
1.053317019999999957e+03 0.000000000000000000e+00 3.108806009680549209e-01
1.054004149999999981e+03 0.000000000000000000e+00 3.089859368191362754e-01
1.054691280000000006e+03 0.000000000000000000e+00 3.039684244560861837e-01
1.055378300000000081e+03 0.000000000000000000e+00 2.961682155539959727e-01
1.056065430000000106e+03 0.000000000000000000e+00 2.883667577465189868e-01
1.056752439999999979e+03 0.000000000000000000e+00 2.852835294269769340e-01
1.057439450000000079e+03 0.000000000000000000e+00 2.822442870342030674e-01
1.058126459999999952e+03 0.000000000000000000e+00 2.784972497964808280e-01
1.058813480000000027e+03 0.000000000000000000e+00 2.738927059909584960e-01
1.059500489999999900e+03 0.000000000000000000e+00 2.692882292074136319e-01
1.060187380000000076e+03 0.000000000000000000e+00 2.682471123166960125e-01
1.060874270000000024e+03 0.000000000000000000e+00 2.675427676802711319e-01
1.061561159999999973e+03 0.000000000000000000e+00 2.655457539481488882e-01
1.062248049999999921e+03 0.000000000000000000e+00 2.613908522277480495e-01
1.062934940000000097e+03 0.000000000000000000e+00 2.572359505073458785e-01
1.063621830000000045e+03 0.000000000000000000e+00 2.570678076441678117e-01
1.064308590000000095e+03 0.000000000000000000e+00 2.576817850286458600e-01
1.064995480000000043e+03 0.000000000000000000e+00 2.576729624377533390e-01
1.065682250000000067e+03 0.000000000000000000e+00 2.561883874928967408e-01
1.066369020000000091e+03 0.000000000000000000e+00 2.547038125480400872e-01
1.067055659999999989e+03 0.000000000000000000e+00 2.562162753657994396e-01
1.067742430000000013e+03 0.000000000000000000e+00 2.586885050642795947e-01
1.068429080000000113e+03 0.000000000000000000e+00 2.611788686394817538e-01
1.069115839999999935e+03 0.000000000000000000e+00 2.637362567442919636e-01
1.069802490000000034e+03 0.000000000000000000e+00 2.662932352261030977e-01
1.070489139999999907e+03 0.000000000000000000e+00 2.696619455201161308e-01
1.071175780000000032e+03 0.000000000000000000e+00 2.734154048679836024e-01
1.071862300000000005e+03 0.000000000000000000e+00 2.771232193619229678e-01
1.072548950000000104e+03 0.000000000000000000e+00 2.805522762092280131e-01
1.073235470000000078e+03 0.000000000000000000e+00 2.839806838504009834e-01
1.073922000000000025e+03 0.000000000000000000e+00 2.865960256650763038e-01
1.074608519999999999e+03 0.000000000000000000e+00 2.886662783997054893e-01
1.075295039999999972e+03 0.000000000000000000e+00 2.905815590592313313e-01
1.075981569999999920e+03 0.000000000000000000e+00 2.900104581703847328e-01
1.076667969999999968e+03 0.000000000000000000e+00 2.894394654241037035e-01
1.077354370000000017e+03 0.000000000000000000e+00 2.899224975008375949e-01
1.078040770000000066e+03 0.000000000000000000e+00 2.913854003395132675e-01
1.078727169999999887e+03 0.000000000000000000e+00 2.928483031781884405e-01
1.079413569999999936e+03 0.000000000000000000e+00 2.889509097852859254e-01
1.080099979999999960e+03 0.000000000000000000e+00 2.849305677378481394e-01
1.080786250000000109e+03 0.000000000000000000e+00 2.801996910018538789e-01
1.081472659999999905e+03 0.000000000000000000e+00 2.745513217774805392e-01
1.082158940000000030e+03 0.000000000000000000e+00 2.689040223044181221e-01
1.082845209999999952e+03 0.000000000000000000e+00 2.644135560244335048e-01
1.083531369999999924e+03 0.000000000000000000e+00 2.600576139916726537e-01
1.084217650000000049e+03 0.000000000000000000e+00 2.553299309574476039e-01
1.084903929999999946e+03 0.000000000000000000e+00 2.499283078230467303e-01
1.085590089999999918e+03 0.000000000000000000e+00 2.445276291934772861e-01
1.086276249999999891e+03 0.000000000000000000e+00 2.373845958927741362e-01
1.086962399999999889e+03 0.000000000000000000e+00 2.298433212564670314e-01
1.087648560000000089e+03 0.000000000000000000e+00 2.234048039818763987e-01
1.088334589999999935e+03 0.000000000000000000e+00 2.199053001505633098e-01
1.089020749999999907e+03 0.000000000000000000e+00 2.164051331769699937e-01
1.089706789999999955e+03 0.000000000000000000e+00 2.106280120930213440e-01
1.090392820000000029e+03 0.000000000000000000e+00 2.040142132915374884e-01
1.091078860000000077e+03 0.000000000000000000e+00 1.980277604585340689e-01
1.091764889999999923e+03 0.000000000000000000e+00 1.947248815799024757e-01
1.092450810000000047e+03 0.000000000000000000e+00 1.914225322942562091e-01
1.093136839999999893e+03 0.000000000000000000e+00 1.881385698093049341e-01
1.093822750000000042e+03 0.000000000000000000e+00 1.848654774989610672e-01
1.094508669999999938e+03 0.000000000000000000e+00 1.816093360973962956e-01
1.095194580000000087e+03 0.000000000000000000e+00 1.784970365450808671e-01
1.095880490000000009e+03 0.000000000000000000e+00 1.753847369927664934e-01
1.096566409999999905e+03 0.000000000000000000e+00 1.740730785187903917e-01
1.097252199999999903e+03 0.000000000000000000e+00 1.741565677350165042e-01
1.097937989999999900e+03 0.000000000000000000e+00 1.741731355957358007e-01
1.098623779999999897e+03 0.000000000000000000e+00 1.710436471371631073e-01
1.099309569999999894e+03 0.000000000000000000e+00 1.679141586785904139e-01
1.099995359999999891e+03 0.000000000000000000e+00 1.680427371821761329e-01
1.100681149999999889e+03 0.000000000000000000e+00 1.717201907675915962e-01
1.101366819999999962e+03 0.000000000000000000e+00 1.753970008696813243e-01
1.102052490000000034e+03 0.000000000000000000e+00 1.758546702625665425e-01
1.102738160000000107e+03 0.000000000000000000e+00 1.760912315469658762e-01
1.103423829999999953e+03 0.000000000000000000e+00 1.788111691746848142e-01
1.104109500000000025e+03 0.000000000000000000e+00 1.853680971468023853e-01
1.104795170000000098e+03 0.000000000000000000e+00 1.919250251189199563e-01
1.105480710000000045e+03 0.000000000000000000e+00 1.958775274847505132e-01
1.106166259999999966e+03 0.000000000000000000e+00 1.993703261973135965e-01
1.106851809999999887e+03 0.000000000000000000e+00 2.035547445970503078e-01
1.107537350000000060e+03 0.000000000000000000e+00 2.093030296020644554e-01
1.108222899999999981e+03 0.000000000000000000e+00 2.150513984575447846e-01
1.108908449999999903e+03 0.000000000000000000e+00 2.220650681193631348e-01
1.109593869999999924e+03 0.000000000000000000e+00 2.294695844051286571e-01
1.110279299999999921e+03 0.000000000000000000e+00 2.373917339611903710e-01
1.110964719999999943e+03 0.000000000000000000e+00 2.471529603320732349e-01
1.111650149999999940e+03 0.000000000000000000e+00 2.569143291152923281e-01
1.112335569999999962e+03 0.000000000000000000e+00 2.698691582623178875e-01
1.113020999999999958e+03 0.000000000000000000e+00 2.843557616704153745e-01
1.113706300000000056e+03 0.000000000000000000e+00 2.985821911167205744e-01
1.114391599999999926e+03 0.000000000000000000e+00 3.111157536464285167e-01
1.115076900000000023e+03 0.000000000000000000e+00 3.236493161761406223e-01
1.115762210000000096e+03 0.000000000000000000e+00 3.382756506903486504e-01
1.116447509999999966e+03 0.000000000000000000e+00 3.543669545157037137e-01
1.117132689999999911e+03 0.000000000000000000e+00 3.706780054998117802e-01
1.117817990000000009e+03 0.000000000000000000e+00 3.918692765450456084e-01
1.118503169999999955e+03 0.000000000000000000e+00 4.130568368759519049e-01
1.119188349999999900e+03 0.000000000000000000e+00 4.326014708843239909e-01
1.119873540000000048e+03 0.000000000000000000e+00 4.504981226584166554e-01
1.120558590000000095e+03 0.000000000000000000e+00 4.683911177369209922e-01
1.121243770000000040e+03 0.000000000000000000e+00 4.931417452710005755e-01
1.121928830000000062e+03 0.000000000000000000e+00 5.182142319186369139e-01
1.122613890000000083e+03 0.000000000000000000e+00 5.415601787102202191e-01
1.123298950000000104e+03 0.000000000000000000e+00 5.624198754273419532e-01
1.123984009999999898e+03 0.000000000000000000e+00 5.832795721444568038e-01
1.124669069999999920e+03 0.000000000000000000e+00 6.043389756795718437e-01
1.125354000000000042e+03 0.000000000000000000e+00 6.254255626161933090e-01
1.126039060000000063e+03 0.000000000000000000e+00 6.453090452965182244e-01
1.126723999999999933e+03 0.000000000000000000e+00 6.626204739575622948e-01
1.127408940000000030e+03 0.000000000000000000e+00 6.799319026186120274e-01
1.128093869999999924e+03 0.000000000000000000e+00 6.939894560954882330e-01
1.128778690000000097e+03 0.000000000000000000e+00 7.070978884263181552e-01
1.129463619999999992e+03 0.000000000000000000e+00 7.196663927335636979e-01
1.130148439999999937e+03 0.000000000000000000e+00 7.304102122822084819e-01
1.130833249999999907e+03 0.000000000000000000e+00 7.411538749455472974e-01
1.131518070000000080e+03 0.000000000000000000e+00 7.477003764011579401e-01
1.132202880000000050e+03 0.000000000000000000e+00 7.523025104857593570e-01
1.132887699999999995e+03 0.000000000000000000e+00 7.566642090897204298e-01
1.133572390000000041e+03 0.000000000000000000e+00 7.595182468942845988e-01
1.134257080000000087e+03 0.000000000000000000e+00 7.623722846988487678e-01
1.134941769999999906e+03 0.000000000000000000e+00 7.612452147099835198e-01
1.135626459999999952e+03 0.000000000000000000e+00 7.573712948310481474e-01
1.136311159999999973e+03 0.000000000000000000e+00 7.533567991189564772e-01
1.136995850000000019e+03 0.000000000000000000e+00 7.464043643189588462e-01
1.137680419999999913e+03 0.000000000000000000e+00 7.394531480151813607e-01
1.138364990000000034e+03 0.000000000000000000e+00 7.324600950639349461e-01
1.139049559999999929e+03 0.000000000000000000e+00 7.254250859128301698e-01
1.139734130000000050e+03 0.000000000000000000e+00 7.183900767617230620e-01
1.140418699999999944e+03 0.000000000000000000e+00 7.102396397029988595e-01
1.141103149999999914e+03 0.000000000000000000e+00 7.020353169320228126e-01
1.141787720000000036e+03 0.000000000000000000e+00 6.931696905164193012e-01
1.142472170000000006e+03 0.000000000000000000e+00 6.833404796290701855e-01
1.143156619999999975e+03 0.000000000000000000e+00 6.735112687417209587e-01
1.143841059999999970e+03 0.000000000000000000e+00 6.645287595149473869e-01
1.144525509999999940e+03 0.000000000000000000e+00 6.556849543040588202e-01
1.145209839999999986e+03 0.000000000000000000e+00 6.477598689219520312e-01
1.145894289999999955e+03 0.000000000000000000e+00 6.418546661210776660e-01
1.146578610000000026e+03 0.000000000000000000e+00 6.359505849161759539e-01
1.147262940000000071e+03 0.000000000000000000e+00 6.331861078380826013e-01
1.147947269999999889e+03 0.000000000000000000e+00 6.313847805581397354e-01
1.148631470000000036e+03 0.000000000000000000e+00 6.283540956121809185e-01
1.149315800000000081e+03 0.000000000000000000e+00 6.209021754649859393e-01
1.150000000000000000e+03 0.000000000000000000e+00 6.134516709354318476e-01
1.150684199999999919e+03 0.000000000000000000e+00 6.102597983952852134e-01
1.151368410000000040e+03 0.000000000000000000e+00 6.091626722036007635e-01
1.152052609999999959e+03 0.000000000000000000e+00 6.076055187412797709e-01
1.152736820000000080e+03 0.000000000000000000e+00 6.027549197365192901e-01
1.153420900000000074e+03 0.000000000000000000e+00 5.979052423462795085e-01
1.154104980000000069e+03 0.000000000000000000e+00 5.939948633889597929e-01
1.154789060000000063e+03 0.000000000000000000e+00 5.907799124144996750e-01
1.155473140000000058e+03 0.000000000000000000e+00 5.875461813408602296e-01
1.156157230000000027e+03 0.000000000000000000e+00 5.836246657219817946e-01
1.156841310000000021e+03 0.000000000000000000e+00 5.797032074276601277e-01
1.157525270000000091e+03 0.000000000000000000e+00 5.762502693693940525e-01
1.158209229999999934e+03 0.000000000000000000e+00 5.733072136968264676e-01
1.158893190000000004e+03 0.000000000000000000e+00 5.703641580242579945e-01
1.159577150000000074e+03 0.000000000000000000e+00 5.634786950887371582e-01
1.160261109999999917e+03 0.000000000000000000e+00 5.562966728272347172e-01
1.160945069999999987e+03 0.000000000000000000e+00 5.494694455237594255e-01
1.161628909999999905e+03 0.000000000000000000e+00 5.432183161693964202e-01
1.162312740000000076e+03 0.000000000000000000e+00 5.369672782271941447e-01
1.162996579999999994e+03 0.000000000000000000e+00 5.276799125149138625e-01
1.163680419999999913e+03 0.000000000000000000e+00 5.177834532853323735e-01
1.164364260000000058e+03 0.000000000000000000e+00 5.075580905720412650e-01
1.165047970000000078e+03 0.000000000000000000e+00 4.965056547511712548e-01
1.165731809999999996e+03 0.000000000000000000e+00 4.854511174301687215e-01
1.166415529999999990e+03 0.000000000000000000e+00 4.757640358874230535e-01
1.167099240000000009e+03 0.000000000000000000e+00 4.665697509864383807e-01
1.167782840000000078e+03 0.000000000000000000e+00 4.571675877711594005e-01
1.168466550000000097e+03 0.000000000000000000e+00 4.468447435368892440e-01
1.169150270000000091e+03 0.000000000000000000e+00 4.365217483198309267e-01
1.169833859999999959e+03 0.000000000000000000e+00 4.270757828447301341e-01
1.170517460000000028e+03 0.000000000000000000e+00 4.181299701131219737e-01
1.171201049999999896e+03 0.000000000000000000e+00 4.093033929935970261e-01
1.171884639999999990e+03 0.000000000000000000e+00 4.017329291308565642e-01
1.172568119999999908e+03 0.000000000000000000e+00 3.941636834705857795e-01
1.173251710000000003e+03 0.000000000000000000e+00 3.862209962801153029e-01
1.173935179999999946e+03 0.000000000000000000e+00 3.779585587966975413e-01
1.174618649999999889e+03 0.000000000000000000e+00 3.696961213132797797e-01
1.175302120000000059e+03 0.000000000000000000e+00 3.625014680881444296e-01
1.175985599999999977e+03 0.000000000000000000e+00 3.553210151467902644e-01
1.176668949999999995e+03 0.000000000000000000e+00 3.487643031691373130e-01
1.177352419999999938e+03 0.000000000000000000e+00 3.430091559218423902e-01
1.178035769999999957e+03 0.000000000000000000e+00 3.372550191324595881e-01
1.178719119999999975e+03 0.000000000000000000e+00 3.322853287887805873e-01
1.179402469999999994e+03 0.000000000000000000e+00 3.274160008345403661e-01
1.180085690000000113e+03 0.000000000000000000e+00 3.236050407332942136e-01
1.180769039999999904e+03 0.000000000000000000e+00 3.218811152994446312e-01
1.181452269999999999e+03 0.000000000000000000e+00 3.201574925963355245e-01
1.182135500000000093e+03 0.000000000000000000e+00 3.168699107773776946e-01
1.182818729999999960e+03 0.000000000000000000e+00 3.131550508497509266e-01
1.183501950000000079e+03 0.000000000000000000e+00 3.098484788214200814e-01
1.184185179999999946e+03 0.000000000000000000e+00 3.078738594396699946e-01
1.184868289999999888e+03 0.000000000000000000e+00 3.058995868727928391e-01
1.185551390000000083e+03 0.000000000000000000e+00 3.037334523842336043e-01
1.186234500000000025e+03 0.000000000000000000e+00 3.014785128412596493e-01
1.186917599999999993e+03 0.000000000000000000e+00 2.990485359573063495e-01
1.187600709999999935e+03 0.000000000000000000e+00 2.954732087537020324e-01
1.188283809999999903e+03 0.000000000000000000e+00 2.918979338890649866e-01
1.188966799999999921e+03 0.000000000000000000e+00 2.907740811166126260e-01
1.189649779999999964e+03 0.000000000000000000e+00 2.914160115756503910e-01
1.190332760000000007e+03 0.000000000000000000e+00 2.920365833619898432e-01
1.191015750000000025e+03 0.000000000000000000e+00 2.919628078944061511e-01
1.191698730000000069e+03 0.000000000000000000e+00 2.918890335070061792e-01
1.192381589999999960e+03 0.000000000000000000e+00 2.905336079897367640e-01
1.193064579999999978e+03 0.000000000000000000e+00 2.877790776176167298e-01
1.193747440000000097e+03 0.000000000000000000e+00 2.850250715415303948e-01
1.194430299999999988e+03 0.000000000000000000e+00 2.830019741695004587e-01
1.195113160000000107e+03 0.000000000000000000e+00 2.810368319666544101e-01
1.195795900000000074e+03 0.000000000000000000e+00 2.798267577581267651e-01
1.196478759999999966e+03 0.000000000000000000e+00 2.798777972756685273e-01
1.197161499999999933e+03 0.000000000000000000e+00 2.799288278239601691e-01
1.197844239999999900e+03 0.000000000000000000e+00 2.785025232810449669e-01
1.198526980000000094e+03 0.000000000000000000e+00 2.767569200285545650e-01
1.199209720000000061e+03 0.000000000000000000e+00 2.749841814723064659e-01
1.199892329999999902e+03 0.000000000000000000e+00 2.731384229272091901e-01
1.200575070000000096e+03 0.000000000000000000e+00 2.712923128657094285e-01
1.201257689999999911e+03 0.000000000000000000e+00 2.681703003803641572e-01
1.201940309999999954e+03 0.000000000000000000e+00 2.645456771847694011e-01
1.202622920000000022e+03 0.000000000000000000e+00 2.610462214132376335e-01
1.203305540000000065e+03 0.000000000000000000e+00 2.581812856141251222e-01
1.203988039999999955e+03 0.000000000000000000e+00 2.553168534514375088e-01
1.204670650000000023e+03 0.000000000000000000e+00 2.516553401726108197e-01
1.205353149999999914e+03 0.000000000000000000e+00 2.474889562305704616e-01
1.206035640000000058e+03 0.000000000000000000e+00 2.433279674230965084e-01
1.206718139999999948e+03 0.000000000000000000e+00 2.392522414382010076e-01
1.207400509999999940e+03 0.000000000000000000e+00 2.351772917820639519e-01
1.208083010000000058e+03 0.000000000000000000e+00 2.314073060222739675e-01
1.208765380000000050e+03 0.000000000000000000e+00 2.279371226038589549e-01
1.209447750000000042e+03 0.000000000000000000e+00 2.244669391854439422e-01
1.210130130000000008e+03 0.000000000000000000e+00 2.219147064380282142e-01
1.210812500000000000e+03 0.000000000000000000e+00 2.194083813132642891e-01
1.211494750000000067e+03 0.000000000000000000e+00 2.160325959079865688e-01
1.212177120000000059e+03 0.000000000000000000e+00 2.113437112953044927e-01
1.212859380000000101e+03 0.000000000000000000e+00 2.066555825442622230e-01
1.213541629999999941e+03 0.000000000000000000e+00 2.041349204437967191e-01
1.214223880000000008e+03 0.000000000000000000e+00 2.020116466020246138e-01
1.214906009999999924e+03 0.000000000000000000e+00 1.994596745446496344e-01
1.215588259999999991e+03 0.000000000000000000e+00 1.958625050871702911e-01
1.216270389999999907e+03 0.000000000000000000e+00 1.922659683308055312e-01
1.216952510000000075e+03 0.000000000000000000e+00 1.889775032288009970e-01
1.217634639999999990e+03 0.000000000000000000e+00 1.857989432705560162e-01
1.218316769999999906e+03 0.000000000000000000e+00 1.827781282383073580e-01
1.218998900000000049e+03 0.000000000000000000e+00 1.804629350442349955e-01
1.219680910000000040e+03 0.000000000000000000e+00 1.781481491378990312e-01
1.220363039999999955e+03 0.000000000000000000e+00 1.764175039165029324e-01
1.221045039999999972e+03 0.000000000000000000e+00 1.750329185019020017e-01
1.221727049999999963e+03 0.000000000000000000e+00 1.734955641179402042e-01
1.222408940000000030e+03 0.000000000000000000e+00 1.700451637036841379e-01
1.223090940000000046e+03 0.000000000000000000e+00 1.665942066834573410e-01
1.223772830000000113e+03 0.000000000000000000e+00 1.645275994395616614e-01
1.224454709999999977e+03 0.000000000000000000e+00 1.637436008950653443e-01
1.225136600000000044e+03 0.000000000000000000e+00 1.629595908529659076e-01
1.225818479999999909e+03 0.000000000000000000e+00 1.618130786934690313e-01
1.226500369999999975e+03 0.000000000000000000e+00 1.606530201743313346e-01
1.227182129999999916e+03 0.000000000000000000e+00 1.593551097374955039e-01
1.227864010000000007e+03 0.000000000000000000e+00 1.578573853054924259e-01
1.228545779999999922e+03 0.000000000000000000e+00 1.563599024844587182e-01
1.229227540000000090e+03 0.000000000000000000e+00 1.544200475541114281e-01
1.229909180000000106e+03 0.000000000000000000e+00 1.524047457719094056e-01
1.230590940000000046e+03 0.000000000000000000e+00 1.509990655019116668e-01
1.231272580000000062e+03 0.000000000000000000e+00 1.510294961217913123e-01
1.231954349999999977e+03 0.000000000000000000e+00 1.510599325452924580e-01
1.232635989999999993e+03 0.000000000000000000e+00 1.494721830044182243e-01
1.233317630000000008e+03 0.000000000000000000e+00 1.473242519536902828e-01
1.233999150000000100e+03 0.000000000000000000e+00 1.455598889731370971e-01
1.234680789999999888e+03 0.000000000000000000e+00 1.454634010162180469e-01
1.235362300000000005e+03 0.000000000000000000e+00 1.453669314611451269e-01
1.236043820000000096e+03 0.000000000000000000e+00 1.453513411717597126e-01
1.236725339999999960e+03 0.000000000000000000e+00 1.453830817873625891e-01
1.237406860000000052e+03 0.000000000000000000e+00 1.454080192488353407e-01
1.238088379999999916e+03 0.000000000000000000e+00 1.453488929941010033e-01
1.238769780000000083e+03 0.000000000000000000e+00 1.452897771501404367e-01
1.239451170000000047e+03 0.000000000000000000e+00 1.458682803734730749e-01
1.240132569999999987e+03 0.000000000000000000e+00 1.470394521382705211e-01
1.240813959999999952e+03 0.000000000000000000e+00 1.482106067153402817e-01
1.241495359999999891e+03 0.000000000000000000e+00 1.487947190728799718e-01
1.242176760000000058e+03 0.000000000000000000e+00 1.493556507710042669e-01
1.242858030000000099e+03 0.000000000000000000e+00 1.495590440642362851e-01
1.243539309999999887e+03 0.000000000000000000e+00 1.492383670307879662e-01
1.244220579999999927e+03 0.000000000000000000e+00 1.489176947043180377e-01
1.244901859999999942e+03 0.000000000000000000e+00 1.503028705358809280e-01
1.245583129999999983e+03 0.000000000000000000e+00 1.519923816009019768e-01
1.246264280000000099e+03 0.000000000000000000e+00 1.541374726339950763e-01
1.246945429999999988e+03 0.000000000000000000e+00 1.573901873693415165e-01
1.247626590000000078e+03 0.000000000000000000e+00 1.606429498579699244e-01
1.248307739999999967e+03 0.000000000000000000e+00 1.629853637281684364e-01
1.248988890000000083e+03 0.000000000000000000e+00 1.649979774352343664e-01
1.249670039999999972e+03 0.000000000000000000e+00 1.673382872373906094e-01
1.250351069999999936e+03 0.000000000000000000e+00 1.712029026591623537e-01
1.251032099999999900e+03 0.000000000000000000e+00 1.750675180809341258e-01
1.251713130000000092e+03 0.000000000000000000e+00 1.790911543148960561e-01
1.252394170000000031e+03 0.000000000000000000e+00 1.832126136922897774e-01
1.253075199999999995e+03 0.000000000000000000e+00 1.874463835598047246e-01
1.253756100000000060e+03 0.000000000000000000e+00 1.933783493551223809e-01
1.254437130000000025e+03 0.000000000000000000e+00 1.993114477037559173e-01
1.255118040000000065e+03 0.000000000000000000e+00 2.036554146144826660e-01
1.255798950000000104e+03 0.000000000000000000e+00 2.064361268876282185e-01
1.256479739999999993e+03 0.000000000000000000e+00 2.092163491026556577e-01
1.257160640000000058e+03 0.000000000000000000e+00 2.153821542000849409e-01
1.257841429999999946e+03 0.000000000000000000e+00 2.217406801468310429e-01
1.258522220000000061e+03 0.000000000000000000e+00 2.266999747825800549e-01
1.259202999999999975e+03 0.000000000000000000e+00 2.294490881774036706e-01
1.259883790000000090e+03 0.000000000000000000e+00 2.321982419540459530e-01
1.260564579999999978e+03 0.000000000000000000e+00 2.378067882604827377e-01
1.261245239999999967e+03 0.000000000000000000e+00 2.440034581335781272e-01
1.261926030000000083e+03 0.000000000000000000e+00 2.497908593441934000e-01
1.262606690000000071e+03 0.000000000000000000e+00 2.544718931777059656e-01
1.263287350000000060e+03 0.000000000000000000e+00 2.591529270112185035e-01
1.263968020000000024e+03 0.000000000000000000e+00 2.638949121104117168e-01
1.264648560000000089e+03 0.000000000000000000e+00 2.686606161995623854e-01
1.265329220000000078e+03 0.000000000000000000e+00 2.735141195032139150e-01
1.266009769999999889e+03 0.000000000000000000e+00 2.788475965820125801e-01
1.266690309999999954e+03 0.000000000000000000e+00 2.841809952907143888e-01
1.267370850000000019e+03 0.000000000000000000e+00 2.880503037874280747e-01
1.268051269999999931e+03 0.000000000000000000e+00 2.909179985702841642e-01
1.268731809999999996e+03 0.000000000000000000e+00 2.937948610293509843e-01
1.269412229999999909e+03 0.000000000000000000e+00 2.969114459200118961e-01
1.270092650000000049e+03 0.000000000000000000e+00 3.000280308106738070e-01
1.270773069999999962e+03 0.000000000000000000e+00 3.028251271035754533e-01
1.271453490000000102e+03 0.000000000000000000e+00 3.052696981281263211e-01
1.272133910000000014e+03 0.000000000000000000e+00 3.077142691526764118e-01
1.272814210000000003e+03 0.000000000000000000e+00 3.088584906729578972e-01
1.273494509999999991e+03 0.000000000000000000e+00 3.098832621965217360e-01
1.274174800000000005e+03 0.000000000000000000e+00 3.112196422072722179e-01
1.274855099999999993e+03 0.000000000000000000e+00 3.131197751940308360e-01
1.275535399999999981e+03 0.000000000000000000e+00 3.150199081807894541e-01
1.276215580000000045e+03 0.000000000000000000e+00 3.163477569901967379e-01
1.276895870000000059e+03 0.000000000000000000e+00 3.175291670080668816e-01
1.277576049999999896e+03 0.000000000000000000e+00 3.186843385510724214e-01
1.278256229999999960e+03 0.000000000000000000e+00 3.197551031321226311e-01
1.278936279999999897e+03 0.000000000000000000e+00 3.208256630623515515e-01
1.279616459999999961e+03 0.000000000000000000e+00 3.211751141704712320e-01
1.280296509999999898e+03 0.000000000000000000e+00 3.211780937643503031e-01
1.280976560000000063e+03 0.000000000000000000e+00 3.213255186577935740e-01
1.281656739999999900e+03 0.000000000000000000e+00 3.225822057889671801e-01
1.282336669999999913e+03 0.000000000000000000e+00 3.238384310250798648e-01
1.283016720000000078e+03 0.000000000000000000e+00 3.241143625156892027e-01
1.283696779999999990e+03 0.000000000000000000e+00 3.236024385760407629e-01
1.284376710000000003e+03 0.000000000000000000e+00 3.230906124955696401e-01
1.285056640000000016e+03 0.000000000000000000e+00 3.234343317888919711e-01
1.285736570000000029e+03 0.000000000000000000e+00 3.237833042345747980e-01
1.286416500000000042e+03 0.000000000000000000e+00 3.221872981767641142e-01
1.287096309999999903e+03 0.000000000000000000e+00 3.180435769699361814e-01
1.287776249999999891e+03 0.000000000000000000e+00 3.138990633597051882e-01
1.288456050000000005e+03 0.000000000000000000e+00 3.115007497175220075e-01
1.289135860000000093e+03 0.000000000000000000e+00 3.093594838708381700e-01
1.289815669999999955e+03 0.000000000000000000e+00 3.072157876749245786e-01
1.290495359999999891e+03 0.000000000000000000e+00 3.050670685080744127e-01
1.291175169999999980e+03 0.000000000000000000e+00 3.029179699825455541e-01
1.291854859999999917e+03 0.000000000000000000e+00 2.996915169618967201e-01
1.292534550000000081e+03 0.000000000000000000e+00 2.961034057850816525e-01
1.293214230000000043e+03 0.000000000000000000e+00 2.925798320205735270e-01
1.293893919999999980e+03 0.000000000000000000e+00 2.893363094131001234e-01
1.294573489999999993e+03 0.000000000000000000e+00 2.860933594530287172e-01
1.295253169999999955e+03 0.000000000000000000e+00 2.824355704496870900e-01
1.295932739999999967e+03 0.000000000000000000e+00 2.785300169343314369e-01
1.296612300000000005e+03 0.000000000000000000e+00 2.746529476636164202e-01
1.297291870000000017e+03 0.000000000000000000e+00 2.711957514560595639e-01
1.297971309999999903e+03 0.000000000000000000e+00 2.677392166012808050e-01
1.298650879999999916e+03 0.000000000000000000e+00 2.644022573378371765e-01
1.299330320000000029e+03 0.000000000000000000e+00 2.611856770806315065e-01
1.300009769999999889e+03 0.000000000000000000e+00 2.579690494817889479e-01
1.300689210000000003e+03 0.000000000000000000e+00 2.529508432392604811e-01
1.301368649999999889e+03 0.000000000000000000e+00 2.478150697394246593e-01
1.302047970000000078e+03 0.000000000000000000e+00 2.431589160614204825e-01
1.302727290000000039e+03 0.000000000000000000e+00 2.392968968968234300e-01
1.303406739999999900e+03 0.000000000000000000e+00 2.354341386659674629e-01
1.304085939999999937e+03 0.000000000000000000e+00 2.329268572434971540e-01
1.304765259999999898e+03 0.000000000000000000e+00 2.307293555553768527e-01
1.305444580000000087e+03 0.000000000000000000e+00 2.282521100120675495e-01
1.306123779999999897e+03 0.000000000000000000e+00 2.249384274171213061e-01
1.306802979999999934e+03 0.000000000000000000e+00 2.216247448221739524e-01
1.307482299999999896e+03 0.000000000000000000e+00 2.178437781479698188e-01
1.308161380000000008e+03 0.000000000000000000e+00 2.138519217273361084e-01
1.308840580000000045e+03 0.000000000000000000e+00 2.096819171133741944e-01
1.309519780000000083e+03 0.000000000000000000e+00 2.042606316522935783e-01
1.310198849999999993e+03 0.000000000000000000e+00 1.988403838341908925e-01
1.310877930000000106e+03 0.000000000000000000e+00 1.958274427482107893e-01
1.311557009999999991e+03 0.000000000000000000e+00 1.947009069143089133e-01
1.312236079999999902e+03 0.000000000000000000e+00 1.935743876695545651e-01
1.312915040000000090e+03 0.000000000000000000e+00 1.911804095408607962e-01
1.313594119999999975e+03 0.000000000000000000e+00 1.887828014712109037e-01
1.314273069999999962e+03 0.000000000000000000e+00 1.857808585658222156e-01
1.314952029999999922e+03 0.000000000000000000e+00 1.819884430001807440e-01
1.315630979999999909e+03 0.000000000000000000e+00 1.781960832907834580e-01
1.316309809999999970e+03 0.000000000000000000e+00 1.752038935904690342e-01
1.316988769999999931e+03 0.000000000000000000e+00 1.723310155150773182e-01
1.317667599999999993e+03 0.000000000000000000e+00 1.694918571569221100e-01
1.318346440000000030e+03 0.000000000000000000e+00 1.667280569234965149e-01
1.319025270000000091e+03 0.000000000000000000e+00 1.639642974036444323e-01
1.319704099999999926e+03 0.000000000000000000e+00 1.614102022121975955e-01
1.320382810000000063e+03 0.000000000000000000e+00 1.589298081485205072e-01
1.321061519999999973e+03 0.000000000000000000e+00 1.562795648291455120e-01
1.321740360000000010e+03 0.000000000000000000e+00 1.528358327205208977e-01
1.322419069999999920e+03 0.000000000000000000e+00 1.493927600974518655e-01
1.323097659999999905e+03 0.000000000000000000e+00 1.474118959552795927e-01
1.323776370000000043e+03 0.000000000000000000e+00 1.463568368187515290e-01
1.324454960000000028e+03 0.000000000000000000e+00 1.452005186379210777e-01
1.325133669999999938e+03 0.000000000000000000e+00 1.420010969181071947e-01
1.325812259999999924e+03 0.000000000000000000e+00 1.388022408752483117e-01
1.326490720000000010e+03 0.000000000000000000e+00 1.369448025847006256e-01
1.327169309999999996e+03 0.000000000000000000e+00 1.365261060218985745e-01
1.327847899999999981e+03 0.000000000000000000e+00 1.361074094590965233e-01
1.328526370000000043e+03 0.000000000000000000e+00 1.333642030658038491e-01
1.329204829999999902e+03 0.000000000000000000e+00 1.304117860973265375e-01
1.329883299999999963e+03 0.000000000000000000e+00 1.279814241726782709e-01
1.330561770000000024e+03 0.000000000000000000e+00 1.265140440393228149e-01
1.331240109999999959e+03 0.000000000000000000e+00 1.250469450671351790e-01
1.331918580000000020e+03 0.000000000000000000e+00 1.234271599692256527e-01
1.332596919999999955e+03 0.000000000000000000e+00 1.217662607543295167e-01
1.333275270000000091e+03 0.000000000000000000e+00 1.200588281499680859e-01
1.333953610000000026e+03 0.000000000000000000e+00 1.181872967522663159e-01
1.334631840000000011e+03 0.000000000000000000e+00 1.163160688431597312e-01
1.335310179999999946e+03 0.000000000000000000e+00 1.150704266957341265e-01
1.335988399999999956e+03 0.000000000000000000e+00 1.141548274357560011e-01
1.336666629999999941e+03 0.000000000000000000e+00 1.130437994768826726e-01
1.337344849999999951e+03 0.000000000000000000e+00 1.099305278404176384e-01
1.338022950000000037e+03 0.000000000000000000e+00 1.068178070467412782e-01
1.338701170000000047e+03 0.000000000000000000e+00 1.047383085433632594e-01
1.339379269999999906e+03 0.000000000000000000e+00 1.036037603917675382e-01
1.340057369999999992e+03 0.000000000000000000e+00 1.024692122401714423e-01
1.340735470000000078e+03 0.000000000000000000e+00 1.017107868426746914e-01
1.341413569999999936e+03 0.000000000000000000e+00 1.009695692256710464e-01
1.342091550000000097e+03 0.000000000000000000e+00 1.002296838598797091e-01
1.342769649999999956e+03 0.000000000000000000e+00 9.949154945525404137e-02
1.343447629999999890e+03 0.000000000000000000e+00 9.875354567461967770e-02
1.344125610000000052e+03 0.000000000000000000e+00 9.732465825196745524e-02
1.344803589999999986e+03 0.000000000000000000e+00 9.574719296056971585e-02
1.345481449999999995e+03 0.000000000000000000e+00 9.440124432373488139e-02
1.346159419999999955e+03 0.000000000000000000e+00 9.372692605429493173e-02
1.346837279999999964e+03 0.000000000000000000e+00 9.305271719236503369e-02
1.347515139999999974e+03 0.000000000000000000e+00 9.145892406812668185e-02
1.348192990000000009e+03 0.000000000000000000e+00 8.945007617747291473e-02
1.348870850000000019e+03 0.000000000000000000e+00 8.773365610172924323e-02
1.349548579999999902e+03 0.000000000000000000e+00 8.812354731266451580e-02
1.350226319999999987e+03 0.000000000000000000e+00 8.851344427649870950e-02
1.350904170000000022e+03 0.000000000000000000e+00 8.783503520162211364e-02
1.351581789999999955e+03 0.000000000000000000e+00 8.629869838413155303e-02
1.352259520000000066e+03 0.000000000000000000e+00 8.476211216867428344e-02
1.352937259999999924e+03 0.000000000000000000e+00 8.402256377042907620e-02
1.353614870000000110e+03 0.000000000000000000e+00 8.329377660806241979e-02
1.354292480000000069e+03 0.000000000000000000e+00 8.299041252930759727e-02
1.354970090000000027e+03 0.000000000000000000e+00 8.327689596230598845e-02
1.355647709999999961e+03 0.000000000000000000e+00 8.356338362315569868e-02
1.356325319999999920e+03 0.000000000000000000e+00 8.230395220481200036e-02
1.357002809999999954e+03 0.000000000000000000e+00 8.077455727994826973e-02
1.357680299999999988e+03 0.000000000000000000e+00 7.993867987726847868e-02
1.358357790000000023e+03 0.000000000000000000e+00 8.086086314988698287e-02
1.359035280000000057e+03 0.000000000000000000e+00 8.178304642250550094e-02
1.359712770000000091e+03 0.000000000000000000e+00 8.126315746955661834e-02
1.360390139999999974e+03 0.000000000000000000e+00 8.016853007328397784e-02
1.361067630000000008e+03 0.000000000000000000e+00 7.904877199081096484e-02
1.361744999999999891e+03 0.000000000000000000e+00 7.778373789589333731e-02
1.362422360000000026e+03 0.000000000000000000e+00 7.651872247664873172e-02
1.363099609999999984e+03 0.000000000000000000e+00 7.586779205904141399e-02
1.363776980000000094e+03 0.000000000000000000e+00 7.566527247480216156e-02
1.364454220000000078e+03 0.000000000000000000e+00 7.546753263896657793e-02
1.365131470000000036e+03 0.000000000000000000e+00 7.580216204107173561e-02
1.365808719999999994e+03 0.000000000000000000e+00 7.613679144317689329e-02
1.366485959999999977e+03 0.000000000000000000e+00 7.541836617120807607e-02
1.367163209999999935e+03 0.000000000000000000e+00 7.335955389329150422e-02
1.367840329999999994e+03 0.000000000000000000e+00 7.130113681005328941e-02
