9.306945799999999736e+02 0.000000000000000000e+00 9.226753739252163689e-02
9.313851899999999659e+02 0.000000000000000000e+00 1.052652479357625154e-01
9.320757399999999961e+02 0.000000000000000000e+00 1.182618292416160038e-01
9.327663000000000011e+02 0.000000000000000000e+00 1.161471741996174950e-01
9.334568500000000313e+02 0.000000000000000000e+00 1.098513745443968903e-01
9.341473999999999478e+02 0.000000000000000000e+00 1.054105950272064551e-01
9.348378900000000158e+02 0.000000000000000000e+00 1.063344030410307006e-01
9.355283799999999701e+02 0.000000000000000000e+00 1.072582110548547935e-01
9.362188700000000381e+02 0.000000000000000000e+00 9.883257605438865168e-02
9.369093000000000302e+02 0.000000000000000000e+00 8.695691115747594679e-02
9.375997300000000223e+02 0.000000000000000000e+00 7.885149946668759680e-02
9.382901600000000144e+02 0.000000000000000000e+00 8.547889820385735915e-02
9.389805300000000443e+02 0.000000000000000000e+00 9.210572100440216070e-02
9.396708999999999605e+02 0.000000000000000000e+00 9.433643255116440363e-02
9.403612699999999904e+02 0.000000000000000000e+00 9.446928314301161755e-02
9.410515699999999697e+02 0.000000000000000000e+00 9.361682081441502490e-02
9.417418800000000374e+02 0.000000000000000000e+00 8.717486205809998889e-02
9.424321899999999914e+02 0.000000000000000000e+00 8.073290330178600760e-02
9.431224999999999454e+02 0.000000000000000000e+00 7.515030877669549858e-02
9.438127399999999625e+02 0.000000000000000000e+00 7.008887010823727781e-02
9.445029899999999543e+02 0.000000000000000000e+00 6.629658270625503336e-02
9.451931799999999839e+02 0.000000000000000000e+00 7.453731031447316524e-02
9.458833600000000388e+02 0.000000000000000000e+00 8.277791852473440071e-02
9.465735499999999547e+02 0.000000000000000000e+00 8.661733044936738291e-02
9.472637300000000096e+02 0.000000000000000000e+00 8.710570457208140216e-02
9.479538599999999633e+02 0.000000000000000000e+00 8.789064074149914585e-02
9.486439800000000560e+02 0.000000000000000000e+00 9.578138409069941739e-02
9.493341100000000097e+02 0.000000000000000000e+00 1.036722417786123673e-01
9.500241700000000264e+02 0.000000000000000000e+00 1.096582102138609210e-01
9.507142300000000432e+02 0.000000000000000000e+00 1.138315003192145319e-01
9.514043000000000347e+02 0.000000000000000000e+00 1.180048509017743996e-01
9.520943600000000515e+02 0.000000000000000000e+00 1.207403805580219147e-01
9.527843599999999924e+02 0.000000000000000000e+00 1.234526829992371871e-01
9.534743700000000217e+02 0.000000000000000000e+00 1.279171537297488781e-01
9.541643100000000004e+02 0.000000000000000000e+00 1.344705170048740572e-01
9.548542499999999791e+02 0.000000000000000000e+00 1.410238802799992641e-01
9.555441899999999578e+02 0.000000000000000000e+00 1.491947710410636008e-01
9.562341300000000501e+02 0.000000000000000000e+00 1.574916718221038847e-01
9.569240099999999529e+02 0.000000000000000000e+00 1.684745415306185545e-01
9.576138899999999694e+02 0.000000000000000000e+00 1.835011688215649750e-01
9.583037699999999859e+02 0.000000000000000000e+00 1.985277961125114232e-01
9.589935900000000402e+02 0.000000000000000000e+00 2.202209075095002133e-01
9.596834099999999808e+02 0.000000000000000000e+00 2.429062818405289537e-01
9.603731699999999591e+02 0.000000000000000000e+00 2.658001055799355528e-01
9.610629900000000134e+02 0.000000000000000000e+00 2.891017503072266237e-01
9.617527499999999918e+02 0.000000000000000000e+00 3.124013682758191579e-01
9.624424999999999955e+02 0.000000000000000000e+00 3.316788302982979775e-01
9.631322000000000116e+02 0.000000000000000000e+00 3.500262939301833076e-01
9.638219000000000278e+02 0.000000000000000000e+00 3.714177477597965793e-01
9.645116000000000440e+02 0.000000000000000000e+00 4.005109541166008702e-01
9.652012300000000096e+02 0.000000000000000000e+00 4.296012077048877442e-01
9.658908699999999499e+02 0.000000000000000000e+00 4.495901674581186946e-01
9.665805100000000039e+02 0.000000000000000000e+00 4.666060891575746217e-01
9.672701399999999694e+02 0.000000000000000000e+00 4.867394644402225357e-01
9.679597199999999475e+02 0.000000000000000000e+00 5.176546115131104298e-01
9.686492899999999509e+02 0.000000000000000000e+00 5.485693102674999988e-01
9.693388700000000426e+02 0.000000000000000000e+00 5.629804540254982337e-01
9.700283799999999701e+02 0.000000000000000000e+00 5.701356451160861649e-01
9.707178999999999860e+02 0.000000000000000000e+00 5.777949876803606388e-01
9.714073499999999513e+02 0.000000000000000000e+00 5.880089176960913155e-01
9.720968599999999924e+02 0.000000000000000000e+00 5.982237365881752922e-01
9.727863200000000461e+02 0.000000000000000000e+00 6.099007960259666961e-01
9.734757100000000491e+02 0.000000000000000000e+00 6.224187847552653530e-01
9.741651600000000144e+02 0.000000000000000000e+00 6.343912747848351463e-01
9.748545500000000175e+02 0.000000000000000000e+00 6.416727986771281200e-01
9.755438799999999446e+02 0.000000000000000000e+00 6.489536888331700615e-01
9.762332800000000361e+02 0.000000000000000000e+00 6.590459497134414368e-01
9.769226099999999633e+02 0.000000000000000000e+00 6.712239288183891039e-01
9.776119400000000041e+02 0.000000000000000000e+00 6.838227018036976412e-01
9.783012099999999691e+02 0.000000000000000000e+00 7.056971374679946729e-01
9.789904800000000478e+02 0.000000000000000000e+00 7.275715731322953683e-01
9.796797500000000127e+02 0.000000000000000000e+00 7.471317562788323263e-01
9.803690199999999777e+02 0.000000000000000000e+00 7.644916394088434597e-01
9.810582299999999805e+02 0.000000000000000000e+00 7.818500113850437305e-01
9.817474399999999832e+02 0.000000000000000000e+00 8.158785617993787875e-01
9.824365800000000490e+02 0.000000000000000000e+00 8.502148592016731676e-01
9.831257299999999759e+02 0.000000000000000000e+00 8.846866896202653097e-01
9.838148800000000165e+02 0.000000000000000000e+00 9.193232088789422551e-01
9.845040299999999434e+02 0.000000000000000000e+00 9.539597281376135385e-01
9.851931200000000217e+02 0.000000000000000000e+00 9.927716220516101808e-01
9.858822000000000116e+02 0.000000000000000000e+00 1.031949685044289966e+00
9.865712899999999763e+02 0.000000000000000000e+00 1.071727923315603626e+00
9.872603100000000040e+02 0.000000000000000000e+00 1.112448334000460948e+00
9.879493400000000065e+02 0.000000000000000000e+00 1.153169335675573670e+00
9.886383700000000090e+02 0.000000000000000000e+00 1.183343863091641079e+00
9.893273299999999608e+02 0.000000000000000000e+00 1.211745935393205853e+00
9.900163000000000011e+02 0.000000000000000000e+00 1.235039365494561059e+00
9.907052599999999529e+02 0.000000000000000000e+00 1.247697602415867912e+00
9.913941700000000310e+02 0.000000000000000000e+00 1.260354920689003233e+00
9.920830700000000206e+02 0.000000000000000000e+00 1.271533473270278991e+00
9.927719700000000103e+02 0.000000000000000000e+00 1.282324705855918845e+00
9.934608799999999746e+02 0.000000000000000000e+00 1.286109729845391847e+00
9.941497200000000021e+02 0.000000000000000000e+00 1.270004797476954606e+00
9.948385600000000295e+02 0.000000000000000000e+00 1.253899865108517586e+00
9.955273399999999810e+02 0.000000000000000000e+00 1.230521601422830402e+00
9.962161300000000210e+02 0.000000000000000000e+00 1.204426725360823625e+00
9.969049099999999726e+02 0.000000000000000000e+00 1.175508350102465682e+00
9.975936900000000378e+02 0.000000000000000000e+00 1.134981458128993204e+00
9.982824100000000271e+02 0.000000000000000000e+00 1.094458096475102282e+00
9.989711300000000165e+02 0.000000000000000000e+00 1.055566346206415984e+00
9.996597900000000436e+02 0.000000000000000000e+00 1.017506690616873488e+00
1.000348449999999957e+03 0.000000000000000000e+00 9.793625155404925842e-01
1.001037109999999984e+03 0.000000000000000000e+00 9.406541315752329213e-01
1.001725770000000011e+03 0.000000000000000000e+00 9.019457476099732585e-01
1.002414369999999963e+03 0.000000000000000000e+00 8.645008869651010786e-01
1.003102970000000028e+03 0.000000000000000000e+00 8.279055311568043196e-01
1.003791560000000004e+03 0.000000000000000000e+00 7.916227741131440787e-01
1.004480099999999993e+03 0.000000000000000000e+00 7.598936420567512506e-01
1.005168639999999982e+03 0.000000000000000000e+00 7.281645100003584226e-01
1.005857179999999971e+03 0.000000000000000000e+00 6.951157108551525576e-01
1.006545650000000023e+03 0.000000000000000000e+00 6.609038976070710225e-01
1.007234130000000050e+03 0.000000000000000000e+00 6.266915874337326553e-01
1.007922609999999963e+03 0.000000000000000000e+00 6.022312896552743933e-01
1.008611020000000053e+03 0.000000000000000000e+00 5.777994936625233668e-01
1.009299440000000004e+03 0.000000000000000000e+00 5.575409936511587228e-01
1.009987849999999980e+03 0.000000000000000000e+00 5.421099635535064909e-01
1.010676270000000045e+03 0.000000000000000000e+00 5.266787093012047505e-01
1.011364619999999945e+03 0.000000000000000000e+00 5.113254772058172248e-01
1.012052919999999972e+03 0.000000000000000000e+00 4.959791186573952460e-01
1.012741269999999986e+03 0.000000000000000000e+00 4.807679116833359911e-01
1.013429570000000012e+03 0.000000000000000000e+00 4.657657963370455678e-01
1.014117859999999951e+03 0.000000000000000000e+00 4.507638989497189663e-01
1.014806090000000040e+03 0.000000000000000000e+00 4.387820058426321057e-01
1.015494320000000016e+03 0.000000000000000000e+00 4.272840687444248164e-01
1.016182559999999967e+03 0.000000000000000000e+00 4.177137957538051838e-01
1.016870790000000056e+03 0.000000000000000000e+00 4.121036638010482922e-01
1.017558959999999956e+03 0.000000000000000000e+00 4.064940209404818705e-01
1.018247129999999970e+03 0.000000000000000000e+00 4.024680126729883733e-01
1.018935240000000022e+03 0.000000000000000000e+00 3.988559429519647481e-01
1.019623349999999959e+03 0.000000000000000000e+00 3.946783325461469816e-01
1.020311460000000011e+03 0.000000000000000000e+00 3.888752057670429307e-01
1.020999569999999949e+03 0.000000000000000000e+00 3.830720789879398791e-01
1.021687620000000038e+03 0.000000000000000000e+00 3.814534611259842167e-01
1.022375670000000014e+03 0.000000000000000000e+00 3.814345936153031302e-01
1.023063719999999989e+03 0.000000000000000000e+00 3.817534370274286437e-01
1.023751710000000003e+03 0.000000000000000000e+00 3.835268064120619935e-01
1.024439699999999903e+03 0.000000000000000000e+00 3.853001757966950103e-01
1.025127690000000030e+03 0.000000000000000000e+00 3.896132994654018522e-01
1.025815550000000030e+03 0.000000000000000000e+00 3.952731464629415381e-01
1.026503539999999930e+03 0.000000000000000000e+00 4.012709599719399556e-01
1.027191409999999905e+03 0.000000000000000000e+00 4.097942755312117824e-01
1.027879269999999906e+03 0.000000000000000000e+00 4.183174671816702883e-01
1.028567140000000109e+03 0.000000000000000000e+00 4.264211021009393088e-01
1.029255000000000109e+03 0.000000000000000000e+00 4.342235161794371634e-01
1.029942870000000084e+03 0.000000000000000000e+00 4.423637480336872208e-01
1.030630619999999908e+03 0.000000000000000000e+00 4.573995430503552950e-01
1.031318479999999909e+03 0.000000000000000000e+00 4.724377429197379463e-01
1.032006229999999960e+03 0.000000000000000000e+00 4.874834517315894677e-01
1.032693970000000036e+03 0.000000000000000000e+00 5.025384351037719410e-01
1.033381710000000112e+03 0.000000000000000000e+00 5.175934184759544143e-01
1.034069340000000011e+03 0.000000000000000000e+00 5.337062659923157426e-01
1.034757080000000087e+03 0.000000000000000000e+00 5.498491205813504923e-01
1.035444700000000012e+03 0.000000000000000000e+00 5.652876535844826300e-01
1.036132319999999936e+03 0.000000000000000000e+00 5.798278561070270287e-01
1.036820069999999987e+03 0.000000000000000000e+00 5.943708075698724835e-01
1.037507569999999987e+03 0.000000000000000000e+00 6.098164747453823642e-01
1.038195189999999911e+03 0.000000000000000000e+00 6.253633190920743212e-01
1.038882810000000063e+03 0.000000000000000000e+00 6.378579124271811507e-01
1.039570310000000063e+03 0.000000000000000000e+00 6.450531127211915905e-01
1.040257810000000063e+03 0.000000000000000000e+00 6.522483130152020303e-01
1.040945310000000063e+03 0.000000000000000000e+00 6.598211658202061125e-01
1.041632810000000063e+03 0.000000000000000000e+00 6.674720105599278863e-01
1.042320310000000063e+03 0.000000000000000000e+00 6.720277178165300347e-01
1.043007689999999911e+03 0.000000000000000000e+00 6.690820972548272572e-01
1.043695189999999911e+03 0.000000000000000000e+00 6.661359624586867811e-01
1.044382569999999987e+03 0.000000000000000000e+00 6.595417819875954990e-01
1.045069950000000063e+03 0.000000000000000000e+00 6.517643086968042399e-01
1.045757319999999936e+03 0.000000000000000000e+00 6.440212257128703488e-01
1.046444700000000012e+03 0.000000000000000000e+00 6.364011918283912772e-01
1.047131959999999935e+03 0.000000000000000000e+00 6.287824882183851161e-01
1.047819340000000011e+03 0.000000000000000000e+00 6.170550215005837780e-01
1.048506589999999960e+03 0.000000000000000000e+00 6.034002896716933462e-01
1.049193850000000111e+03 0.000000000000000000e+00 5.895828239348004374e-01
1.049881100000000060e+03 0.000000000000000000e+00 5.747885608316194439e-01
1.050568359999999984e+03 0.000000000000000000e+00 5.599940824608784506e-01
1.051255490000000009e+03 0.000000000000000000e+00 5.453918175085140652e-01
1.051942749999999933e+03 0.000000000000000000e+00 5.309105316944886521e-01
1.052629879999999957e+03 0.000000000000000000e+00 5.166832436656503269e-01
1.053317019999999957e+03 0.000000000000000000e+00 5.059562996667282819e-01
1.054004149999999981e+03 0.000000000000000000e+00 4.952295117778270361e-01
1.054691280000000006e+03 0.000000000000000000e+00 4.851283064901348308e-01
1.055378300000000081e+03 0.000000000000000000e+00 4.755863211041398420e-01
1.056065430000000106e+03 0.000000000000000000e+00 4.660428079338126417e-01
1.056752439999999979e+03 0.000000000000000000e+00 4.579011039109074366e-01
1.057439450000000079e+03 0.000000000000000000e+00 4.497724565554259701e-01
1.058126459999999952e+03 0.000000000000000000e+00 4.412659519761691906e-01
1.058813480000000027e+03 0.000000000000000000e+00 4.323015716675190356e-01
1.059500489999999900e+03 0.000000000000000000e+00 4.233373218409580141e-01
1.060187380000000076e+03 0.000000000000000000e+00 4.182546201897371363e-01
1.060874270000000024e+03 0.000000000000000000e+00 4.135386974894257328e-01
1.061561159999999973e+03 0.000000000000000000e+00 4.098983581966363365e-01
1.062248049999999921e+03 0.000000000000000000e+00 4.080535197966965177e-01
1.062934940000000097e+03 0.000000000000000000e+00 4.062086813967560328e-01
1.063621830000000045e+03 0.000000000000000000e+00 4.047962588520428451e-01
1.064308590000000095e+03 0.000000000000000000e+00 4.034689312833747432e-01
1.064995480000000043e+03 0.000000000000000000e+00 4.030957247213285966e-01
1.065682250000000067e+03 0.000000000000000000e+00 4.049835914824213012e-01
1.066369020000000091e+03 0.000000000000000000e+00 4.068714582435140059e-01
1.067055659999999989e+03 0.000000000000000000e+00 4.086794800074957656e-01
1.067742430000000013e+03 0.000000000000000000e+00 4.104623942860361474e-01
1.068429080000000113e+03 0.000000000000000000e+00 4.128594446539265439e-01
1.069115839999999935e+03 0.000000000000000000e+00 4.174618911213146544e-01
1.069802490000000034e+03 0.000000000000000000e+00 4.220636004037907618e-01
1.070489139999999907e+03 0.000000000000000000e+00 4.298324046804914422e-01
1.071175780000000032e+03 0.000000000000000000e+00 4.391024441215914953e-01
1.071862300000000005e+03 0.000000000000000000e+00 4.477790301491298419e-01
1.072548950000000104e+03 0.000000000000000000e+00 4.527809376110878969e-01
1.073235470000000078e+03 0.000000000000000000e+00 4.577818980869968191e-01
1.073922000000000025e+03 0.000000000000000000e+00 4.622327967434738394e-01
1.074608519999999999e+03 0.000000000000000000e+00 4.663148621178083708e-01
1.075295039999999972e+03 0.000000000000000000e+00 4.703744779601489734e-01
1.075981569999999920e+03 0.000000000000000000e+00 4.740739672159056117e-01
1.076667969999999968e+03 0.000000000000000000e+00 4.777727559434947757e-01
1.077354370000000017e+03 0.000000000000000000e+00 4.802414825685182298e-01
1.078040770000000066e+03 0.000000000000000000e+00 4.815666859449820314e-01
1.078727169999999887e+03 0.000000000000000000e+00 4.828918893214453334e-01
1.079413569999999936e+03 0.000000000000000000e+00 4.739714535747083790e-01
1.080099979999999960e+03 0.000000000000000000e+00 4.648159930525190275e-01
1.080786250000000109e+03 0.000000000000000000e+00 4.577091000144003496e-01
1.081472659999999905e+03 0.000000000000000000e+00 4.532377774607034282e-01
1.082158940000000030e+03 0.000000000000000000e+00 4.487673017360598871e-01
1.082845209999999952e+03 0.000000000000000000e+00 4.383823944285522023e-01
1.083531369999999924e+03 0.000000000000000000e+00 4.273150059581258819e-01
1.084217650000000049e+03 0.000000000000000000e+00 4.159857044568459616e-01
1.084903929999999946e+03 0.000000000000000000e+00 4.041841143300182182e-01
1.085590089999999918e+03 0.000000000000000000e+00 3.923845877790113068e-01
1.086276249999999891e+03 0.000000000000000000e+00 3.821787096611486412e-01
1.086962399999999889e+03 0.000000000000000000e+00 3.723373277899384437e-01
1.087648560000000089e+03 0.000000000000000000e+00 3.621241656452311997e-01
1.088334589999999935e+03 0.000000000000000000e+00 3.509229804266619790e-01
1.089020749999999907e+03 0.000000000000000000e+00 3.397196726273312706e-01
1.089706789999999955e+03 0.000000000000000000e+00 3.330247359327683787e-01
1.090392820000000029e+03 0.000000000000000000e+00 3.279855210418443634e-01
1.091078860000000077e+03 0.000000000000000000e+00 3.221241641041926451e-01
1.091764889999999923e+03 0.000000000000000000e+00 3.127470157452268418e-01
1.092450810000000047e+03 0.000000000000000000e+00 3.033713709448764284e-01
1.093136839999999893e+03 0.000000000000000000e+00 2.954557982417664874e-01
1.093822750000000042e+03 0.000000000000000000e+00 2.883371111852132684e-01
1.094508669999999938e+03 0.000000000000000000e+00 2.812998602282816285e-01
1.095194580000000087e+03 0.000000000000000000e+00 2.749524720704791814e-01
1.095880490000000009e+03 0.000000000000000000e+00 2.686050839126787881e-01
1.096566409999999905e+03 0.000000000000000000e+00 2.655969961111112054e-01
1.097252199999999903e+03 0.000000000000000000e+00 2.651763341869306512e-01
1.097937989999999900e+03 0.000000000000000000e+00 2.647256704035998998e-01
1.098623779999999897e+03 0.000000000000000000e+00 2.628645818335126338e-01
1.099309569999999894e+03 0.000000000000000000e+00 2.610034932634253679e-01
1.099995359999999891e+03 0.000000000000000000e+00 2.610707021918902693e-01
1.100681149999999889e+03 0.000000000000000000e+00 2.632383243477226520e-01
1.101366819999999962e+03 0.000000000000000000e+00 2.654055672115581688e-01
1.102052490000000034e+03 0.000000000000000000e+00 2.696534801263323344e-01
1.102738160000000107e+03 0.000000000000000000e+00 2.740443047870984583e-01
1.103423829999999953e+03 0.000000000000000000e+00 2.782050118320144594e-01
1.104109500000000025e+03 0.000000000000000000e+00 2.820101710468729261e-01
1.104795170000000098e+03 0.000000000000000000e+00 2.858153302617313929e-01
1.105480710000000045e+03 0.000000000000000000e+00 2.914682971657148181e-01
1.106166259999999966e+03 0.000000000000000000e+00 2.974478246737230491e-01
1.106851809999999887e+03 0.000000000000000000e+00 3.042776479698395264e-01
1.107537350000000060e+03 0.000000000000000000e+00 3.130301062186623406e-01
1.108222899999999981e+03 0.000000000000000000e+00 3.217826921399482010e-01
1.108908449999999903e+03 0.000000000000000000e+00 3.330850328041028985e-01
1.109593869999999924e+03 0.000000000000000000e+00 3.451755199160120302e-01
1.110279299999999921e+03 0.000000000000000000e+00 3.578894133563174096e-01
1.110964719999999943e+03 0.000000000000000000e+00 3.728179693219758617e-01
1.111650149999999940e+03 0.000000000000000000e+00 3.877467430892148625e-01
1.112335569999999962e+03 0.000000000000000000e+00 4.034303175519843854e-01
1.113020999999999958e+03 0.000000000000000000e+00 4.194762119491352581e-01
1.113706300000000056e+03 0.000000000000000000e+00 4.362214382071500363e-01
1.114391599999999926e+03 0.000000000000000000e+00 4.575855677583113845e-01
1.115076900000000023e+03 0.000000000000000000e+00 4.789496973094798382e-01
1.115762210000000096e+03 0.000000000000000000e+00 5.018954652951969075e-01
1.116447509999999966e+03 0.000000000000000000e+00 5.259481070209461873e-01
1.117132689999999911e+03 0.000000000000000000e+00 5.500756028141642329e-01
1.117817990000000009e+03 0.000000000000000000e+00 5.759400002234780214e-01
1.118503169999999955e+03 0.000000000000000000e+00 6.017998686269651065e-01
1.119188349999999900e+03 0.000000000000000000e+00 6.306369854040189127e-01
1.119873540000000048e+03 0.000000000000000000e+00 6.624614504700031548e-01
1.120558590000000095e+03 0.000000000000000000e+00 6.942794130693540344e-01
1.121243770000000040e+03 0.000000000000000000e+00 7.224629507336224332e-01
1.121928830000000062e+03 0.000000000000000000e+00 7.504683024221832088e-01
1.122613890000000083e+03 0.000000000000000000e+00 7.799194330772862838e-01
1.123298950000000104e+03 0.000000000000000000e+00 8.114525128114209451e-01
1.123984009999999898e+03 0.000000000000000000e+00 8.429855925455450594e-01
1.124669069999999920e+03 0.000000000000000000e+00 8.735759882690071754e-01
1.125354000000000042e+03 0.000000000000000000e+00 9.040134001248141260e-01
1.126039060000000063e+03 0.000000000000000000e+00 9.325523387629369720e-01
1.126723999999999933e+03 0.000000000000000000e+00 9.570342728480142336e-01
1.127408940000000030e+03 0.000000000000000000e+00 9.815162069330997108e-01
1.128093869999999924e+03 0.000000000000000000e+00 1.001029617123880611e+00
1.128778690000000097e+03 0.000000000000000000e+00 1.019094066360939133e+00
1.129463619999999992e+03 0.000000000000000000e+00 1.036417057913708417e+00
1.130148439999999937e+03 0.000000000000000000e+00 1.051234251638590189e+00
1.130833249999999907e+03 0.000000000000000000e+00 1.066051228997219713e+00
1.131518070000000080e+03 0.000000000000000000e+00 1.074503368489934330e+00
1.132202880000000050e+03 0.000000000000000000e+00 1.080006979168792514e+00
1.132887699999999995e+03 0.000000000000000000e+00 1.085541794828137840e+00
1.133572390000000041e+03 0.000000000000000000e+00 1.091270566318317092e+00
1.134257080000000087e+03 0.000000000000000000e+00 1.096999337808496344e+00
1.134941769999999906e+03 0.000000000000000000e+00 1.095718787745987077e+00
1.135626459999999952e+03 0.000000000000000000e+00 1.089602007383901006e+00
1.136311159999999973e+03 0.000000000000000000e+00 1.083418332321161470e+00
1.136995850000000019e+03 0.000000000000000000e+00 1.075837970958222423e+00
1.137680419999999913e+03 0.000000000000000000e+00 1.068258938143041847e+00
1.138364990000000034e+03 0.000000000000000000e+00 1.060082341310934817e+00
1.139049559999999929e+03 0.000000000000000000e+00 1.051306472863113406e+00
1.139734130000000050e+03 0.000000000000000000e+00 1.042530604415289330e+00
1.140418699999999944e+03 0.000000000000000000e+00 1.031749759458136628e+00
1.141103149999999914e+03 0.000000000000000000e+00 1.020871376882917625e+00
1.141787720000000036e+03 0.000000000000000000e+00 1.010255540611282754e+00
1.142472170000000006e+03 0.000000000000000000e+00 1.000028362836847817e+00
1.143156619999999975e+03 0.000000000000000000e+00 9.898011850624127694e-01
1.143841059999999970e+03 0.000000000000000000e+00 9.833238180640745396e-01
1.144525509999999940e+03 0.000000000000000000e+00 9.774612997120872837e-01
1.145209839999999986e+03 0.000000000000000000e+00 9.716743945246031355e-01
1.145894289999999955e+03 0.000000000000000000e+00 9.660508469119877262e-01
1.146578610000000026e+03 0.000000000000000000e+00 9.604283673995828163e-01
1.147262940000000071e+03 0.000000000000000000e+00 9.601793053191641780e-01
1.147947269999999889e+03 0.000000000000000000e+00 9.615786494138374163e-01
1.148631470000000036e+03 0.000000000000000000e+00 9.624535117288001151e-01
1.149315800000000081e+03 0.000000000000000000e+00 9.614440315141374871e-01
1.150000000000000000e+03 0.000000000000000000e+00 9.604347430672302011e-01
1.150684199999999919e+03 0.000000000000000000e+00 9.624619159186346140e-01
1.151368410000000040e+03 0.000000000000000000e+00 9.659827336925098651e-01
1.152052609999999959e+03 0.000000000000000000e+00 9.693872510646159846e-01
1.152736820000000080e+03 0.000000000000000000e+00 9.719595988919605967e-01
1.153420900000000074e+03 0.000000000000000000e+00 9.745314579728415749e-01
1.154104980000000069e+03 0.000000000000000000e+00 9.757860339490217472e-01
1.154789060000000063e+03 0.000000000000000000e+00 9.760653335910240980e-01
1.155473140000000058e+03 0.000000000000000000e+00 9.763455861823271409e-01
1.156157230000000027e+03 0.000000000000000000e+00 9.766607403833625911e-01
1.156841310000000021e+03 0.000000000000000000e+00 9.769758899774866334e-01
1.157525270000000091e+03 0.000000000000000000e+00 9.760782946086614675e-01
1.158209229999999934e+03 0.000000000000000000e+00 9.738590097103323462e-01
1.158893190000000004e+03 0.000000000000000000e+00 9.716397248120023367e-01
1.159577150000000074e+03 0.000000000000000000e+00 9.641322023771964345e-01
1.160261109999999917e+03 0.000000000000000000e+00 9.562268833539485646e-01
1.160945069999999987e+03 0.000000000000000000e+00 9.468981767299533558e-01
1.161628909999999905e+03 0.000000000000000000e+00 9.352646881832564763e-01
1.162312740000000076e+03 0.000000000000000000e+00 9.236313697565913250e-01
1.162996579999999994e+03 0.000000000000000000e+00 9.076113035117112648e-01
1.163680419999999913e+03 0.000000000000000000e+00 8.907112543787618630e-01
1.164364260000000058e+03 0.000000000000000000e+00 8.725511635090290596e-01
1.165047970000000078e+03 0.000000000000000000e+00 8.512185293954770415e-01
1.165731809999999996e+03 0.000000000000000000e+00 8.298818391142039896e-01
1.166415529999999990e+03 0.000000000000000000e+00 8.080792529034283023e-01
1.167099240000000009e+03 0.000000000000000000e+00 7.861075474072134472e-01
1.167782840000000078e+03 0.000000000000000000e+00 7.645179959232115685e-01
1.168466550000000097e+03 0.000000000000000000e+00 7.445872679591162280e-01
1.169150270000000091e+03 0.000000000000000000e+00 7.246562484865169962e-01
1.169833859999999959e+03 0.000000000000000000e+00 7.058266319164328007e-01
1.170517460000000028e+03 0.000000000000000000e+00 6.876242644050226671e-01
1.171201049999999896e+03 0.000000000000000000e+00 6.694635982269528940e-01
1.171884639999999990e+03 0.000000000000000000e+00 6.517399182320992024e-01
1.172568119999999908e+03 0.000000000000000000e+00 6.340190902462020661e-01
1.173251710000000003e+03 0.000000000000000000e+00 6.169198776365130144e-01
1.173935179999999946e+03 0.000000000000000000e+00 6.003624408668064572e-01
1.174618649999999889e+03 0.000000000000000000e+00 5.838050040971000110e-01
1.175302120000000059e+03 0.000000000000000000e+00 5.697960789253556646e-01
1.175985599999999977e+03 0.000000000000000000e+00 5.558210922570266943e-01
1.176668949999999995e+03 0.000000000000000000e+00 5.432725934386113398e-01
1.177352419999999938e+03 0.000000000000000000e+00 5.325582930563781403e-01
1.178035769999999957e+03 0.000000000000000000e+00 5.218458738335887137e-01
1.178719119999999975e+03 0.000000000000000000e+00 5.103496952849037038e-01
1.179402469999999994e+03 0.000000000000000000e+00 4.987532422571606672e-01
1.180085690000000113e+03 0.000000000000000000e+00 4.881677035921165309e-01
1.180769039999999904e+03 0.000000000000000000e+00 4.795716940525601157e-01
1.181452269999999999e+03 0.000000000000000000e+00 4.709771940193213102e-01
1.182135500000000093e+03 0.000000000000000000e+00 4.640292455200779598e-01
1.182818729999999960e+03 0.000000000000000000e+00 4.575311396146387599e-01
1.183501950000000079e+03 0.000000000000000000e+00 4.509508817691321170e-01
1.184185179999999946e+03 0.000000000000000000e+00 4.441021685780828232e-01
1.184868289999999888e+03 0.000000000000000000e+00 4.372546582697851569e-01
1.185551390000000083e+03 0.000000000000000000e+00 4.305903268731491318e-01
1.186234500000000025e+03 0.000000000000000000e+00 4.240105945456705272e-01
1.186917599999999993e+03 0.000000000000000000e+00 4.177027500772088064e-01
1.187600709999999935e+03 0.000000000000000000e+00 4.131728805177365405e-01
1.188283809999999903e+03 0.000000000000000000e+00 4.086430772707110304e-01
1.188966799999999921e+03 0.000000000000000000e+00 4.038336729403445569e-01
1.189649779999999964e+03 0.000000000000000000e+00 3.988223686681965918e-01
1.190332760000000007e+03 0.000000000000000000e+00 3.938406292839872758e-01
1.191015750000000025e+03 0.000000000000000000e+00 3.898199519352614772e-01
1.191698730000000069e+03 0.000000000000000000e+00 3.857993334552942133e-01
1.192381589999999960e+03 0.000000000000000000e+00 3.824770898651994600e-01
1.193064579999999978e+03 0.000000000000000000e+00 3.799156701879898290e-01
1.193747440000000097e+03 0.000000000000000000e+00 3.773547380502138560e-01
1.194430299999999988e+03 0.000000000000000000e+00 3.738092968020142459e-01
1.195113160000000107e+03 0.000000000000000000e+00 3.701857919163963340e-01
1.195795900000000074e+03 0.000000000000000000e+00 3.661653783985062693e-01
1.196478759999999966e+03 0.000000000000000000e+00 3.614798625167185975e-01
1.197161499999999933e+03 0.000000000000000000e+00 3.567951700275816540e-01
1.197844239999999900e+03 0.000000000000000000e+00 3.539613508356231897e-01
1.198526980000000094e+03 0.000000000000000000e+00 3.515275637412516030e-01
1.199209720000000061e+03 0.000000000000000000e+00 3.490390596428155079e-01
1.199892329999999902e+03 0.000000000000000000e+00 3.464031075215791011e-01
1.200575070000000096e+03 0.000000000000000000e+00 3.437666533951322378e-01
1.201257689999999911e+03 0.000000000000000000e+00 3.411305252243957975e-01
1.201940309999999954e+03 0.000000000000000000e+00 3.384943429287556871e-01
1.202622920000000022e+03 0.000000000000000000e+00 3.352727984763411717e-01
1.203305540000000065e+03 0.000000000000000000e+00 3.290820944292390804e-01
1.203988039999999955e+03 0.000000000000000000e+00 3.228924786662285551e-01
1.204670650000000023e+03 0.000000000000000000e+00 3.171818563254420464e-01
1.205353149999999914e+03 0.000000000000000000e+00 3.117767119405531195e-01
1.206035640000000058e+03 0.000000000000000000e+00 3.065387468248261249e-01
1.206718139999999948e+03 0.000000000000000000e+00 3.039736285895700552e-01
1.207400509999999940e+03 0.000000000000000000e+00 3.014089989482631737e-01
1.208083010000000058e+03 0.000000000000000000e+00 2.977886726346419266e-01
1.208765380000000050e+03 0.000000000000000000e+00 2.931367997483768639e-01
1.209447750000000042e+03 0.000000000000000000e+00 2.884849268621118012e-01
1.210130130000000008e+03 0.000000000000000000e+00 2.829308142190207764e-01
1.210812500000000000e+03 0.000000000000000000e+00 2.773317037306957666e-01
1.211494750000000067e+03 0.000000000000000000e+00 2.724399671373166076e-01
1.212177120000000059e+03 0.000000000000000000e+00 2.686131692347580868e-01
1.212859380000000101e+03 0.000000000000000000e+00 2.647869882229905714e-01
1.213541629999999941e+03 0.000000000000000000e+00 2.614753370196106208e-01
1.214223880000000008e+03 0.000000000000000000e+00 2.582580135883903449e-01
1.214906009999999924e+03 0.000000000000000000e+00 2.548280729603439876e-01
1.215588259999999991e+03 0.000000000000000000e+00 2.508784485269852649e-01
1.216270389999999907e+03 0.000000000000000000e+00 2.469295187875548692e-01
1.216952510000000075e+03 0.000000000000000000e+00 2.429000514791110621e-01
1.217634639999999990e+03 0.000000000000000000e+00 2.388417549794432382e-01
1.218316769999999906e+03 0.000000000000000000e+00 2.348851302745310343e-01
1.218998900000000049e+03 0.000000000000000000e+00 2.313833020599206092e-01
1.219680910000000040e+03 0.000000000000000000e+00 2.278820898853410881e-01
1.220363039999999955e+03 0.000000000000000000e+00 2.246790542469593588e-01
1.221045039999999972e+03 0.000000000000000000e+00 2.216533494419368477e-01
1.221727049999999963e+03 0.000000000000000000e+00 2.187115390891901101e-01
1.222408940000000030e+03 0.000000000000000000e+00 2.168216566787008193e-01
1.223090940000000046e+03 0.000000000000000000e+00 2.149314693992956660e-01
1.223772830000000113e+03 0.000000000000000000e+00 2.126034937521824597e-01
1.224454709999999977e+03 0.000000000000000000e+00 2.098695024602468540e-01
1.225136600000000044e+03 0.000000000000000000e+00 2.071354710734067683e-01
1.225818479999999909e+03 0.000000000000000000e+00 2.054572487435309125e-01
1.226500369999999975e+03 0.000000000000000000e+00 2.038184046651350667e-01
1.227182129999999916e+03 0.000000000000000000e+00 2.019461441097265275e-01
1.227864010000000007e+03 0.000000000000000000e+00 1.997356973218804843e-01
1.228545779999999922e+03 0.000000000000000000e+00 1.975256071204529451e-01
1.229227540000000090e+03 0.000000000000000000e+00 1.952023652791253783e-01
1.229909180000000106e+03 0.000000000000000000e+00 1.928601423504910928e-01
1.230590940000000046e+03 0.000000000000000000e+00 1.909118931330814894e-01
1.231272580000000062e+03 0.000000000000000000e+00 1.898923581916009684e-01
1.231954349999999977e+03 0.000000000000000000e+00 1.888726288079775328e-01
1.232635989999999993e+03 0.000000000000000000e+00 1.881816221392962341e-01
1.233317630000000008e+03 0.000000000000000000e+00 1.876043453681564832e-01
1.233999150000000100e+03 0.000000000000000000e+00 1.868573963151243245e-01
1.234680789999999888e+03 0.000000000000000000e+00 1.853712190713916741e-01
1.235362300000000005e+03 0.000000000000000000e+00 1.838853252661913906e-01
1.236043820000000096e+03 0.000000000000000000e+00 1.827188126283595948e-01
1.236725339999999960e+03 0.000000000000000000e+00 1.817392127540564395e-01
1.237406860000000052e+03 0.000000000000000000e+00 1.809022282403916215e-01
1.238088379999999916e+03 0.000000000000000000e+00 1.818274817966246404e-01
1.238769780000000083e+03 0.000000000000000000e+00 1.827525724369836180e-01
1.239451170000000047e+03 0.000000000000000000e+00 1.837663017054441961e-01
1.240132569999999987e+03 0.000000000000000000e+00 1.848624472320016254e-01
1.240813959999999952e+03 0.000000000000000000e+00 1.859585766718915567e-01
1.241495359999999891e+03 0.000000000000000000e+00 1.875726930715627960e-01
1.242176760000000058e+03 0.000000000000000000e+00 1.892072620970649821e-01
1.242858030000000099e+03 0.000000000000000000e+00 1.900439970837046466e-01
1.243539309999999887e+03 0.000000000000000000e+00 1.897114007825253523e-01
1.244220579999999927e+03 0.000000000000000000e+00 1.893788093632784997e-01
1.244901859999999942e+03 0.000000000000000000e+00 1.921155554149355515e-01
1.245583129999999983e+03 0.000000000000000000e+00 1.953998884954641913e-01
1.246264280000000099e+03 0.000000000000000000e+00 1.984801842174453435e-01
1.246945429999999988e+03 0.000000000000000000e+00 2.010661457920050743e-01
1.247626590000000078e+03 0.000000000000000000e+00 2.036521453312073737e-01
1.248307739999999967e+03 0.000000000000000000e+00 2.073138316248929747e-01
1.248988890000000083e+03 0.000000000000000000e+00 2.113652508095802407e-01
1.249670039999999972e+03 0.000000000000000000e+00 2.152903267185230785e-01
1.250351069999999936e+03 0.000000000000000000e+00 2.186268559277488588e-01
1.251032099999999900e+03 0.000000000000000000e+00 2.219633851369746391e-01
1.251713130000000092e+03 0.000000000000000000e+00 2.264548179534962846e-01
1.252394170000000031e+03 0.000000000000000000e+00 2.316563374159226751e-01
1.253075199999999995e+03 0.000000000000000000e+00 2.370140840122486325e-01
1.253756100000000060e+03 0.000000000000000000e+00 2.447340536252106402e-01
1.254437130000000025e+03 0.000000000000000000e+00 2.524554971639310086e-01
1.255118040000000065e+03 0.000000000000000000e+00 2.581248294665133836e-01
1.255798950000000104e+03 0.000000000000000000e+00 2.617754766869800909e-01
1.256479739999999993e+03 0.000000000000000000e+00 2.654254805365652281e-01
1.257160640000000058e+03 0.000000000000000000e+00 2.716638636776619320e-01
1.257841429999999946e+03 0.000000000000000000e+00 2.780493272971865659e-01
1.258522220000000061e+03 0.000000000000000000e+00 2.844864331833448223e-01
1.259202999999999975e+03 0.000000000000000000e+00 2.910050143080340490e-01
1.259883790000000090e+03 0.000000000000000000e+00 2.975236911843795462e-01
1.260564579999999978e+03 0.000000000000000000e+00 3.046970252346891672e-01
1.261245239999999967e+03 0.000000000000000000e+00 3.120038854409835083e-01
1.261926030000000083e+03 0.000000000000000000e+00 3.185260396013587236e-01
1.262606690000000071e+03 0.000000000000000000e+00 3.229301403979638607e-01
1.263287350000000060e+03 0.000000000000000000e+00 3.273342411945689978e-01
1.263968020000000024e+03 0.000000000000000000e+00 3.315504536023623494e-01
1.264648560000000089e+03 0.000000000000000000e+00 3.356898408842521886e-01
1.265329220000000078e+03 0.000000000000000000e+00 3.400891499154422015e-01
1.266009769999999889e+03 0.000000000000000000e+00 3.459207079968538712e-01
1.266690309999999954e+03 0.000000000000000000e+00 3.517521803893678412e-01
1.267370850000000019e+03 0.000000000000000000e+00 3.574415978445000808e-01
1.268051269999999931e+03 0.000000000000000000e+00 3.630328956255375328e-01
1.268731809999999996e+03 0.000000000000000000e+00 3.685392599558181548e-01
1.269412229999999909e+03 0.000000000000000000e+00 3.716617618986098326e-01
1.270092650000000049e+03 0.000000000000000000e+00 3.747842638414025651e-01
1.270773069999999962e+03 0.000000000000000000e+00 3.772027123865618892e-01
1.271453490000000102e+03 0.000000000000000000e+00 3.788443049979737243e-01
1.272133910000000014e+03 0.000000000000000000e+00 3.804858976093850598e-01
1.272814210000000003e+03 0.000000000000000000e+00 3.810453028203290571e-01
1.273494509999999991e+03 0.000000000000000000e+00 3.815052920206936093e-01
1.274174800000000005e+03 0.000000000000000000e+00 3.819283248900552930e-01
1.274855099999999993e+03 0.000000000000000000e+00 3.822845214563436178e-01
1.275535399999999981e+03 0.000000000000000000e+00 3.826407180226319427e-01
1.276215580000000045e+03 0.000000000000000000e+00 3.847635560803582822e-01
1.276895870000000059e+03 0.000000000000000000e+00 3.873397383767128166e-01
1.277576049999999896e+03 0.000000000000000000e+00 3.890428116119297730e-01
1.278256229999999960e+03 0.000000000000000000e+00 3.879179176349357716e-01
1.278936279999999897e+03 0.000000000000000000e+00 3.867932386542914380e-01
1.279616459999999961e+03 0.000000000000000000e+00 3.871715135766051197e-01
1.280296509999999898e+03 0.000000000000000000e+00 3.882716004146192224e-01
1.280976560000000063e+03 0.000000000000000000e+00 3.890968009928486016e-01
1.281656739999999900e+03 0.000000000000000000e+00 3.878112342713626037e-01
1.282336669999999913e+03 0.000000000000000000e+00 3.865261400596242680e-01
1.283016720000000078e+03 0.000000000000000000e+00 3.852088302195626479e-01
1.283696779999999990e+03 0.000000000000000000e+00 3.838657974891309665e-01
1.284376710000000003e+03 0.000000000000000000e+00 3.825230214923033834e-01
1.285056640000000016e+03 0.000000000000000000e+00 3.822586472361158560e-01
1.285736570000000029e+03 0.000000000000000000e+00 3.820008944974105369e-01
1.286416500000000042e+03 0.000000000000000000e+00 3.805061552894906662e-01
1.287096309999999903e+03 0.000000000000000000e+00 3.773911799208738982e-01
1.287776249999999891e+03 0.000000000000000000e+00 3.742756088758205646e-01
1.288456050000000005e+03 0.000000000000000000e+00 3.696941658544188325e-01
1.289135860000000093e+03 0.000000000000000000e+00 3.648966434495265476e-01
1.289815669999999955e+03 0.000000000000000000e+00 3.606905797316752871e-01
1.290495359999999891e+03 0.000000000000000000e+00 3.577997571063641913e-01
1.291175169999999980e+03 0.000000000000000000e+00 3.549084241032109954e-01
1.291854859999999917e+03 0.000000000000000000e+00 3.507845726073511861e-01
1.292534550000000081e+03 0.000000000000000000e+00 3.462469501732854948e-01
1.293214230000000043e+03 0.000000000000000000e+00 3.416928353631250026e-01
1.293893919999999980e+03 0.000000000000000000e+00 3.370667253345046022e-01
1.294573489999999993e+03 0.000000000000000000e+00 3.324414320505811871e-01
1.295253169999999955e+03 0.000000000000000000e+00 3.278387667417462237e-01
1.295932739999999967e+03 0.000000000000000000e+00 3.232508592380909929e-01
1.296612300000000005e+03 0.000000000000000000e+00 3.187215874695015772e-01
1.297291870000000017e+03 0.000000000000000000e+00 3.150574390649444334e-01
1.297971309999999903e+03 0.000000000000000000e+00 3.113939916025905696e-01
1.298650879999999916e+03 0.000000000000000000e+00 3.077873717633535233e-01
1.299330320000000029e+03 0.000000000000000000e+00 3.042387329718460043e-01
1.300009769999999889e+03 0.000000000000000000e+00 3.006900419514631495e-01
1.300689210000000003e+03 0.000000000000000000e+00 2.942843861807945549e-01
1.301368649999999889e+03 0.000000000000000000e+00 2.876922923519175668e-01
1.302047970000000078e+03 0.000000000000000000e+00 2.820725732317440615e-01
1.302727290000000039e+03 0.000000000000000000e+00 2.780639908745604627e-01
1.303406739999999900e+03 0.000000000000000000e+00 2.740546414036366119e-01
1.304085939999999937e+03 0.000000000000000000e+00 2.707276048296203830e-01
1.304765259999999898e+03 0.000000000000000000e+00 2.675559646740464648e-01
1.305444580000000087e+03 0.000000000000000000e+00 2.644190439262174563e-01
1.306123779999999897e+03 0.000000000000000000e+00 2.613865430098898934e-01
1.306802979999999934e+03 0.000000000000000000e+00 2.583540420935612758e-01
1.307482299999999896e+03 0.000000000000000000e+00 2.537357091936164322e-01
1.308161380000000008e+03 0.000000000000000000e+00 2.483981136938417100e-01
1.308840580000000045e+03 0.000000000000000000e+00 2.432204285748668648e-01
1.309519780000000083e+03 0.000000000000000000e+00 2.391770414825166169e-01
1.310198849999999993e+03 0.000000000000000000e+00 2.351344283011241321e-01
1.310877930000000106e+03 0.000000000000000000e+00 2.319112552755416001e-01
1.311557009999999991e+03 0.000000000000000000e+00 2.293302344269371185e-01
1.312236079999999902e+03 0.000000000000000000e+00 2.267492515859435565e-01
1.312915040000000090e+03 0.000000000000000000e+00 2.232545208386872426e-01
1.313594119999999975e+03 0.000000000000000000e+00 2.197568598099688686e-01
1.314273069999999962e+03 0.000000000000000000e+00 2.164071890319052838e-01
1.314952029999999922e+03 0.000000000000000000e+00 2.132500080066016546e-01
1.315630979999999909e+03 0.000000000000000000e+00 2.100928734815486754e-01
1.316309809999999970e+03 0.000000000000000000e+00 2.070293940050479675e-01
1.316988769999999931e+03 0.000000000000000000e+00 2.039792877165479690e-01
1.317667599999999993e+03 0.000000000000000000e+00 2.008931178708745768e-01
1.318346440000000030e+03 0.000000000000000000e+00 1.977235967649750292e-01
1.319025270000000091e+03 0.000000000000000000e+00 1.945541223493279792e-01
1.319704099999999926e+03 0.000000000000000000e+00 1.913070970948912708e-01
1.320382810000000063e+03 0.000000000000000000e+00 1.880335521911930818e-01
1.321061519999999973e+03 0.000000000000000000e+00 1.848896684318051264e-01
1.321740360000000010e+03 0.000000000000000000e+00 1.823505360139474618e-01
1.322419069999999920e+03 0.000000000000000000e+00 1.798118898479527383e-01
1.323097659999999905e+03 0.000000000000000000e+00 1.780796143039866941e-01
1.323776370000000043e+03 0.000000000000000000e+00 1.768577117257622844e-01
1.324454960000000028e+03 0.000000000000000000e+00 1.755201991551648133e-01
1.325133669999999938e+03 0.000000000000000000e+00 1.718499592821448874e-01
1.325812259999999924e+03 0.000000000000000000e+00 1.681803683295541307e-01
1.326490720000000010e+03 0.000000000000000000e+00 1.656241508188575906e-01
1.327169309999999996e+03 0.000000000000000000e+00 1.642616824036542134e-01
1.327847899999999981e+03 0.000000000000000000e+00 1.628992139884508361e-01
1.328526370000000043e+03 0.000000000000000000e+00 1.599233043886952588e-01
1.329204829999999902e+03 0.000000000000000000e+00 1.568021805627338450e-01
1.329883299999999963e+03 0.000000000000000000e+00 1.541094528174937750e-01
1.330561770000000024e+03 0.000000000000000000e+00 1.522069626953738986e-01
1.331240109999999959e+03 0.000000000000000000e+00 1.503048371047972509e-01
1.331918580000000020e+03 0.000000000000000000e+00 1.487536288151246888e-01
1.332596919999999955e+03 0.000000000000000000e+00 1.472981980194752738e-01
1.333275270000000091e+03 0.000000000000000000e+00 1.453346724113183663e-01
1.333953610000000026e+03 0.000000000000000000e+00 1.415782499919342741e-01
1.334631840000000011e+03 0.000000000000000000e+00 1.378224367161447472e-01
1.335310179999999946e+03 0.000000000000000000e+00 1.360546491470088770e-01
1.335988399999999956e+03 0.000000000000000000e+00 1.353351178144029665e-01
1.336666629999999941e+03 0.000000000000000000e+00 1.344819736881570083e-01
1.337344849999999951e+03 0.000000000000000000e+00 1.322599295925666329e-01
1.338022950000000037e+03 0.000000000000000000e+00 1.300382786515445477e-01
1.338701170000000047e+03 0.000000000000000000e+00 1.274250388705657211e-01
1.339379269999999906e+03 0.000000000000000000e+00 1.244548169154920531e-01
1.340057369999999992e+03 0.000000000000000000e+00 1.214845949604173719e-01
1.340735470000000078e+03 0.000000000000000000e+00 1.209060769654979051e-01
1.341413569999999936e+03 0.000000000000000000e+00 1.204369804727389720e-01
1.342091550000000097e+03 0.000000000000000000e+00 1.192168710357806860e-01
1.342769649999999956e+03 0.000000000000000000e+00 1.168196887630197911e-01
1.343447629999999890e+03 0.000000000000000000e+00 1.144229307077379576e-01
1.344125610000000052e+03 0.000000000000000000e+00 1.134848972388899507e-01
1.344803589999999986e+03 0.000000000000000000e+00 1.128605695476271598e-01
1.345481449999999995e+03 0.000000000000000000e+00 1.120478607510938390e-01
1.346159419999999955e+03 0.000000000000000000e+00 1.106873671789048302e-01
1.346837279999999964e+03 0.000000000000000000e+00 1.093270943455285638e-01
1.347515139999999974e+03 0.000000000000000000e+00 1.086749454229618272e-01
1.348192990000000009e+03 0.000000000000000000e+00 1.083424362691345483e-01
1.348870850000000019e+03 0.000000000000000000e+00 1.078841392424272905e-01
1.349548579999999902e+03 0.000000000000000000e+00 1.065201686745370357e-01
1.350226319999999987e+03 0.000000000000000000e+00 1.051561779810717689e-01
1.350904170000000022e+03 0.000000000000000000e+00 1.034060011807118179e-01
1.351581789999999955e+03 0.000000000000000000e+00 1.013463955768195840e-01
1.352259520000000066e+03 0.000000000000000000e+00 9.928645563123615625e-02
1.352937259999999924e+03 0.000000000000000000e+00 9.971948723555014438e-02
1.353614870000000110e+03 0.000000000000000000e+00 1.001856504913407886e-01
1.354292480000000069e+03 0.000000000000000000e+00 1.000825686925831959e-01
1.354970090000000027e+03 0.000000000000000000e+00 9.919023075813933332e-02
1.355647709999999961e+03 0.000000000000000000e+00 9.829787965479400147e-02
1.356325319999999920e+03 0.000000000000000000e+00 9.780392143854266251e-02
1.357002809999999954e+03 0.000000000000000000e+00 9.737967732722940806e-02
1.357680299999999988e+03 0.000000000000000000e+00 9.672225956898920785e-02
1.358357790000000023e+03 0.000000000000000000e+00 9.547374871495062365e-02
1.359035280000000057e+03 0.000000000000000000e+00 9.422523786091202558e-02
1.359712770000000091e+03 0.000000000000000000e+00 9.251688046679788779e-02
1.360390139999999974e+03 0.000000000000000000e+00 9.062552428403673754e-02
1.361067630000000008e+03 0.000000000000000000e+00 8.909047594249902557e-02
1.361744999999999891e+03 0.000000000000000000e+00 8.963625770327698916e-02
1.362422360000000026e+03 0.000000000000000000e+00 9.018203140668973328e-02
1.363099609999999984e+03 0.000000000000000000e+00 9.002559130070168780e-02
1.363776980000000094e+03 0.000000000000000000e+00 8.935612136108468662e-02
1.364454220000000078e+03 0.000000000000000000e+00 8.868035080051052399e-02
1.365131470000000036e+03 0.000000000000000000e+00 8.728262083569761354e-02
1.365808719999999994e+03 0.000000000000000000e+00 8.588489087088471696e-02
1.366485959999999977e+03 0.000000000000000000e+00 8.473278963145551568e-02
1.367163209999999935e+03 0.000000000000000000e+00 8.389329411092034949e-02
1.367840329999999994e+03 0.000000000000000000e+00 8.305395973385891473e-02
