9.306945799999999736e+02 0.000000000000000000e+00 2.601669999999999927e+00
9.313851899999999659e+02 0.000000000000000000e+00 2.173290000000000166e+00
9.320757399999999961e+02 0.000000000000000000e+00 2.053040000000000198e+00
9.327663000000000011e+02 0.000000000000000000e+00 2.073280000000000012e+00
9.334568500000000313e+02 0.000000000000000000e+00 2.308409999999999851e+00
9.341473999999999478e+02 0.000000000000000000e+00 2.504370000000000207e+00
9.348378900000000158e+02 0.000000000000000000e+00 2.589529999999999887e+00
9.355283799999999701e+02 0.000000000000000000e+00 2.607099999999999973e+00
9.362188700000000381e+02 0.000000000000000000e+00 2.598970000000000002e+00
9.369093000000000302e+02 0.000000000000000000e+00 2.693599999999999994e+00
9.375997300000000223e+02 0.000000000000000000e+00 2.796279999999999877e+00
9.382901600000000144e+02 0.000000000000000000e+00 2.766570000000000196e+00
9.389805300000000443e+02 0.000000000000000000e+00 2.578739999999999810e+00
9.396708999999999605e+02 0.000000000000000000e+00 2.412529999999999841e+00
9.403612699999999904e+02 0.000000000000000000e+00 2.101700000000000124e+00
9.410515699999999697e+02 0.000000000000000000e+00 1.805749999999999966e+00
9.417418800000000374e+02 0.000000000000000000e+00 1.915189999999999948e+00
9.424321899999999914e+02 0.000000000000000000e+00 2.488179999999999836e+00
9.431224999999999454e+02 0.000000000000000000e+00 2.986839999999999939e+00
9.438127399999999625e+02 0.000000000000000000e+00 2.727370000000000072e+00
9.445029899999999543e+02 0.000000000000000000e+00 2.539530000000000065e+00
9.451931799999999839e+02 0.000000000000000000e+00 2.319240000000000190e+00
9.458833600000000388e+02 0.000000000000000000e+00 2.285439999999999916e+00
9.465735499999999547e+02 0.000000000000000000e+00 2.277330000000000076e+00
9.472637300000000096e+02 0.000000000000000000e+00 2.536820000000000075e+00
9.479538599999999633e+02 0.000000000000000000e+00 2.724670000000000147e+00
9.486439800000000560e+02 0.000000000000000000e+00 2.926039999999999974e+00
9.493341100000000097e+02 0.000000000000000000e+00 2.862519999999999953e+00
9.500241700000000264e+02 0.000000000000000000e+00 2.669299999999999784e+00
9.507142300000000432e+02 0.000000000000000000e+00 2.916549999999999976e+00
9.514043000000000347e+02 0.000000000000000000e+00 3.404380000000000184e+00
9.520943600000000515e+02 0.000000000000000000e+00 3.924659999999999815e+00
9.527843599999999924e+02 0.000000000000000000e+00 3.935500000000000220e+00
9.534743700000000217e+02 0.000000000000000000e+00 3.985510000000000108e+00
9.541643100000000004e+02 0.000000000000000000e+00 4.035499999999999865e+00
9.548542499999999791e+02 0.000000000000000000e+00 4.227409999999999890e+00
9.555441899999999578e+02 0.000000000000000000e+00 4.338210000000000122e+00
9.562341300000000501e+02 0.000000000000000000e+00 4.532779999999999809e+00
9.569240099999999529e+02 0.000000000000000000e+00 4.781430000000000291e+00
9.576138899999999694e+02 0.000000000000000000e+00 4.986839999999999939e+00
9.583037699999999859e+02 0.000000000000000000e+00 5.486810000000000187e+00
9.589935900000000402e+02 0.000000000000000000e+00 6.082770000000000010e+00
9.596834099999999808e+02 0.000000000000000000e+00 7.189519999999999911e+00
9.603731699999999591e+02 0.000000000000000000e+00 7.561139999999999972e+00
9.610629900000000134e+02 0.000000000000000000e+00 7.721949999999999648e+00
9.617527499999999918e+02 0.000000000000000000e+00 8.236840000000000828e+00
9.624424999999999955e+02 0.000000000000000000e+00 8.930059999999999221e+00
9.631322000000000116e+02 0.000000000000000000e+00 9.757099999999999440e+00
9.638219000000000278e+02 0.000000000000000000e+00 1.021789000000000058e+01
9.645116000000000440e+02 0.000000000000000000e+00 1.079895999999999923e+01
9.652012300000000096e+02 0.000000000000000000e+00 1.116789999999999949e+01
9.658908699999999499e+02 0.000000000000000000e+00 1.193951000000000029e+01
9.665805100000000039e+02 0.000000000000000000e+00 1.269628999999999941e+01
9.672701399999999694e+02 0.000000000000000000e+00 1.346793000000000085e+01
9.679597199999999475e+02 0.000000000000000000e+00 1.392467000000000077e+01
9.686492899999999509e+02 0.000000000000000000e+00 1.398681999999999981e+01
9.693388700000000426e+02 0.000000000000000000e+00 1.448950999999999922e+01
9.700283799999999701e+02 0.000000000000000000e+00 1.531117000000000061e+01
9.707178999999999860e+02 0.000000000000000000e+00 1.633277999999999963e+01
9.714073499999999513e+02 0.000000000000000000e+00 1.653278999999999854e+01
9.720968599999999924e+02 0.000000000000000000e+00 1.647873999999999839e+01
9.727863200000000461e+02 0.000000000000000000e+00 1.649764000000000053e+01
9.734757100000000491e+02 0.000000000000000000e+00 1.712194999999999823e+01
9.741651600000000144e+02 0.000000000000000000e+00 1.777194000000000074e+01
9.748545500000000175e+02 0.000000000000000000e+00 1.838139999999999930e+01
9.755438799999999446e+02 0.000000000000000000e+00 1.918141999999999925e+01
9.762332800000000361e+02 0.000000000000000000e+00 2.011655000000000015e+01
9.769226099999999633e+02 0.000000000000000000e+00 2.050440000000000040e+01
9.776119400000000041e+02 0.000000000000000000e+00 2.087060999999999922e+01
9.783012099999999691e+02 0.000000000000000000e+00 2.148276999999999859e+01
9.789904800000000478e+02 0.000000000000000000e+00 2.204357999999999862e+01
9.796797500000000127e+02 0.000000000000000000e+00 2.292598999999999876e+01
9.803690199999999777e+02 0.000000000000000000e+00 2.401924999999999955e+01
9.810582299999999805e+02 0.000000000000000000e+00 2.504897000000000062e+01
9.817474399999999832e+02 0.000000000000000000e+00 2.645034000000000063e+01
9.824365800000000490e+02 0.000000000000000000e+00 2.752871000000000024e+01
9.831257299999999759e+02 0.000000000000000000e+00 2.857062000000000168e+01
9.838148800000000165e+02 0.000000000000000000e+00 2.963820000000000121e+01
9.845040299999999434e+02 0.000000000000000000e+00 3.111522000000000077e+01
9.851931200000000217e+02 0.000000000000000000e+00 3.319227999999999668e+01
9.858822000000000116e+02 0.000000000000000000e+00 3.503819000000000017e+01
9.865712899999999763e+02 0.000000000000000000e+00 3.615438999999999936e+01
9.872603100000000040e+02 0.000000000000000000e+00 3.725845999999999947e+01
9.879493400000000065e+02 0.000000000000000000e+00 3.846791000000000338e+01
9.886383700000000090e+02 0.000000000000000000e+00 3.935166999999999859e+01
9.893273299999999608e+02 0.000000000000000000e+00 3.991114000000000317e+01
9.900163000000000011e+02 0.000000000000000000e+00 4.024354999999999905e+01
9.907052599999999529e+02 0.000000000000000000e+00 4.073277999999999821e+01
9.913941700000000310e+02 0.000000000000000000e+00 4.120844000000000307e+01
9.920830700000000206e+02 0.000000000000000000e+00 4.133545999999999765e+01
9.927719700000000103e+02 0.000000000000000000e+00 4.151653999999999911e+01
9.934608799999999746e+02 0.000000000000000000e+00 4.110848000000000013e+01
9.941497200000000021e+02 0.000000000000000000e+00 4.078276999999999930e+01
9.948385600000000295e+02 0.000000000000000000e+00 4.018816999999999950e+01
9.955273399999999810e+02 0.000000000000000000e+00 3.952736999999999767e+01
9.962161300000000210e+02 0.000000000000000000e+00 3.880442000000000036e+01
9.969049099999999726e+02 0.000000000000000000e+00 3.761522000000000077e+01
9.975936900000000378e+02 0.000000000000000000e+00 3.673143999999999920e+01
9.982824100000000271e+02 0.000000000000000000e+00 3.581927000000000305e+01
9.989711300000000165e+02 0.000000000000000000e+00 3.493688000000000216e+01
9.996597900000000436e+02 0.000000000000000000e+00 3.328549999999999898e+01
1.000348449999999957e+03 0.000000000000000000e+00 3.196519999999999939e+01
1.001037109999999984e+03 0.000000000000000000e+00 3.056250000000000000e+01
1.001725770000000011e+03 0.000000000000000000e+00 2.924356999999999829e+01
1.002414369999999963e+03 0.000000000000000000e+00 2.820299999999999940e+01
1.003102970000000028e+03 0.000000000000000000e+00 2.711112999999999928e+01
1.003791560000000004e+03 0.000000000000000000e+00 2.618818999999999875e+01
1.004480099999999993e+03 0.000000000000000000e+00 2.513953000000000060e+01
1.005168639999999982e+03 0.000000000000000000e+00 2.402195999999999998e+01
1.005857179999999971e+03 0.000000000000000000e+00 2.297062000000000026e+01
1.006545650000000023e+03 0.000000000000000000e+00 2.217194999999999894e+01
1.007234130000000050e+03 0.000000000000000000e+00 2.107463999999999871e+01
1.007922609999999963e+03 0.000000000000000000e+00 2.015709000000000017e+01
1.008611020000000053e+03 0.000000000000000000e+00 1.920439000000000007e+01
1.009299440000000004e+03 0.000000000000000000e+00 1.855307000000000173e+01
1.009987849999999980e+03 0.000000000000000000e+00 1.801792000000000016e+01
1.010676270000000045e+03 0.000000000000000000e+00 1.708010000000000161e+01
1.011364619999999945e+03 0.000000000000000000e+00 1.681252999999999886e+01
1.012052919999999972e+03 0.000000000000000000e+00 1.630302999999999969e+01
1.012741269999999986e+03 0.000000000000000000e+00 1.624355999999999867e+01
1.013429570000000012e+03 0.000000000000000000e+00 1.580843999999999916e+01
1.014117859999999951e+03 0.000000000000000000e+00 1.532062999999999953e+01
1.014806090000000040e+03 0.000000000000000000e+00 1.485842000000000063e+01
1.015494320000000016e+03 0.000000000000000000e+00 1.439221000000000039e+01
1.016182559999999967e+03 0.000000000000000000e+00 1.398409999999999975e+01
1.016870790000000056e+03 0.000000000000000000e+00 1.367193999999999932e+01
1.017558959999999956e+03 0.000000000000000000e+00 1.354491999999999940e+01
1.018247129999999970e+03 0.000000000000000000e+00 1.340573999999999977e+01
1.018935240000000022e+03 0.000000000000000000e+00 1.318412999999999968e+01
1.019623349999999959e+03 0.000000000000000000e+00 1.324629000000000012e+01
1.020311460000000011e+03 0.000000000000000000e+00 1.318144999999999989e+01
1.020999569999999949e+03 0.000000000000000000e+00 1.305438999999999972e+01
1.021687620000000038e+03 0.000000000000000000e+00 1.273141000000000034e+01
1.022375670000000014e+03 0.000000000000000000e+00 1.269766000000000084e+01
1.023063719999999989e+03 0.000000000000000000e+00 1.278683000000000014e+01
1.023751710000000003e+03 0.000000000000000000e+00 1.268279000000000067e+01
1.024439699999999903e+03 0.000000000000000000e+00 1.263415999999999961e+01
1.025127690000000030e+03 0.000000000000000000e+00 1.262601000000000084e+01
1.025815550000000030e+03 0.000000000000000000e+00 1.292603000000000080e+01
1.026503539999999930e+03 0.000000000000000000e+00 1.288681000000000054e+01
1.027191409999999905e+03 0.000000000000000000e+00 1.318004999999999960e+01
1.027879269999999906e+03 0.000000000000000000e+00 1.385305999999999926e+01
1.028567140000000109e+03 0.000000000000000000e+00 1.446523000000000003e+01
1.029255000000000109e+03 0.000000000000000000e+00 1.466253999999999991e+01
1.029942870000000084e+03 0.000000000000000000e+00 1.495575999999999972e+01
1.030630619999999908e+03 0.000000000000000000e+00 1.505169000000000068e+01
1.031318479999999909e+03 0.000000000000000000e+00 1.549493000000000009e+01
1.032006229999999960e+03 0.000000000000000000e+00 1.560712000000000010e+01
1.032693970000000036e+03 0.000000000000000000e+00 1.606118999999999986e+01
1.033381710000000112e+03 0.000000000000000000e+00 1.634224000000000032e+01
1.034069340000000011e+03 0.000000000000000000e+00 1.670168999999999926e+01
1.034757080000000087e+03 0.000000000000000000e+00 1.719896999999999920e+01
1.035444700000000012e+03 0.000000000000000000e+00 1.786252999999999957e+01
1.036132319999999936e+03 0.000000000000000000e+00 1.853009000000000128e+01
1.036820069999999987e+03 0.000000000000000000e+00 1.912465999999999866e+01
1.037507569999999987e+03 0.000000000000000000e+00 1.941115999999999886e+01
1.038195189999999911e+03 0.000000000000000000e+00 1.966250000000000142e+01
1.038882810000000063e+03 0.000000000000000000e+00 1.998004999999999853e+01
1.039570310000000063e+03 0.000000000000000000e+00 2.004898000000000025e+01
1.040257810000000063e+03 0.000000000000000000e+00 2.011653000000000091e+01
1.040945310000000063e+03 0.000000000000000000e+00 1.998545999999999978e+01
1.041632810000000063e+03 0.000000000000000000e+00 1.993684999999999974e+01
1.042320310000000063e+03 0.000000000000000000e+00 2.019225000000000136e+01
1.043007689999999911e+03 0.000000000000000000e+00 1.986656999999999940e+01
1.043695189999999911e+03 0.000000000000000000e+00 1.964630000000000010e+01
1.044382569999999987e+03 0.000000000000000000e+00 1.923546999999999940e+01
1.045069950000000063e+03 0.000000000000000000e+00 1.902872999999999948e+01
1.045757319999999936e+03 0.000000000000000000e+00 1.921522999999999826e+01
1.046444700000000012e+03 0.000000000000000000e+00 1.925035000000000096e+01
1.047131959999999935e+03 0.000000000000000000e+00 1.916115999999999886e+01
1.047819340000000011e+03 0.000000000000000000e+00 1.864496000000000109e+01
1.048506589999999960e+03 0.000000000000000000e+00 1.772739999999999938e+01
1.049193850000000111e+03 0.000000000000000000e+00 1.723010000000000019e+01
1.049881100000000060e+03 0.000000000000000000e+00 1.673145999999999844e+01
1.050568359999999984e+03 0.000000000000000000e+00 1.634631999999999863e+01
1.051255490000000009e+03 0.000000000000000000e+00 1.603006999999999849e+01
1.051942749999999933e+03 0.000000000000000000e+00 1.561921000000000070e+01
1.052629879999999957e+03 0.000000000000000000e+00 1.544487999999999950e+01
1.053317019999999957e+03 0.000000000000000000e+00 1.541113000000000000e+01
1.054004149999999981e+03 0.000000000000000000e+00 1.517332000000000036e+01
1.054691280000000006e+03 0.000000000000000000e+00 1.496114999999999995e+01
1.055378300000000081e+03 0.000000000000000000e+00 1.496653000000000056e+01
1.056065430000000106e+03 0.000000000000000000e+00 1.491385999999999967e+01
1.056752439999999979e+03 0.000000000000000000e+00 1.471382000000000012e+01
1.057439450000000079e+03 0.000000000000000000e+00 1.432465999999999973e+01
1.058126459999999952e+03 0.000000000000000000e+00 1.410575000000000045e+01
1.058813480000000027e+03 0.000000000000000000e+00 1.399358999999999931e+01
1.059500489999999900e+03 0.000000000000000000e+00 1.370034000000000063e+01
1.060187380000000076e+03 0.000000000000000000e+00 1.331251999999999924e+01
1.060874270000000024e+03 0.000000000000000000e+00 1.314361000000000068e+01
1.061561159999999973e+03 0.000000000000000000e+00 1.315304000000000073e+01
1.062248049999999921e+03 0.000000000000000000e+00 1.320171000000000028e+01
1.062934940000000097e+03 0.000000000000000000e+00 1.288279999999999959e+01
1.063621830000000045e+03 0.000000000000000000e+00 1.275437999999999938e+01
1.064308590000000095e+03 0.000000000000000000e+00 1.254090000000000060e+01
1.064995480000000043e+03 0.000000000000000000e+00 1.257330999999999932e+01
1.065682250000000067e+03 0.000000000000000000e+00 1.267736999999999981e+01
1.066369020000000091e+03 0.000000000000000000e+00 1.284085999999999927e+01
1.067055659999999989e+03 0.000000000000000000e+00 1.309088999999999992e+01
1.067742430000000013e+03 0.000000000000000000e+00 1.350980999999999987e+01
1.068429080000000113e+03 0.000000000000000000e+00 1.371114000000000033e+01
1.069115839999999935e+03 0.000000000000000000e+00 1.366245999999999938e+01
1.069802490000000034e+03 0.000000000000000000e+00 1.366924000000000028e+01
1.070489139999999907e+03 0.000000000000000000e+00 1.354088999999999920e+01
1.071175780000000032e+03 0.000000000000000000e+00 1.347199999999999953e+01
1.071862300000000005e+03 0.000000000000000000e+00 1.390037000000000056e+01
1.072548950000000104e+03 0.000000000000000000e+00 1.398548000000000080e+01
1.073235470000000078e+03 0.000000000000000000e+00 1.388547999999999938e+01
1.073922000000000025e+03 0.000000000000000000e+00 1.355709000000000053e+01
1.074608519999999999e+03 0.000000000000000000e+00 1.369627000000000017e+01
1.075295039999999972e+03 0.000000000000000000e+00 1.373681000000000019e+01
1.075981569999999920e+03 0.000000000000000000e+00 1.396519999999999939e+01
1.076667969999999968e+03 0.000000000000000000e+00 1.402060999999999957e+01
1.077354370000000017e+03 0.000000000000000000e+00 1.375036000000000058e+01
1.078040770000000066e+03 0.000000000000000000e+00 1.369492999999999938e+01
1.078727169999999887e+03 0.000000000000000000e+00 1.363143999999999956e+01
1.079413569999999936e+03 0.000000000000000000e+00 1.345439999999999969e+01
1.080099979999999960e+03 0.000000000000000000e+00 1.328815999999999953e+01
1.080786250000000109e+03 0.000000000000000000e+00 1.297735999999999912e+01
1.081472659999999905e+03 0.000000000000000000e+00 1.236518000000000050e+01
1.082158940000000030e+03 0.000000000000000000e+00 1.172733999999999988e+01
1.082845209999999952e+03 0.000000000000000000e+00 1.120839999999999925e+01
1.083531369999999924e+03 0.000000000000000000e+00 1.102871999999999986e+01
1.084217650000000049e+03 0.000000000000000000e+00 1.118276999999999965e+01
1.084903929999999946e+03 0.000000000000000000e+00 1.135979999999999990e+01
1.085590089999999918e+03 0.000000000000000000e+00 1.119492999999999938e+01
1.086276249999999891e+03 0.000000000000000000e+00 1.097602000000000011e+01
1.086962399999999889e+03 0.000000000000000000e+00 1.066788999999999987e+01
1.087648560000000089e+03 0.000000000000000000e+00 1.048678999999999917e+01
1.088334589999999935e+03 0.000000000000000000e+00 1.015708000000000055e+01
1.089020749999999907e+03 0.000000000000000000e+00 1.001248000000000005e+01
1.089706789999999955e+03 0.000000000000000000e+00 9.728699999999999903e+00
1.090392820000000029e+03 0.000000000000000000e+00 9.574650000000000105e+00
1.091078860000000077e+03 0.000000000000000000e+00 9.448990000000000222e+00
1.091764889999999923e+03 0.000000000000000000e+00 9.078689999999999927e+00
1.092450810000000047e+03 0.000000000000000000e+00 9.050330000000000652e+00
1.093136839999999893e+03 0.000000000000000000e+00 9.086809999999999832e+00
1.093822750000000042e+03 0.000000000000000000e+00 9.135479999999999379e+00
1.094508669999999938e+03 0.000000000000000000e+00 8.870639999999999858e+00
1.095194580000000087e+03 0.000000000000000000e+00 8.646309999999999718e+00
1.095880490000000009e+03 0.000000000000000000e+00 8.615220000000000766e+00
1.096566409999999905e+03 0.000000000000000000e+00 8.743589999999999307e+00
1.097252199999999903e+03 0.000000000000000000e+00 9.198990000000000222e+00
1.097937989999999900e+03 0.000000000000000000e+00 9.493560000000000443e+00
1.098623779999999897e+03 0.000000000000000000e+00 9.580049999999999955e+00
1.099309569999999894e+03 0.000000000000000000e+00 9.835480000000000445e+00
1.099995359999999891e+03 0.000000000000000000e+00 9.653059999999999974e+00
1.100681149999999889e+03 0.000000000000000000e+00 9.234109999999999374e+00
1.101366819999999962e+03 0.000000000000000000e+00 8.894920000000000826e+00
1.102052490000000034e+03 0.000000000000000000e+00 8.743600000000000705e+00
1.102738160000000107e+03 0.000000000000000000e+00 9.327329999999999899e+00
1.103423829999999953e+03 0.000000000000000000e+00 9.970560000000000755e+00
1.104109500000000025e+03 0.000000000000000000e+00 1.038543999999999912e+01
1.104795170000000098e+03 0.000000000000000000e+00 1.081384000000000079e+01
1.105480710000000045e+03 0.000000000000000000e+00 1.123413000000000039e+01
1.106166259999999966e+03 0.000000000000000000e+00 1.179086999999999996e+01
1.106851809999999887e+03 0.000000000000000000e+00 1.232334999999999958e+01
1.107537350000000060e+03 0.000000000000000000e+00 1.276252999999999993e+01
1.108222899999999981e+03 0.000000000000000000e+00 1.344224999999999959e+01
1.108908449999999903e+03 0.000000000000000000e+00 1.372193000000000040e+01
1.109593869999999924e+03 0.000000000000000000e+00 1.413277000000000072e+01
1.110279299999999921e+03 0.000000000000000000e+00 1.448007999999999917e+01
1.110964719999999943e+03 0.000000000000000000e+00 1.490844000000000058e+01
1.111650149999999940e+03 0.000000000000000000e+00 1.547466999999999970e+01
1.112335569999999962e+03 0.000000000000000000e+00 1.637193999999999861e+01
1.113020999999999958e+03 0.000000000000000000e+00 1.746516000000000091e+01
1.113706300000000056e+03 0.000000000000000000e+00 1.818141999999999925e+01
1.114391599999999926e+03 0.000000000000000000e+00 1.893006000000000100e+01
1.115076900000000023e+03 0.000000000000000000e+00 1.940168999999999855e+01
1.115762210000000096e+03 0.000000000000000000e+00 2.029492000000000118e+01
1.116447509999999966e+03 0.000000000000000000e+00 2.126657000000000153e+01
1.117132689999999911e+03 0.000000000000000000e+00 2.203680999999999912e+01
1.117817990000000009e+03 0.000000000000000000e+00 2.273411000000000115e+01
1.118503169999999955e+03 0.000000000000000000e+00 2.380437999999999832e+01
1.119188349999999900e+03 0.000000000000000000e+00 2.484761999999999915e+01
1.119873540000000048e+03 0.000000000000000000e+00 2.557467000000000112e+01
1.120558590000000095e+03 0.000000000000000000e+00 2.617331000000000074e+01
1.121243770000000040e+03 0.000000000000000000e+00 2.722062999999999988e+01
1.121928830000000062e+03 0.000000000000000000e+00 2.837061999999999884e+01
1.122613890000000083e+03 0.000000000000000000e+00 2.941654000000000124e+01
1.123298950000000104e+03 0.000000000000000000e+00 3.028951999999999956e+01
1.123984009999999898e+03 0.000000000000000000e+00 3.066788999999999987e+01
1.124669069999999920e+03 0.000000000000000000e+00 3.126792999999999978e+01
1.125354000000000042e+03 0.000000000000000000e+00 3.185576000000000008e+01
1.126039060000000063e+03 0.000000000000000000e+00 3.207869999999999777e+01
1.126723999999999933e+03 0.000000000000000000e+00 3.263275999999999755e+01
1.127408940000000030e+03 0.000000000000000000e+00 3.295846999999999838e+01
1.128093869999999924e+03 0.000000000000000000e+00 3.314627999999999730e+01
1.128778690000000097e+03 0.000000000000000000e+00 3.297061999999999671e+01
1.129463619999999992e+03 0.000000000000000000e+00 3.351516999999999769e+01
1.130148439999999937e+03 0.000000000000000000e+00 3.385978999999999672e+01
1.130833249999999907e+03 0.000000000000000000e+00 3.404762999999999806e+01
1.131518070000000080e+03 0.000000000000000000e+00 3.396520999999999901e+01
1.132202880000000050e+03 0.000000000000000000e+00 3.412330999999999648e+01
1.132887699999999995e+03 0.000000000000000000e+00 3.409631999999999863e+01
1.133572390000000041e+03 0.000000000000000000e+00 3.395846999999999838e+01
1.134257080000000087e+03 0.000000000000000000e+00 3.358140000000000214e+01
1.134941769999999906e+03 0.000000000000000000e+00 3.321925999999999846e+01
1.135626459999999952e+03 0.000000000000000000e+00 3.336516999999999911e+01
1.136311159999999973e+03 0.000000000000000000e+00 3.325979999999999848e+01
1.136995850000000019e+03 0.000000000000000000e+00 3.320438999999999652e+01
1.137680419999999913e+03 0.000000000000000000e+00 3.264896000000000242e+01
1.138364990000000034e+03 0.000000000000000000e+00 3.241248999999999825e+01
1.139049559999999929e+03 0.000000000000000000e+00 3.195168999999999926e+01
1.139734130000000050e+03 0.000000000000000000e+00 3.175843000000000060e+01
1.140418699999999944e+03 0.000000000000000000e+00 3.099221999999999966e+01
1.141103149999999914e+03 0.000000000000000000e+00 3.027603999999999829e+01
1.141787720000000036e+03 0.000000000000000000e+00 2.962061999999999884e+01
1.142472170000000006e+03 0.000000000000000000e+00 2.916390000000000171e+01
1.143156619999999975e+03 0.000000000000000000e+00 2.894359000000000037e+01
1.143841059999999970e+03 0.000000000000000000e+00 2.869492999999999938e+01
1.144525509999999940e+03 0.000000000000000000e+00 2.877064999999999984e+01
1.145209839999999986e+03 0.000000000000000000e+00 2.904627999999999943e+01
1.145894289999999955e+03 0.000000000000000000e+00 2.947735000000000127e+01
1.146578610000000026e+03 0.000000000000000000e+00 2.965841999999999956e+01
1.147262940000000071e+03 0.000000000000000000e+00 2.961655999999999977e+01
1.147947269999999889e+03 0.000000000000000000e+00 2.930307000000000173e+01
1.148631470000000036e+03 0.000000000000000000e+00 2.955846000000000018e+01
1.149315800000000081e+03 0.000000000000000000e+00 2.943007000000000062e+01
1.150000000000000000e+03 0.000000000000000000e+00 2.939086999999999961e+01
1.150684199999999919e+03 0.000000000000000000e+00 2.916787000000000063e+01
1.151368410000000040e+03 0.000000000000000000e+00 2.909894999999999854e+01
1.152052609999999959e+03 0.000000000000000000e+00 2.938543999999999912e+01
1.152736820000000080e+03 0.000000000000000000e+00 2.993274999999999864e+01
1.153420900000000074e+03 0.000000000000000000e+00 3.020167999999999964e+01
1.154104980000000069e+03 0.000000000000000000e+00 2.992736000000000018e+01
1.154789060000000063e+03 0.000000000000000000e+00 2.957735999999999876e+01
1.155473140000000058e+03 0.000000000000000000e+00 2.932463999999999871e+01
1.156157230000000027e+03 0.000000000000000000e+00 2.887734999999999985e+01
1.156841310000000021e+03 0.000000000000000000e+00 2.875300999999999974e+01
1.157525270000000091e+03 0.000000000000000000e+00 2.844629000000000119e+01
1.158209229999999934e+03 0.000000000000000000e+00 2.828414000000000073e+01
1.158893190000000004e+03 0.000000000000000000e+00 2.800847999999999871e+01
1.159577150000000074e+03 0.000000000000000000e+00 2.797058000000000177e+01
1.160261109999999917e+03 0.000000000000000000e+00 2.774625999999999948e+01
1.160945069999999987e+03 0.000000000000000000e+00 2.729765000000000086e+01
1.161628909999999905e+03 0.000000000000000000e+00 2.679494000000000042e+01
1.162312740000000076e+03 0.000000000000000000e+00 2.619763999999999982e+01
1.162996579999999994e+03 0.000000000000000000e+00 2.550573999999999941e+01
1.163680419999999913e+03 0.000000000000000000e+00 2.495438000000000045e+01
1.164364260000000058e+03 0.000000000000000000e+00 2.470848000000000155e+01
1.165047970000000078e+03 0.000000000000000000e+00 2.465981000000000023e+01
1.165731809999999996e+03 0.000000000000000000e+00 2.456654999999999944e+01
1.166415529999999990e+03 0.000000000000000000e+00 2.418677999999999884e+01
1.167099240000000009e+03 0.000000000000000000e+00 2.365436000000000050e+01
1.167782840000000078e+03 0.000000000000000000e+00 2.312327000000000155e+01
1.168466550000000097e+03 0.000000000000000000e+00 2.267597999999999914e+01
1.169150270000000091e+03 0.000000000000000000e+00 2.203682999999999836e+01
1.169833859999999959e+03 0.000000000000000000e+00 2.130168000000000106e+01
1.170517460000000028e+03 0.000000000000000000e+00 2.063680000000000092e+01
1.171201049999999896e+03 0.000000000000000000e+00 2.013139999999999930e+01
1.171884639999999990e+03 0.000000000000000000e+00 1.982462999999999909e+01
1.172568119999999908e+03 0.000000000000000000e+00 1.952871999999999986e+01
1.173251710000000003e+03 0.000000000000000000e+00 1.940571999999999875e+01
1.173935179999999946e+03 0.000000000000000000e+00 1.943684000000000012e+01
1.174618649999999889e+03 0.000000000000000000e+00 1.893683000000000050e+01
1.175302120000000059e+03 0.000000000000000000e+00 1.851116999999999990e+01
1.175985599999999977e+03 0.000000000000000000e+00 1.822334000000000032e+01
1.176668949999999995e+03 0.000000000000000000e+00 1.793684999999999974e+01
1.177352419999999938e+03 0.000000000000000000e+00 1.761927999999999983e+01
1.178035769999999957e+03 0.000000000000000000e+00 1.749493999999999971e+01
1.178719119999999975e+03 0.000000000000000000e+00 1.754355999999999938e+01
1.179402469999999994e+03 0.000000000000000000e+00 1.745441999999999894e+01
1.180085690000000113e+03 0.000000000000000000e+00 1.739630000000000010e+01
1.180769039999999904e+03 0.000000000000000000e+00 1.729496999999999929e+01
1.181452269999999999e+03 0.000000000000000000e+00 1.710980999999999952e+01
1.182135500000000093e+03 0.000000000000000000e+00 1.687466999999999828e+01
1.182818729999999960e+03 0.000000000000000000e+00 1.681654999999999944e+01
1.183501950000000079e+03 0.000000000000000000e+00 1.673548999999999864e+01
1.184185179999999946e+03 0.000000000000000000e+00 1.677737000000000123e+01
1.184868289999999888e+03 0.000000000000000000e+00 1.680441000000000074e+01
1.185551390000000083e+03 0.000000000000000000e+00 1.680575999999999937e+01
1.186234500000000025e+03 0.000000000000000000e+00 1.678952999999999918e+01
1.186917599999999993e+03 0.000000000000000000e+00 1.693821000000000154e+01
1.187600709999999935e+03 0.000000000000000000e+00 1.662737999999999872e+01
1.188283809999999903e+03 0.000000000000000000e+00 1.657867999999999853e+01
1.188966799999999921e+03 0.000000000000000000e+00 1.626519000000000048e+01
1.189649779999999964e+03 0.000000000000000000e+00 1.632601000000000013e+01
1.190332760000000007e+03 0.000000000000000000e+00 1.631521000000000043e+01
1.191015750000000025e+03 0.000000000000000000e+00 1.630170999999999992e+01
1.191698730000000069e+03 0.000000000000000000e+00 1.630303999999999931e+01
1.192381589999999960e+03 0.000000000000000000e+00 1.621387999999999963e+01
1.193064579999999978e+03 0.000000000000000000e+00 1.591793999999999976e+01
1.193747440000000097e+03 0.000000000000000000e+00 1.539223999999999926e+01
1.194430299999999988e+03 0.000000000000000000e+00 1.519899000000000022e+01
1.195113160000000107e+03 0.000000000000000000e+00 1.516926999999999914e+01
1.195795900000000074e+03 0.000000000000000000e+00 1.510171000000000063e+01
1.196478759999999966e+03 0.000000000000000000e+00 1.520575999999999972e+01
1.197161499999999933e+03 0.000000000000000000e+00 1.555306000000000033e+01
1.197844239999999900e+03 0.000000000000000000e+00 1.579223999999999961e+01
1.198526980000000094e+03 0.000000000000000000e+00 1.590301999999999971e+01
1.199209720000000061e+03 0.000000000000000000e+00 1.555166999999999966e+01
1.199892329999999902e+03 0.000000000000000000e+00 1.485307000000000066e+01
1.200575070000000096e+03 0.000000000000000000e+00 1.424897999999999954e+01
1.201257689999999911e+03 0.000000000000000000e+00 1.415033999999999992e+01
1.201940309999999954e+03 0.000000000000000000e+00 1.409220000000000006e+01
1.202622920000000022e+03 0.000000000000000000e+00 1.387465000000000082e+01
1.203305540000000065e+03 0.000000000000000000e+00 1.383549000000000007e+01
1.203988039999999955e+03 0.000000000000000000e+00 1.354494000000000042e+01
1.204670650000000023e+03 0.000000000000000000e+00 1.333009000000000022e+01
1.205353149999999914e+03 0.000000000000000000e+00 1.304087999999999958e+01
1.206035640000000058e+03 0.000000000000000000e+00 1.289361000000000068e+01
1.206718139999999948e+03 0.000000000000000000e+00 1.286926000000000059e+01
1.207400509999999940e+03 0.000000000000000000e+00 1.252464999999999939e+01
1.208083010000000058e+03 0.000000000000000000e+00 1.205171999999999954e+01
1.208765380000000050e+03 0.000000000000000000e+00 1.142332999999999998e+01
1.209447750000000042e+03 0.000000000000000000e+00 1.131658999999999970e+01
1.210130130000000008e+03 0.000000000000000000e+00 1.120306000000000068e+01
1.210812500000000000e+03 0.000000000000000000e+00 1.095979999999999954e+01
1.211494750000000067e+03 0.000000000000000000e+00 1.095574000000000048e+01
1.212177120000000059e+03 0.000000000000000000e+00 1.102196999999999960e+01
1.212859380000000101e+03 0.000000000000000000e+00 1.110302000000000078e+01
1.213541629999999941e+03 0.000000000000000000e+00 1.117465999999999937e+01
1.214223880000000008e+03 0.000000000000000000e+00 1.079762000000000022e+01
1.214906009999999924e+03 0.000000000000000000e+00 1.026113999999999926e+01
1.215588259999999991e+03 0.000000000000000000e+00 9.765200000000000102e+00
1.216270389999999907e+03 0.000000000000000000e+00 9.996249999999999858e+00
1.216952510000000075e+03 0.000000000000000000e+00 1.023138999999999932e+01
1.217634639999999990e+03 0.000000000000000000e+00 1.029898999999999987e+01
1.218316769999999906e+03 0.000000000000000000e+00 1.011386000000000074e+01
1.218998900000000049e+03 0.000000000000000000e+00 9.871969999999999246e+00
1.219680910000000040e+03 0.000000000000000000e+00 9.784140000000000725e+00
1.220363039999999955e+03 0.000000000000000000e+00 9.871990000000000265e+00
1.221045039999999972e+03 0.000000000000000000e+00 9.819269999999999499e+00
1.221727049999999963e+03 0.000000000000000000e+00 9.608439999999999870e+00
1.222408940000000030e+03 0.000000000000000000e+00 9.566560000000000841e+00
1.223090940000000046e+03 0.000000000000000000e+00 9.716559999999999420e+00
1.223772830000000113e+03 0.000000000000000000e+00 9.784110000000000085e+00
1.224454709999999977e+03 0.000000000000000000e+00 9.161129999999999995e+00
1.225136600000000044e+03 0.000000000000000000e+00 8.904389999999999361e+00
1.225818479999999909e+03 0.000000000000000000e+00 8.631439999999999557e+00
1.226500369999999975e+03 0.000000000000000000e+00 8.443609999999999616e+00
1.227182129999999916e+03 0.000000000000000000e+00 8.384149999999999991e+00
1.227864010000000007e+03 0.000000000000000000e+00 8.465220000000000411e+00
1.228545779999999922e+03 0.000000000000000000e+00 8.440879999999999939e+00
1.229227540000000090e+03 0.000000000000000000e+00 8.266550000000000509e+00
1.229909180000000106e+03 0.000000000000000000e+00 7.981449999999999712e+00
1.230590940000000046e+03 0.000000000000000000e+00 8.070610000000000284e+00
1.231272580000000062e+03 0.000000000000000000e+00 8.269239999999999924e+00
1.231954349999999977e+03 0.000000000000000000e+00 8.036830000000000140e+00
1.232635989999999993e+03 0.000000000000000000e+00 7.965220000000000411e+00
1.233317630000000008e+03 0.000000000000000000e+00 7.751669999999999838e+00
1.233999150000000100e+03 0.000000000000000000e+00 7.638130000000000308e+00
1.234680789999999888e+03 0.000000000000000000e+00 7.439490000000000158e+00
1.235362300000000005e+03 0.000000000000000000e+00 7.473290000000000433e+00
1.236043820000000096e+03 0.000000000000000000e+00 7.782770000000000188e+00
1.236725339999999960e+03 0.000000000000000000e+00 8.262499999999999289e+00
1.237406860000000052e+03 0.000000000000000000e+00 8.344910000000000494e+00
1.238088379999999916e+03 0.000000000000000000e+00 8.108449999999999491e+00
1.238769780000000083e+03 0.000000000000000000e+00 8.127340000000000231e+00
1.239451170000000047e+03 0.000000000000000000e+00 8.259779999999999234e+00
1.240132569999999987e+03 0.000000000000000000e+00 8.343579999999999330e+00
1.240813959999999952e+03 0.000000000000000000e+00 8.227399999999999380e+00
1.241495359999999891e+03 0.000000000000000000e+00 8.004429999999999268e+00
1.242176760000000058e+03 0.000000000000000000e+00 7.826019999999999754e+00
1.242858030000000099e+03 0.000000000000000000e+00 7.712489999999999846e+00
1.243539309999999887e+03 0.000000000000000000e+00 7.661159999999999748e+00
1.244220579999999927e+03 0.000000000000000000e+00 8.061180000000000234e+00
1.244901859999999942e+03 0.000000000000000000e+00 8.273339999999999250e+00
1.245583129999999983e+03 0.000000000000000000e+00 8.276049999999999685e+00
1.246264280000000099e+03 0.000000000000000000e+00 8.071939999999999671e+00
1.246945429999999988e+03 0.000000000000000000e+00 7.986839999999999939e+00
1.247626590000000078e+03 0.000000000000000000e+00 8.194950000000000401e+00
1.248307739999999967e+03 0.000000000000000000e+00 8.771919999999999717e+00
1.248988890000000083e+03 0.000000000000000000e+00 9.034110000000000085e+00
1.249670039999999972e+03 0.000000000000000000e+00 9.178720000000000212e+00
1.250351069999999936e+03 0.000000000000000000e+00 9.125999999999999446e+00
1.251032099999999900e+03 0.000000000000000000e+00 9.276030000000000442e+00
1.251713130000000092e+03 0.000000000000000000e+00 9.540889999999999205e+00
1.252394170000000031e+03 0.000000000000000000e+00 9.859799999999999898e+00
1.253075199999999995e+03 0.000000000000000000e+00 1.050572999999999979e+01
1.253756100000000060e+03 0.000000000000000000e+00 1.098415999999999926e+01
1.254437130000000025e+03 0.000000000000000000e+00 1.103280999999999956e+01
1.255118040000000065e+03 0.000000000000000000e+00 1.098413000000000039e+01
1.255798950000000104e+03 0.000000000000000000e+00 1.128279999999999994e+01
1.256479739999999993e+03 0.000000000000000000e+00 1.176385999999999932e+01
1.257160640000000058e+03 0.000000000000000000e+00 1.208005999999999958e+01
1.257841429999999946e+03 0.000000000000000000e+00 1.237195000000000000e+01
1.258522220000000061e+03 0.000000000000000000e+00 1.250037000000000020e+01
1.259202999999999975e+03 0.000000000000000000e+00 1.258416000000000068e+01
1.259883790000000090e+03 0.000000000000000000e+00 1.294223999999999997e+01
1.260564579999999978e+03 0.000000000000000000e+00 1.347735999999999912e+01
1.261245239999999967e+03 0.000000000000000000e+00 1.414761000000000024e+01
1.261926030000000083e+03 0.000000000000000000e+00 1.437599999999999945e+01
1.262606690000000071e+03 0.000000000000000000e+00 1.452872999999999948e+01
1.263287350000000060e+03 0.000000000000000000e+00 1.462599999999999945e+01
1.263968020000000024e+03 0.000000000000000000e+00 1.472602000000000011e+01
1.264648560000000089e+03 0.000000000000000000e+00 1.499897999999999954e+01
1.265329220000000078e+03 0.000000000000000000e+00 1.524089000000000027e+01
1.266009769999999889e+03 0.000000000000000000e+00 1.524089000000000027e+01
1.266690309999999954e+03 0.000000000000000000e+00 1.551385999999999932e+01
1.267370850000000019e+03 0.000000000000000000e+00 1.572871999999999915e+01
1.268051269999999931e+03 0.000000000000000000e+00 1.601520999999999972e+01
1.268731809999999996e+03 0.000000000000000000e+00 1.599901000000000018e+01
1.269412229999999909e+03 0.000000000000000000e+00 1.620573999999999870e+01
1.270092650000000049e+03 0.000000000000000000e+00 1.646115999999999957e+01
1.270773069999999962e+03 0.000000000000000000e+00 1.673682000000000158e+01
1.271453490000000102e+03 0.000000000000000000e+00 1.695031000000000176e+01
1.272133910000000014e+03 0.000000000000000000e+00 1.693953000000000131e+01
1.272814210000000003e+03 0.000000000000000000e+00 1.688954999999999984e+01
1.273494509999999991e+03 0.000000000000000000e+00 1.682873999999999981e+01
1.274174800000000005e+03 0.000000000000000000e+00 1.695573999999999870e+01
1.274855099999999993e+03 0.000000000000000000e+00 1.724221000000000004e+01
1.275535399999999981e+03 0.000000000000000000e+00 1.743277000000000143e+01
1.276215580000000045e+03 0.000000000000000000e+00 1.749087000000000103e+01
1.276895870000000059e+03 0.000000000000000000e+00 1.733950000000000102e+01
1.277576049999999896e+03 0.000000000000000000e+00 1.743546999999999869e+01
1.278256229999999960e+03 0.000000000000000000e+00 1.736117000000000132e+01
1.278936279999999897e+03 0.000000000000000000e+00 1.732470999999999961e+01
1.279616459999999961e+03 0.000000000000000000e+00 1.738955999999999946e+01
1.280296509999999898e+03 0.000000000000000000e+00 1.757064000000000092e+01
1.280976560000000063e+03 0.000000000000000000e+00 1.786792000000000158e+01
1.281656739999999900e+03 0.000000000000000000e+00 1.788007999999999953e+01
1.282336669999999913e+03 0.000000000000000000e+00 1.796790999999999983e+01
1.283016720000000078e+03 0.000000000000000000e+00 1.784223000000000070e+01
1.283696779999999990e+03 0.000000000000000000e+00 1.755442000000000036e+01
1.284376710000000003e+03 0.000000000000000000e+00 1.750712000000000046e+01
1.285056640000000016e+03 0.000000000000000000e+00 1.745439000000000007e+01
1.285736570000000029e+03 0.000000000000000000e+00 1.750439000000000078e+01
1.286416500000000042e+03 0.000000000000000000e+00 1.709496000000000038e+01
1.287096309999999903e+03 0.000000000000000000e+00 1.672600999999999871e+01
1.287776249999999891e+03 0.000000000000000000e+00 1.643950999999999851e+01
1.288456050000000005e+03 0.000000000000000000e+00 1.640303000000000111e+01
1.289135860000000093e+03 0.000000000000000000e+00 1.619222999999999857e+01
1.289815669999999955e+03 0.000000000000000000e+00 1.601387000000000072e+01
1.290495359999999891e+03 0.000000000000000000e+00 1.578548999999999936e+01
1.291175169999999980e+03 0.000000000000000000e+00 1.580306000000000033e+01
1.291854859999999917e+03 0.000000000000000000e+00 1.585032999999999959e+01
1.292534550000000081e+03 0.000000000000000000e+00 1.573681999999999981e+01
1.293214230000000043e+03 0.000000000000000000e+00 1.539628000000000085e+01
1.293893919999999980e+03 0.000000000000000000e+00 1.526922000000000068e+01
1.294573489999999993e+03 0.000000000000000000e+00 1.479626999999999981e+01
1.295253169999999955e+03 0.000000000000000000e+00 1.457057999999999964e+01
1.295932739999999967e+03 0.000000000000000000e+00 1.452734000000000059e+01
1.296612300000000005e+03 0.000000000000000000e+00 1.456382999999999939e+01
1.297291870000000017e+03 0.000000000000000000e+00 1.428951999999999956e+01
1.297971309999999903e+03 0.000000000000000000e+00 1.366924999999999990e+01
1.298650879999999916e+03 0.000000000000000000e+00 1.327603000000000044e+01
1.299330320000000029e+03 0.000000000000000000e+00 1.306385000000000041e+01
1.300009769999999889e+03 0.000000000000000000e+00 1.298949999999999960e+01
1.300689210000000003e+03 0.000000000000000000e+00 1.308949999999999925e+01
1.301368649999999889e+03 0.000000000000000000e+00 1.270170000000000066e+01
1.302047970000000078e+03 0.000000000000000000e+00 1.240437999999999974e+01
1.302727290000000039e+03 0.000000000000000000e+00 1.198009000000000057e+01
1.303406739999999900e+03 0.000000000000000000e+00 1.180033000000000065e+01
1.304085939999999937e+03 0.000000000000000000e+00 1.158816999999999986e+01
1.304765259999999898e+03 0.000000000000000000e+00 1.162598999999999982e+01
1.305444580000000087e+03 0.000000000000000000e+00 1.145979999999999954e+01
1.306123779999999897e+03 0.000000000000000000e+00 1.114626999999999946e+01
1.306802979999999934e+03 0.000000000000000000e+00 1.073009000000000057e+01
1.307482299999999896e+03 0.000000000000000000e+00 1.037198000000000064e+01
1.308161380000000008e+03 0.000000000000000000e+00 1.025306999999999924e+01
1.308840580000000045e+03 0.000000000000000000e+00 9.769280000000000186e+00
1.309519780000000083e+03 0.000000000000000000e+00 9.884109999999999729e+00
1.310198849999999993e+03 0.000000000000000000e+00 9.950329999999999231e+00
1.310877930000000106e+03 0.000000000000000000e+00 1.000305000000000000e+01
1.311557009999999991e+03 0.000000000000000000e+00 9.536870000000000402e+00
1.312236079999999902e+03 0.000000000000000000e+00 9.180110000000000881e+00
1.312915040000000090e+03 0.000000000000000000e+00 9.031430000000000291e+00
1.313594119999999975e+03 0.000000000000000000e+00 8.634130000000000749e+00
1.314273069999999962e+03 0.000000000000000000e+00 8.284129999999999328e+00
1.314952029999999922e+03 0.000000000000000000e+00 8.019239999999999924e+00
1.315630979999999909e+03 0.000000000000000000e+00 8.077320000000000277e+00
1.316309809999999970e+03 0.000000000000000000e+00 8.347599999999999909e+00
1.316988769999999931e+03 0.000000000000000000e+00 8.432769999999999655e+00
1.317667599999999993e+03 0.000000000000000000e+00 8.051650000000000418e+00
1.318346440000000030e+03 0.000000000000000000e+00 7.820599999999999774e+00
1.319025270000000091e+03 0.000000000000000000e+00 7.681390000000000384e+00
1.319704099999999926e+03 0.000000000000000000e+00 7.343569999999999709e+00
1.320382810000000063e+03 0.000000000000000000e+00 7.259789999999999743e+00
1.321061519999999973e+03 0.000000000000000000e+00 7.474669999999999703e+00
1.321740360000000010e+03 0.000000000000000000e+00 7.378739999999999633e+00
1.322419069999999920e+03 0.000000000000000000e+00 7.178740000000000343e+00
1.323097659999999905e+03 0.000000000000000000e+00 6.853069999999999773e+00
1.323776370000000043e+03 0.000000000000000000e+00 6.920630000000000059e+00
1.324454960000000028e+03 0.000000000000000000e+00 6.934140000000000192e+00
1.325133669999999938e+03 0.000000000000000000e+00 7.061139999999999972e+00
1.325812259999999924e+03 0.000000000000000000e+00 6.686819999999999986e+00
1.326490720000000010e+03 0.000000000000000000e+00 6.515200000000000102e+00
1.327169309999999996e+03 0.000000000000000000e+00 6.136840000000000295e+00
1.327847899999999981e+03 0.000000000000000000e+00 6.023290000000000255e+00
1.328526370000000043e+03 0.000000000000000000e+00 5.666570000000000107e+00
1.329204829999999902e+03 0.000000000000000000e+00 5.823330000000000339e+00
1.329883299999999963e+03 0.000000000000000000e+00 5.896289999999999587e+00
1.330561770000000024e+03 0.000000000000000000e+00 5.948990000000000222e+00
1.331240109999999959e+03 0.000000000000000000e+00 6.077379999999999782e+00
1.331918580000000020e+03 0.000000000000000000e+00 6.094949999999999868e+00
1.332596919999999955e+03 0.000000000000000000e+00 5.920600000000000307e+00
1.333275270000000091e+03 0.000000000000000000e+00 5.738170000000000215e+00
1.333953610000000026e+03 0.000000000000000000e+00 5.634109999999999729e+00
1.334631840000000011e+03 0.000000000000000000e+00 5.432789999999999786e+00
1.335310179999999946e+03 0.000000000000000000e+00 5.370569999999999844e+00
1.335988399999999956e+03 0.000000000000000000e+00 5.247589999999999755e+00
1.336666629999999941e+03 0.000000000000000000e+00 5.071950000000000180e+00
1.337344849999999951e+03 0.000000000000000000e+00 4.858460000000000001e+00
1.338022950000000037e+03 0.000000000000000000e+00 4.943590000000000373e+00
1.338701170000000047e+03 0.000000000000000000e+00 5.035479999999999734e+00
1.339379269999999906e+03 0.000000000000000000e+00 5.066539999999999822e+00
1.340057369999999992e+03 0.000000000000000000e+00 5.108439999999999870e+00
1.340735470000000078e+03 0.000000000000000000e+00 4.793560000000000265e+00
1.341413569999999936e+03 0.000000000000000000e+00 4.465180000000000149e+00
1.342091550000000097e+03 0.000000000000000000e+00 4.300340000000000273e+00
1.342769649999999956e+03 0.000000000000000000e+00 4.269230000000000302e+00
1.343447629999999890e+03 0.000000000000000000e+00 4.388150000000000439e+00
1.344125610000000052e+03 0.000000000000000000e+00 4.367869999999999919e+00
1.344803589999999986e+03 0.000000000000000000e+00 4.239519999999999733e+00
1.345481449999999995e+03 0.000000000000000000e+00 4.340889999999999915e+00
1.346159419999999955e+03 0.000000000000000000e+00 4.170650000000000190e+00
1.346837279999999964e+03 0.000000000000000000e+00 3.907090000000000174e+00
1.347515139999999974e+03 0.000000000000000000e+00 3.886829999999999785e+00
1.348192990000000009e+03 0.000000000000000000e+00 3.980069999999999997e+00
1.348870850000000019e+03 0.000000000000000000e+00 3.482779999999999987e+00
1.349548579999999902e+03 0.000000000000000000e+00 3.390890000000000182e+00
1.350226319999999987e+03 0.000000000000000000e+00 3.398979999999999890e+00
1.350904170000000022e+03 0.000000000000000000e+00 3.755739999999999856e+00
1.351581789999999955e+03 0.000000000000000000e+00 3.955709999999999837e+00
1.352259520000000066e+03 0.000000000000000000e+00 3.674619999999999997e+00
1.352937259999999924e+03 0.000000000000000000e+00 3.059759999999999813e+00
1.353614870000000110e+03 0.000000000000000000e+00 2.593570000000000153e+00
1.354292480000000069e+03 0.000000000000000000e+00 2.520610000000000017e+00
1.354970090000000027e+03 0.000000000000000000e+00 2.477360000000000007e+00
1.355647709999999961e+03 0.000000000000000000e+00 2.671969999999999956e+00
1.356325319999999920e+03 0.000000000000000000e+00 2.809779999999999944e+00
1.357002809999999954e+03 0.000000000000000000e+00 2.581409999999999982e+00
1.357680299999999988e+03 0.000000000000000000e+00 2.211149999999999949e+00
1.358357790000000023e+03 0.000000000000000000e+00 2.216520000000000046e+00
1.359035280000000057e+03 0.000000000000000000e+00 2.324619999999999909e+00
1.359712770000000091e+03 0.000000000000000000e+00 2.646259999999999835e+00
1.360390139999999974e+03 0.000000000000000000e+00 2.413860000000000117e+00
1.361067630000000008e+03 0.000000000000000000e+00 1.840899999999999981e+00
1.361744999999999891e+03 0.000000000000000000e+00 1.623320000000000096e+00
1.362422360000000026e+03 0.000000000000000000e+00 1.776010000000000089e+00
1.363099609999999984e+03 0.000000000000000000e+00 1.967929999999999957e+00
1.363776980000000094e+03 0.000000000000000000e+00 2.159800000000000164e+00
1.364454220000000078e+03 0.000000000000000000e+00 2.150339999999999918e+00
1.365131470000000036e+03 0.000000000000000000e+00 1.994939999999999936e+00
1.365808719999999994e+03 0.000000000000000000e+00 1.786829999999999918e+00
1.366485959999999977e+03 0.000000000000000000e+00 1.761139999999999928e+00
1.367163209999999935e+03 0.000000000000000000e+00 1.701689999999999925e+00
1.367840329999999994e+03 0.000000000000000000e+00 1.720590000000000064e+00
