9.306945799999999736e+02 0.000000000000000000e+00 3.538650000000000073e+00
9.313851899999999659e+02 0.000000000000000000e+00 3.784580000000000055e+00
9.320757399999999961e+02 0.000000000000000000e+00 3.746760000000000090e+00
9.327663000000000011e+02 0.000000000000000000e+00 3.706189999999999873e+00
9.334568500000000313e+02 0.000000000000000000e+00 3.304860000000000131e+00
9.341473999999999478e+02 0.000000000000000000e+00 2.957580000000000098e+00
9.348378900000000158e+02 0.000000000000000000e+00 2.768359999999999932e+00
9.355283799999999701e+02 0.000000000000000000e+00 2.469700000000000006e+00
9.362188700000000381e+02 0.000000000000000000e+00 2.368360000000000021e+00
9.369093000000000302e+02 0.000000000000000000e+00 2.453489999999999949e+00
9.375997300000000223e+02 0.000000000000000000e+00 2.623790000000000067e+00
9.382901600000000144e+02 0.000000000000000000e+00 2.954870000000000108e+00
9.389805300000000443e+02 0.000000000000000000e+00 2.984589999999999854e+00
9.396708999999999605e+02 0.000000000000000000e+00 2.795409999999999950e+00
9.403612699999999904e+02 0.000000000000000000e+00 2.538590000000000124e+00
9.410515699999999697e+02 0.000000000000000000e+00 2.668309999999999960e+00
9.417418800000000374e+02 0.000000000000000000e+00 2.825110000000000010e+00
9.424321899999999914e+02 0.000000000000000000e+00 2.821070000000000189e+00
9.431224999999999454e+02 0.000000000000000000e+00 2.592690000000000161e+00
9.438127399999999625e+02 0.000000000000000000e+00 2.273740000000000094e+00
9.445029899999999543e+02 0.000000000000000000e+00 2.229140000000000121e+00
9.451931799999999839e+02 0.000000000000000000e+00 2.650749999999999940e+00
9.458833600000000388e+02 0.000000000000000000e+00 3.241350000000000176e+00
9.465735499999999547e+02 0.000000000000000000e+00 3.356240000000000112e+00
9.472637300000000096e+02 0.000000000000000000e+00 3.352170000000000094e+00
9.479538599999999633e+02 0.000000000000000000e+00 3.153519999999999879e+00
9.486439800000000560e+02 0.000000000000000000e+00 3.225099999999999856e+00
9.493341100000000097e+02 0.000000000000000000e+00 3.000779999999999781e+00
9.500241700000000264e+02 0.000000000000000000e+00 3.114329999999999821e+00
9.507142300000000432e+02 0.000000000000000000e+00 3.281880000000000130e+00
9.514043000000000347e+02 0.000000000000000000e+00 3.557560000000000056e+00
9.520943600000000515e+02 0.000000000000000000e+00 3.469730000000000203e+00
9.527843599999999924e+02 0.000000000000000000e+00 3.638650000000000162e+00
9.534743700000000217e+02 0.000000000000000000e+00 4.040000000000000036e+00
9.541643100000000004e+02 0.000000000000000000e+00 4.458899999999999864e+00
9.548542499999999791e+02 0.000000000000000000e+00 4.827829999999999622e+00
9.555441899999999578e+02 0.000000000000000000e+00 5.234589999999999854e+00
9.562341300000000501e+02 0.000000000000000000e+00 5.468359999999999665e+00
9.569240099999999529e+02 0.000000000000000000e+00 6.125149999999999650e+00
9.576138899999999694e+02 0.000000000000000000e+00 6.998099999999999987e+00
9.583037699999999859e+02 0.000000000000000000e+00 7.945409999999999862e+00
9.589935900000000402e+02 0.000000000000000000e+00 8.483200000000000074e+00
9.596834099999999808e+02 0.000000000000000000e+00 8.766980000000000217e+00
9.603731699999999591e+02 0.000000000000000000e+00 9.225120000000000431e+00
9.610629900000000134e+02 0.000000000000000000e+00 9.698100000000000165e+00
9.617527499999999918e+02 0.000000000000000000e+00 1.038594999999999935e+01
9.624424999999999955e+02 0.000000000000000000e+00 1.101026000000000060e+01
9.631322000000000116e+02 0.000000000000000000e+00 1.168323999999999963e+01
9.638219000000000278e+02 0.000000000000000000e+00 1.265217999999999954e+01
9.645116000000000440e+02 0.000000000000000000e+00 1.350754000000000055e+01
9.652012300000000096e+02 0.000000000000000000e+00 1.430622999999999934e+01
9.658908699999999499e+02 0.000000000000000000e+00 1.504133000000000031e+01
9.665805100000000039e+02 0.000000000000000000e+00 1.562104000000000070e+01
9.672701399999999694e+02 0.000000000000000000e+00 1.634674000000000049e+01
9.679597199999999475e+02 0.000000000000000000e+00 1.691836999999999946e+01
9.686492899999999509e+02 0.000000000000000000e+00 1.752243999999999957e+01
9.693388700000000426e+02 0.000000000000000000e+00 1.839945000000000164e+01
9.700283799999999701e+02 0.000000000000000000e+00 1.923188999999999993e+01
9.707178999999999860e+02 0.000000000000000000e+00 1.967782000000000053e+01
9.714073499999999513e+02 0.000000000000000000e+00 2.006156999999999968e+01
9.720968599999999924e+02 0.000000000000000000e+00 2.047915000000000063e+01
9.727863200000000461e+02 0.000000000000000000e+00 2.088322000000000145e+01
9.734757100000000491e+02 0.000000000000000000e+00 2.124402999999999864e+01
9.741651600000000144e+02 0.000000000000000000e+00 2.180753999999999948e+01
9.748545500000000175e+02 0.000000000000000000e+00 2.240212000000000003e+01
9.755438799999999446e+02 0.000000000000000000e+00 2.321699999999999875e+01
9.762332800000000361e+02 0.000000000000000000e+00 2.385078999999999994e+01
9.769226099999999633e+02 0.000000000000000000e+00 2.471431000000000111e+01
9.776119400000000041e+02 0.000000000000000000e+00 2.534676999999999936e+01
9.783012099999999691e+02 0.000000000000000000e+00 2.643997999999999848e+01
9.789904800000000478e+02 0.000000000000000000e+00 2.741161999999999921e+01
9.796797500000000127e+02 0.000000000000000000e+00 2.841836999999999946e+01
9.803690199999999777e+02 0.000000000000000000e+00 2.980621999999999971e+01
9.810582299999999805e+02 0.000000000000000000e+00 3.132917000000000129e+01
9.817474399999999832e+02 0.000000000000000000e+00 3.289809999999999945e+01
9.824365800000000490e+02 0.000000000000000000e+00 3.428591999999999729e+01
9.831257299999999759e+02 0.000000000000000000e+00 3.567784000000000333e+01
9.838148800000000165e+02 0.000000000000000000e+00 3.731967999999999819e+01
9.845040299999999434e+02 0.000000000000000000e+00 3.900348000000000326e+01
9.851931200000000217e+02 0.000000000000000000e+00 4.093189000000000277e+01
9.858822000000000116e+02 0.000000000000000000e+00 4.269266999999999967e+01
9.865712899999999763e+02 0.000000000000000000e+00 4.414809999999999945e+01
9.872603100000000040e+02 0.000000000000000000e+00 4.589809999999999945e+01
9.879493400000000065e+02 0.000000000000000000e+00 4.757650999999999897e+01
9.886383700000000090e+02 0.000000000000000000e+00 4.940758000000000294e+01
9.893273299999999608e+02 0.000000000000000000e+00 5.071162999999999954e+01
9.900163000000000011e+02 0.000000000000000000e+00 5.187785000000000224e+01
9.907052599999999529e+02 0.000000000000000000e+00 5.276431999999999789e+01
9.913941700000000310e+02 0.000000000000000000e+00 5.312107000000000312e+01
9.920830700000000206e+02 0.000000000000000000e+00 5.366700999999999766e+01
9.927719700000000103e+02 0.000000000000000000e+00 5.352918999999999983e+01
9.934608799999999746e+02 0.000000000000000000e+00 5.327380999999999744e+01
9.941497200000000021e+02 0.000000000000000000e+00 5.305216999999999672e+01
9.948385600000000295e+02 0.000000000000000000e+00 5.264674999999999727e+01
9.955273399999999810e+02 0.000000000000000000e+00 5.207376000000000005e+01
9.962161300000000210e+02 0.000000000000000000e+00 5.102917999999999665e+01
9.969049099999999726e+02 0.000000000000000000e+00 4.957784000000000191e+01
9.975936900000000378e+02 0.000000000000000000e+00 4.779540000000000077e+01
9.982824100000000271e+02 0.000000000000000000e+00 4.589267000000000252e+01
9.989711300000000165e+02 0.000000000000000000e+00 4.465753999999999735e+01
9.996597900000000436e+02 0.000000000000000000e+00 4.313322000000000145e+01
1.000348449999999957e+03 0.000000000000000000e+00 4.153054000000000201e+01
1.001037109999999984e+03 0.000000000000000000e+00 3.978050999999999959e+01
1.001725770000000011e+03 0.000000000000000000e+00 3.808187000000000211e+01
1.002414369999999963e+03 0.000000000000000000e+00 3.657511000000000223e+01
1.003102970000000028e+03 0.000000000000000000e+00 3.511972999999999701e+01
1.003791560000000004e+03 0.000000000000000000e+00 3.382645999999999731e+01
1.004480099999999993e+03 0.000000000000000000e+00 3.216566999999999865e+01
1.005168639999999982e+03 0.000000000000000000e+00 3.071027000000000129e+01
1.005857179999999971e+03 0.000000000000000000e+00 2.954402999999999935e+01
1.006545650000000023e+03 0.000000000000000000e+00 2.862512999999999863e+01
1.007234130000000050e+03 0.000000000000000000e+00 2.767783000000000015e+01
1.007922609999999963e+03 0.000000000000000000e+00 2.673998999999999882e+01
1.008611020000000053e+03 0.000000000000000000e+00 2.608729999999999905e+01
1.009299440000000004e+03 0.000000000000000000e+00 2.540756999999999977e+01
1.009987849999999980e+03 0.000000000000000000e+00 2.431566000000000116e+01
1.010676270000000045e+03 0.000000000000000000e+00 2.327783000000000158e+01
1.011364619999999945e+03 0.000000000000000000e+00 2.208456999999999937e+01
1.012052919999999972e+03 0.000000000000000000e+00 2.132648000000000010e+01
1.012741269999999986e+03 0.000000000000000000e+00 2.058053999999999917e+01
1.013429570000000012e+03 0.000000000000000000e+00 2.001432000000000144e+01
1.014117859999999951e+03 0.000000000000000000e+00 1.957647000000000048e+01
1.014806090000000040e+03 0.000000000000000000e+00 1.918321999999999861e+01
1.015494320000000016e+03 0.000000000000000000e+00 1.834404999999999930e+01
1.016182559999999967e+03 0.000000000000000000e+00 1.753999999999999915e+01
1.016870790000000056e+03 0.000000000000000000e+00 1.735892000000000124e+01
1.017558959999999956e+03 0.000000000000000000e+00 1.717374999999999829e+01
1.018247129999999970e+03 0.000000000000000000e+00 1.685485999999999862e+01
1.018935240000000022e+03 0.000000000000000000e+00 1.644676000000000116e+01
1.019623349999999959e+03 0.000000000000000000e+00 1.636567000000000149e+01
1.020311460000000011e+03 0.000000000000000000e+00 1.625354000000000099e+01
1.020999569999999949e+03 0.000000000000000000e+00 1.611567000000000149e+01
1.021687620000000038e+03 0.000000000000000000e+00 1.593998000000000026e+01
1.022375670000000014e+03 0.000000000000000000e+00 1.589268000000000036e+01
1.023063719999999989e+03 0.000000000000000000e+00 1.606566000000000116e+01
1.023751710000000003e+03 0.000000000000000000e+00 1.608997000000000099e+01
1.024439699999999903e+03 0.000000000000000000e+00 1.603866000000000014e+01
1.025127690000000030e+03 0.000000000000000000e+00 1.606430999999999898e+01
1.025815550000000030e+03 0.000000000000000000e+00 1.617377000000000109e+01
1.026503539999999930e+03 0.000000000000000000e+00 1.619941999999999993e+01
1.027191409999999905e+03 0.000000000000000000e+00 1.640484000000000009e+01
1.027879269999999906e+03 0.000000000000000000e+00 1.667917999999999878e+01
1.028567140000000109e+03 0.000000000000000000e+00 1.730892000000000053e+01
1.029255000000000109e+03 0.000000000000000000e+00 1.783862999999999843e+01
1.029942870000000084e+03 0.000000000000000000e+00 1.821698999999999913e+01
1.030630619999999908e+03 0.000000000000000000e+00 1.839405000000000001e+01
1.031318479999999909e+03 0.000000000000000000e+00 1.916159999999999997e+01
1.032006229999999960e+03 0.000000000000000000e+00 1.994268999999999892e+01
1.032693970000000036e+03 0.000000000000000000e+00 2.041565999999999903e+01
1.033381710000000112e+03 0.000000000000000000e+00 2.081296000000000035e+01
1.034069340000000011e+03 0.000000000000000000e+00 2.113591999999999871e+01
1.034757080000000087e+03 0.000000000000000000e+00 2.159808999999999912e+01
1.035444700000000012e+03 0.000000000000000000e+00 2.186431999999999931e+01
1.036132319999999936e+03 0.000000000000000000e+00 2.250623999999999825e+01
1.036820069999999987e+03 0.000000000000000000e+00 2.296838999999999942e+01
1.037507569999999987e+03 0.000000000000000000e+00 2.358053999999999917e+01
1.038195189999999911e+03 0.000000000000000000e+00 2.384001999999999910e+01
1.038882810000000063e+03 0.000000000000000000e+00 2.434945000000000093e+01
1.039570310000000063e+03 0.000000000000000000e+00 2.464808000000000021e+01
1.040257810000000063e+03 0.000000000000000000e+00 2.476700999999999908e+01
1.040945310000000063e+03 0.000000000000000000e+00 2.480076000000000036e+01
1.041632810000000063e+03 0.000000000000000000e+00 2.489265999999999934e+01
1.042320310000000063e+03 0.000000000000000000e+00 2.480620000000000047e+01
1.043007689999999911e+03 0.000000000000000000e+00 2.468996999999999886e+01
1.043695189999999911e+03 0.000000000000000000e+00 2.469809000000000054e+01
1.044382569999999987e+03 0.000000000000000000e+00 2.457781999999999911e+01
1.045069950000000063e+03 0.000000000000000000e+00 2.407107999999999848e+01
1.045757319999999936e+03 0.000000000000000000e+00 2.384675999999999974e+01
1.046444700000000012e+03 0.000000000000000000e+00 2.360891000000000162e+01
1.047131959999999935e+03 0.000000000000000000e+00 2.314270000000000138e+01
1.047819340000000011e+03 0.000000000000000000e+00 2.259543000000000035e+01
1.048506589999999960e+03 0.000000000000000000e+00 2.218192000000000164e+01
1.049193850000000111e+03 0.000000000000000000e+00 2.201028000000000162e+01
1.049881100000000060e+03 0.000000000000000000e+00 2.134809999999999874e+01
1.050568359999999984e+03 0.000000000000000000e+00 2.066428000000000154e+01
1.051255490000000009e+03 0.000000000000000000e+00 2.018590999999999980e+01
1.051942749999999933e+03 0.000000000000000000e+00 1.996431000000000111e+01
1.052629879999999957e+03 0.000000000000000000e+00 1.948591000000000051e+01
1.053317019999999957e+03 0.000000000000000000e+00 1.906161000000000172e+01
1.054004149999999981e+03 0.000000000000000000e+00 1.837918000000000163e+01
1.054691280000000006e+03 0.000000000000000000e+00 1.775891000000000020e+01
1.055378300000000081e+03 0.000000000000000000e+00 1.737243000000000137e+01
1.056065430000000106e+03 0.000000000000000000e+00 1.708052999999999955e+01
1.056752439999999979e+03 0.000000000000000000e+00 1.672375999999999863e+01
1.057439450000000079e+03 0.000000000000000000e+00 1.657507999999999981e+01
1.058126459999999952e+03 0.000000000000000000e+00 1.632104999999999961e+01
1.058813480000000027e+03 0.000000000000000000e+00 1.633594000000000079e+01
1.059500489999999900e+03 0.000000000000000000e+00 1.621433000000000035e+01
1.060187380000000076e+03 0.000000000000000000e+00 1.583191000000000059e+01
1.060874270000000024e+03 0.000000000000000000e+00 1.555216000000000065e+01
1.061561159999999973e+03 0.000000000000000000e+00 1.506431000000000076e+01
1.062248049999999921e+03 0.000000000000000000e+00 1.488458999999999932e+01
1.062934940000000097e+03 0.000000000000000000e+00 1.522108000000000061e+01
1.063621830000000045e+03 0.000000000000000000e+00 1.551568999999999932e+01
1.064308590000000095e+03 0.000000000000000000e+00 1.569405000000000072e+01
1.064995480000000043e+03 0.000000000000000000e+00 1.556157999999999930e+01
1.065682250000000067e+03 0.000000000000000000e+00 1.547917999999999950e+01
1.066369020000000091e+03 0.000000000000000000e+00 1.533187999999999995e+01
1.067055659999999989e+03 0.000000000000000000e+00 1.531565999999999939e+01
1.067742430000000013e+03 0.000000000000000000e+00 1.542108999999999952e+01
1.068429080000000113e+03 0.000000000000000000e+00 1.569403999999999932e+01
1.069115839999999935e+03 0.000000000000000000e+00 1.563185999999999964e+01
1.069802490000000034e+03 0.000000000000000000e+00 1.543997000000000064e+01
1.070489139999999907e+03 0.000000000000000000e+00 1.530077999999999960e+01
1.071175780000000032e+03 0.000000000000000000e+00 1.549268000000000001e+01
1.071862300000000005e+03 0.000000000000000000e+00 1.581296000000000035e+01
1.072548950000000104e+03 0.000000000000000000e+00 1.610349000000000075e+01
1.073235470000000078e+03 0.000000000000000000e+00 1.660755999999999943e+01
1.073922000000000025e+03 0.000000000000000000e+00 1.681839000000000084e+01
1.074608519999999999e+03 0.000000000000000000e+00 1.668729000000000084e+01
1.075295039999999972e+03 0.000000000000000000e+00 1.614539999999999864e+01
1.075981569999999920e+03 0.000000000000000000e+00 1.580888999999999989e+01
1.076667969999999968e+03 0.000000000000000000e+00 1.559268999999999927e+01
1.077354370000000017e+03 0.000000000000000000e+00 1.555481999999999942e+01
1.078040770000000066e+03 0.000000000000000000e+00 1.522375000000000078e+01
1.078727169999999887e+03 0.000000000000000000e+00 1.499674000000000085e+01
1.079413569999999936e+03 0.000000000000000000e+00 1.477242000000000033e+01
1.080099979999999960e+03 0.000000000000000000e+00 1.443191000000000024e+01
1.080786250000000109e+03 0.000000000000000000e+00 1.404813000000000045e+01
1.081472659999999905e+03 0.000000000000000000e+00 1.378326999999999991e+01
1.082158940000000030e+03 0.000000000000000000e+00 1.382515000000000072e+01
1.082845209999999952e+03 0.000000000000000000e+00 1.355352000000000068e+01
1.083531369999999924e+03 0.000000000000000000e+00 1.329538999999999938e+01
1.084217650000000049e+03 0.000000000000000000e+00 1.287241000000000035e+01
1.084903929999999946e+03 0.000000000000000000e+00 1.250350000000000072e+01
1.085590089999999918e+03 0.000000000000000000e+00 1.219674999999999976e+01
1.086276249999999891e+03 0.000000000000000000e+00 1.175478999999999985e+01
1.086962399999999889e+03 0.000000000000000000e+00 1.154674999999999940e+01
1.087648560000000089e+03 0.000000000000000000e+00 1.154946999999999946e+01
1.088334589999999935e+03 0.000000000000000000e+00 1.127917000000000058e+01
1.089020749999999907e+03 0.000000000000000000e+00 1.100756999999999941e+01
1.089706789999999955e+03 0.000000000000000000e+00 1.074540000000000006e+01
1.090392820000000029e+03 0.000000000000000000e+00 1.087644000000000055e+01
1.091078860000000077e+03 0.000000000000000000e+00 1.110210999999999970e+01
1.091764889999999923e+03 0.000000000000000000e+00 1.104133000000000031e+01
1.092450810000000047e+03 0.000000000000000000e+00 1.080617999999999945e+01
1.093136839999999893e+03 0.000000000000000000e+00 1.071702999999999939e+01
1.093822750000000042e+03 0.000000000000000000e+00 1.078861000000000026e+01
1.094508669999999938e+03 0.000000000000000000e+00 1.068729000000000084e+01
1.095194580000000087e+03 0.000000000000000000e+00 1.047913999999999923e+01
1.095880490000000009e+03 0.000000000000000000e+00 1.032778000000000063e+01
1.096566409999999905e+03 0.000000000000000000e+00 1.038729000000000013e+01
1.097252199999999903e+03 0.000000000000000000e+00 1.033591999999999977e+01
1.097937989999999900e+03 0.000000000000000000e+00 1.010618999999999978e+01
1.098623779999999897e+03 0.000000000000000000e+00 1.007240999999999964e+01
1.099309569999999894e+03 0.000000000000000000e+00 1.012514000000000003e+01
1.099995359999999891e+03 0.000000000000000000e+00 1.036298000000000030e+01
1.100681149999999889e+03 0.000000000000000000e+00 1.053730000000000011e+01
1.101366819999999962e+03 0.000000000000000000e+00 1.089947000000000088e+01
1.102052490000000034e+03 0.000000000000000000e+00 1.128863999999999912e+01
1.102738160000000107e+03 0.000000000000000000e+00 1.172784000000000049e+01
1.103423829999999953e+03 0.000000000000000000e+00 1.219807999999999915e+01
1.104109500000000025e+03 0.000000000000000000e+00 1.234270000000000067e+01
1.104795170000000098e+03 0.000000000000000000e+00 1.233187999999999995e+01
1.105480710000000045e+03 0.000000000000000000e+00 1.229268000000000072e+01
1.106166259999999966e+03 0.000000000000000000e+00 1.236026000000000025e+01
1.106851809999999887e+03 0.000000000000000000e+00 1.273590000000000089e+01
1.107537350000000060e+03 0.000000000000000000e+00 1.320350000000000001e+01
1.108222899999999981e+03 0.000000000000000000e+00 1.364539000000000080e+01
1.108908449999999903e+03 0.000000000000000000e+00 1.432239000000000040e+01
1.109593869999999924e+03 0.000000000000000000e+00 1.516699000000000019e+01
1.110279299999999921e+03 0.000000000000000000e+00 1.580617999999999945e+01
1.110964719999999943e+03 0.000000000000000000e+00 1.646292000000000044e+01
1.111650149999999940e+03 0.000000000000000000e+00 1.691563000000000017e+01
1.112335569999999962e+03 0.000000000000000000e+00 1.747647999999999868e+01
1.113020999999999958e+03 0.000000000000000000e+00 1.827916000000000096e+01
1.113706300000000056e+03 0.000000000000000000e+00 1.943053000000000097e+01
1.114391599999999926e+03 0.000000000000000000e+00 2.024270999999999887e+01
1.115076900000000023e+03 0.000000000000000000e+00 2.098599000000000103e+01
1.115762210000000096e+03 0.000000000000000000e+00 2.166704999999999970e+01
1.116447509999999966e+03 0.000000000000000000e+00 2.275214000000000070e+01
1.117132689999999911e+03 0.000000000000000000e+00 2.394810000000000016e+01
1.117817990000000009e+03 0.000000000000000000e+00 2.487648000000000081e+01
1.118503169999999955e+03 0.000000000000000000e+00 2.564267999999999859e+01
1.119188349999999900e+03 0.000000000000000000e+00 2.629401000000000010e+01
1.119873540000000048e+03 0.000000000000000000e+00 2.714403000000000077e+01
1.120558590000000095e+03 0.000000000000000000e+00 2.822648999999999830e+01
1.121243770000000040e+03 0.000000000000000000e+00 2.904944000000000059e+01
1.121928830000000062e+03 0.000000000000000000e+00 2.991019999999999968e+01
1.122613890000000083e+03 0.000000000000000000e+00 3.079938999999999893e+01
1.123298950000000104e+03 0.000000000000000000e+00 3.153862000000000165e+01
1.123984009999999898e+03 0.000000000000000000e+00 3.238998999999999739e+01
1.124669069999999920e+03 0.000000000000000000e+00 3.320620999999999867e+01
1.125354000000000042e+03 0.000000000000000000e+00 3.370620000000000260e+01
1.126039060000000063e+03 0.000000000000000000e+00 3.418189999999999884e+01
1.126723999999999933e+03 0.000000000000000000e+00 3.467107000000000028e+01
1.127408940000000030e+03 0.000000000000000000e+00 3.513732999999999862e+01
1.128093869999999924e+03 0.000000000000000000e+00 3.539540999999999826e+01
1.128778690000000097e+03 0.000000000000000000e+00 3.544001999999999697e+01
1.129463619999999992e+03 0.000000000000000000e+00 3.554540000000000077e+01
1.130148439999999937e+03 0.000000000000000000e+00 3.590080999999999989e+01
1.130833249999999907e+03 0.000000000000000000e+00 3.632238999999999862e+01
1.131518070000000080e+03 0.000000000000000000e+00 3.650213000000000108e+01
1.132202880000000050e+03 0.000000000000000000e+00 3.645618000000000336e+01
1.132887699999999995e+03 0.000000000000000000e+00 3.640890000000000271e+01
1.133572390000000041e+03 0.000000000000000000e+00 3.622646000000000299e+01
1.134257080000000087e+03 0.000000000000000000e+00 3.599537999999999727e+01
1.134941769999999906e+03 0.000000000000000000e+00 3.565079999999999671e+01
1.135626459999999952e+03 0.000000000000000000e+00 3.568323000000000178e+01
1.136311159999999973e+03 0.000000000000000000e+00 3.572917999999999950e+01
1.136995850000000019e+03 0.000000000000000000e+00 3.548049999999999926e+01
1.137680419999999913e+03 0.000000000000000000e+00 3.496968999999999994e+01
1.138364990000000034e+03 0.000000000000000000e+00 3.404401000000000010e+01
1.139049559999999929e+03 0.000000000000000000e+00 3.383729000000000298e+01
1.139734130000000050e+03 0.000000000000000000e+00 3.317916000000000309e+01
1.140418699999999944e+03 0.000000000000000000e+00 3.267779999999999774e+01
1.141103149999999914e+03 0.000000000000000000e+00 3.197510000000000119e+01
1.141787720000000036e+03 0.000000000000000000e+00 3.128052999999999884e+01
1.142472170000000006e+03 0.000000000000000000e+00 3.058999999999999986e+01
1.143156619999999975e+03 0.000000000000000000e+00 2.999401999999999902e+01
1.143841059999999970e+03 0.000000000000000000e+00 2.977915000000000134e+01
1.144525509999999940e+03 0.000000000000000000e+00 2.947239000000000075e+01
1.145209839999999986e+03 0.000000000000000000e+00 2.987509999999999977e+01
1.145894289999999955e+03 0.000000000000000000e+00 3.030756999999999834e+01
1.146578610000000026e+03 0.000000000000000000e+00 3.041161999999999921e+01
1.147262940000000071e+03 0.000000000000000000e+00 3.080350999999999928e+01
1.147947269999999889e+03 0.000000000000000000e+00 3.099400999999999939e+01
1.148631470000000036e+03 0.000000000000000000e+00 3.098322999999999894e+01
1.149315800000000081e+03 0.000000000000000000e+00 3.097917999999999950e+01
1.150000000000000000e+03 0.000000000000000000e+00 3.083462000000000103e+01
1.150684199999999919e+03 0.000000000000000000e+00 3.092918999999999841e+01
1.151368410000000040e+03 0.000000000000000000e+00 3.105349999999999966e+01
1.152052609999999959e+03 0.000000000000000000e+00 3.117916999999999916e+01
1.152736820000000080e+03 0.000000000000000000e+00 3.123323999999999856e+01
1.153420900000000074e+03 0.000000000000000000e+00 3.134538999999999831e+01
1.154104980000000069e+03 0.000000000000000000e+00 3.146565999999999974e+01
1.154789060000000063e+03 0.000000000000000000e+00 3.152918999999999983e+01
1.155473140000000058e+03 0.000000000000000000e+00 3.175485000000000113e+01
1.156157230000000027e+03 0.000000000000000000e+00 3.206837000000000160e+01
1.156841310000000021e+03 0.000000000000000000e+00 3.216566000000000258e+01
1.157525270000000091e+03 0.000000000000000000e+00 3.188049000000000177e+01
1.158209229999999934e+03 0.000000000000000000e+00 3.156158999999999892e+01
1.158893190000000004e+03 0.000000000000000000e+00 3.131162000000000134e+01
1.159577150000000074e+03 0.000000000000000000e+00 3.082781999999999911e+01
1.160261109999999917e+03 0.000000000000000000e+00 3.065078000000000102e+01
1.160945069999999987e+03 0.000000000000000000e+00 3.022916999999999987e+01
1.161628909999999905e+03 0.000000000000000000e+00 2.973188000000000031e+01
1.162312740000000076e+03 0.000000000000000000e+00 2.899944999999999951e+01
1.162996579999999994e+03 0.000000000000000000e+00 2.841702000000000083e+01
1.163680419999999913e+03 0.000000000000000000e+00 2.811973000000000056e+01
1.164364260000000058e+03 0.000000000000000000e+00 2.796293999999999969e+01
1.165047970000000078e+03 0.000000000000000000e+00 2.746432000000000073e+01
1.165731809999999996e+03 0.000000000000000000e+00 2.683727999999999980e+01
1.166415529999999990e+03 0.000000000000000000e+00 2.602647999999999939e+01
1.167099240000000009e+03 0.000000000000000000e+00 2.563187999999999889e+01
1.167782840000000078e+03 0.000000000000000000e+00 2.547106000000000137e+01
1.168466550000000097e+03 0.000000000000000000e+00 2.492920000000000158e+01
1.169150270000000091e+03 0.000000000000000000e+00 2.447917999999999950e+01
1.169833859999999959e+03 0.000000000000000000e+00 2.402786000000000044e+01
1.170517460000000028e+03 0.000000000000000000e+00 2.352514000000000038e+01
1.171201049999999896e+03 0.000000000000000000e+00 2.283323000000000036e+01
1.171884639999999990e+03 0.000000000000000000e+00 2.249268999999999963e+01
1.172568119999999908e+03 0.000000000000000000e+00 2.203865000000000052e+01
1.173251710000000003e+03 0.000000000000000000e+00 2.172376999999999825e+01
1.173935179999999946e+03 0.000000000000000000e+00 2.119540999999999897e+01
1.174618649999999889e+03 0.000000000000000000e+00 2.068865999999999872e+01
1.175302120000000059e+03 0.000000000000000000e+00 2.025619000000000014e+01
1.175985599999999977e+03 0.000000000000000000e+00 1.994401999999999830e+01
1.176668949999999995e+03 0.000000000000000000e+00 1.963456000000000046e+01
1.177352419999999938e+03 0.000000000000000000e+00 1.907782999999999873e+01
1.178035769999999957e+03 0.000000000000000000e+00 1.880482999999999905e+01
1.178719119999999975e+03 0.000000000000000000e+00 1.863186999999999927e+01
1.179402469999999994e+03 0.000000000000000000e+00 1.863459999999999894e+01
1.180085690000000113e+03 0.000000000000000000e+00 1.876970000000000027e+01
1.180769039999999904e+03 0.000000000000000000e+00 1.857378999999999891e+01
1.181452269999999999e+03 0.000000000000000000e+00 1.828593000000000046e+01
1.182135500000000093e+03 0.000000000000000000e+00 1.816161999999999921e+01
1.182818729999999960e+03 0.000000000000000000e+00 1.775352000000000174e+01
1.183501950000000079e+03 0.000000000000000000e+00 1.733729999999999905e+01
1.184185179999999946e+03 0.000000000000000000e+00 1.688728000000000051e+01
1.184868289999999888e+03 0.000000000000000000e+00 1.648592999999999975e+01
1.185551390000000083e+03 0.000000000000000000e+00 1.640078000000000102e+01
1.186234500000000025e+03 0.000000000000000000e+00 1.638862999999999914e+01
1.186917599999999993e+03 0.000000000000000000e+00 1.640484000000000009e+01
1.187600709999999935e+03 0.000000000000000000e+00 1.628592000000000084e+01
1.188283809999999903e+03 0.000000000000000000e+00 1.570620000000000083e+01
1.188966799999999921e+03 0.000000000000000000e+00 1.555350999999999928e+01
1.189649779999999964e+03 0.000000000000000000e+00 1.559132999999999925e+01
1.190332760000000007e+03 0.000000000000000000e+00 1.575623000000000040e+01
1.191015750000000025e+03 0.000000000000000000e+00 1.588596000000000075e+01
1.191698730000000069e+03 0.000000000000000000e+00 1.572241999999999962e+01
1.192381589999999960e+03 0.000000000000000000e+00 1.556704000000000043e+01
1.193064579999999978e+03 0.000000000000000000e+00 1.541433999999999926e+01
1.193747440000000097e+03 0.000000000000000000e+00 1.528863999999999912e+01
1.194430299999999988e+03 0.000000000000000000e+00 1.525894000000000084e+01
1.195113160000000107e+03 0.000000000000000000e+00 1.514270999999999923e+01
1.195795900000000074e+03 0.000000000000000000e+00 1.469677000000000078e+01
1.196478759999999966e+03 0.000000000000000000e+00 1.448725999999999914e+01
1.197161499999999933e+03 0.000000000000000000e+00 1.426697000000000060e+01
1.197844239999999900e+03 0.000000000000000000e+00 1.427645000000000053e+01
1.198526980000000094e+03 0.000000000000000000e+00 1.415079000000000065e+01
1.199209720000000061e+03 0.000000000000000000e+00 1.416699999999999982e+01
1.199892329999999902e+03 0.000000000000000000e+00 1.391972999999999949e+01
1.200575070000000096e+03 0.000000000000000000e+00 1.382648999999999972e+01
1.201257689999999911e+03 0.000000000000000000e+00 1.320081000000000060e+01
1.201940309999999954e+03 0.000000000000000000e+00 1.264676000000000045e+01
1.202622920000000022e+03 0.000000000000000000e+00 1.239405000000000001e+01
1.203305540000000065e+03 0.000000000000000000e+00 1.240889999999999915e+01
1.203988039999999955e+03 0.000000000000000000e+00 1.219810999999999979e+01
1.204670650000000023e+03 0.000000000000000000e+00 1.189268000000000036e+01
1.205353149999999914e+03 0.000000000000000000e+00 1.164945999999999948e+01
1.206035640000000058e+03 0.000000000000000000e+00 1.161026999999999987e+01
1.206718139999999948e+03 0.000000000000000000e+00 1.152243999999999957e+01
1.207400509999999940e+03 0.000000000000000000e+00 1.135758000000000045e+01
1.208083010000000058e+03 0.000000000000000000e+00 1.123729999999999940e+01
1.208765380000000050e+03 0.000000000000000000e+00 1.087922000000000011e+01
1.209447750000000042e+03 0.000000000000000000e+00 1.102377000000000073e+01
1.210130130000000008e+03 0.000000000000000000e+00 1.089134999999999920e+01
1.210812500000000000e+03 0.000000000000000000e+00 1.052239999999999931e+01
1.211494750000000067e+03 0.000000000000000000e+00 1.026970999999999989e+01
1.212177120000000059e+03 0.000000000000000000e+00 1.011297000000000068e+01
1.212859380000000101e+03 0.000000000000000000e+00 1.008999000000000024e+01
1.213541629999999941e+03 0.000000000000000000e+00 1.014673999999999943e+01
1.214223880000000008e+03 0.000000000000000000e+00 9.949460000000000193e+00
1.214906009999999924e+03 0.000000000000000000e+00 9.379189999999999472e+00
1.215588259999999991e+03 0.000000000000000000e+00 8.794029999999999347e+00
1.216270389999999907e+03 0.000000000000000000e+00 8.608900000000000219e+00
1.216952510000000075e+03 0.000000000000000000e+00 8.714299999999999713e+00
1.217634639999999990e+03 0.000000000000000000e+00 9.031879999999999242e+00
1.218316769999999906e+03 0.000000000000000000e+00 9.053490000000000038e+00
1.218998900000000049e+03 0.000000000000000000e+00 9.035930000000000462e+00
1.219680910000000040e+03 0.000000000000000000e+00 8.938639999999999475e+00
1.220363039999999955e+03 0.000000000000000000e+00 9.004860000000000753e+00
1.221045039999999972e+03 0.000000000000000000e+00 8.739979999999999194e+00
1.221727049999999963e+03 0.000000000000000000e+00 8.745390000000000441e+00
1.222408940000000030e+03 0.000000000000000000e+00 8.567019999999999413e+00
1.223090940000000046e+03 0.000000000000000000e+00 8.521089999999999165e+00
1.223772830000000113e+03 0.000000000000000000e+00 8.249489999999999768e+00
1.224454709999999977e+03 0.000000000000000000e+00 8.214349999999999596e+00
1.225136600000000044e+03 0.000000000000000000e+00 8.173780000000000712e+00
1.225818479999999909e+03 0.000000000000000000e+00 8.007590000000000430e+00
1.226500369999999975e+03 0.000000000000000000e+00 7.673759999999999692e+00
1.227182129999999916e+03 0.000000000000000000e+00 7.618330000000000268e+00
1.227864010000000007e+03 0.000000000000000000e+00 7.393989999999999618e+00
1.228545779999999922e+03 0.000000000000000000e+00 7.354840000000000266e+00
1.229227540000000090e+03 0.000000000000000000e+00 7.260250000000000092e+00
1.229909180000000106e+03 0.000000000000000000e+00 7.299419999999999575e+00
1.230590940000000046e+03 0.000000000000000000e+00 7.427800000000000402e+00
1.231272580000000062e+03 0.000000000000000000e+00 7.265649999999999942e+00
1.231954349999999977e+03 0.000000000000000000e+00 6.696749999999999758e+00
1.232635989999999993e+03 0.000000000000000000e+00 6.614309999999999690e+00
1.233317630000000008e+03 0.000000000000000000e+00 6.506219999999999892e+00
1.233999150000000100e+03 0.000000000000000000e+00 6.456220000000000070e+00
1.234680789999999888e+03 0.000000000000000000e+00 6.514319999999999666e+00
1.235362300000000005e+03 0.000000000000000000e+00 6.850780000000000314e+00
1.236043820000000096e+03 0.000000000000000000e+00 6.941349999999999909e+00
1.236725339999999960e+03 0.000000000000000000e+00 7.137310000000000265e+00
1.237406860000000052e+03 0.000000000000000000e+00 7.067000000000000171e+00
1.238088379999999916e+03 0.000000000000000000e+00 6.917010000000000325e+00
1.238769780000000083e+03 0.000000000000000000e+00 6.781839999999999868e+00
1.239451170000000047e+03 0.000000000000000000e+00 6.708849999999999980e+00
1.240132569999999987e+03 0.000000000000000000e+00 6.664279999999999760e+00
1.240813959999999952e+03 0.000000000000000000e+00 6.780509999999999593e+00
1.241495359999999891e+03 0.000000000000000000e+00 6.858900000000000219e+00
1.242176760000000058e+03 0.000000000000000000e+00 7.127810000000000201e+00
1.242858030000000099e+03 0.000000000000000000e+00 7.346759999999999735e+00
1.243539309999999887e+03 0.000000000000000000e+00 7.503510000000000346e+00
1.244220579999999927e+03 0.000000000000000000e+00 7.615669999999999717e+00
1.244901859999999942e+03 0.000000000000000000e+00 7.291350000000000442e+00
1.245583129999999983e+03 0.000000000000000000e+00 6.775100000000000122e+00
1.246264280000000099e+03 0.000000000000000000e+00 6.560249999999999915e+00
1.246945429999999988e+03 0.000000000000000000e+00 6.684560000000000279e+00
1.247626590000000078e+03 0.000000000000000000e+00 7.030509999999999593e+00
1.248307739999999967e+03 0.000000000000000000e+00 7.453520000000000145e+00
1.248988890000000083e+03 0.000000000000000000e+00 7.869740000000000180e+00
1.249670039999999972e+03 0.000000000000000000e+00 8.021079999999999544e+00
1.250351069999999936e+03 0.000000000000000000e+00 8.062969999999999970e+00
1.251032099999999900e+03 0.000000000000000000e+00 7.891350000000000087e+00
1.251713130000000092e+03 0.000000000000000000e+00 7.971079999999999721e+00
1.252394170000000031e+03 0.000000000000000000e+00 8.035909999999999442e+00
1.253075199999999995e+03 0.000000000000000000e+00 8.271079999999999544e+00
1.253756100000000060e+03 0.000000000000000000e+00 8.637269999999999115e+00
1.254437130000000025e+03 0.000000000000000000e+00 8.960279999999999134e+00
1.255118040000000065e+03 0.000000000000000000e+00 9.226480000000000459e+00
1.255798950000000104e+03 0.000000000000000000e+00 9.419729999999999492e+00
1.256479739999999993e+03 0.000000000000000000e+00 9.711619999999999919e+00
1.257160640000000058e+03 0.000000000000000000e+00 9.979189999999999117e+00
1.257841429999999946e+03 0.000000000000000000e+00 1.006969999999999921e+01
1.258522220000000061e+03 0.000000000000000000e+00 1.004673000000000016e+01
1.259202999999999975e+03 0.000000000000000000e+00 9.915649999999999409e+00
1.259883790000000090e+03 0.000000000000000000e+00 9.857559999999999434e+00
1.260564579999999978e+03 0.000000000000000000e+00 1.023052000000000028e+01
1.261245239999999967e+03 0.000000000000000000e+00 1.059132999999999925e+01
1.261926030000000083e+03 0.000000000000000000e+00 1.091699999999999982e+01
1.262606690000000071e+03 0.000000000000000000e+00 1.124131000000000036e+01
1.263287350000000060e+03 0.000000000000000000e+00 1.149538000000000082e+01
1.263968020000000024e+03 0.000000000000000000e+00 1.176027999999999984e+01
1.264648560000000089e+03 0.000000000000000000e+00 1.211295999999999928e+01
1.265329220000000078e+03 0.000000000000000000e+00 1.238324000000000069e+01
1.266009769999999889e+03 0.000000000000000000e+00 1.236430000000000007e+01
1.266690309999999954e+03 0.000000000000000000e+00 1.249267000000000039e+01
1.267370850000000019e+03 0.000000000000000000e+00 1.257374000000000080e+01
1.268051269999999931e+03 0.000000000000000000e+00 1.255345999999999940e+01
1.268731809999999996e+03 0.000000000000000000e+00 1.266428999999999938e+01
1.269412229999999909e+03 0.000000000000000000e+00 1.274942000000000064e+01
1.270092650000000049e+03 0.000000000000000000e+00 1.294538000000000011e+01
1.270773069999999962e+03 0.000000000000000000e+00 1.296969999999999956e+01
1.271453490000000102e+03 0.000000000000000000e+00 1.302107999999999954e+01
1.272133910000000014e+03 0.000000000000000000e+00 1.299404000000000003e+01
1.272814210000000003e+03 0.000000000000000000e+00 1.320485000000000042e+01
1.273494509999999991e+03 0.000000000000000000e+00 1.334403999999999968e+01
1.274174800000000005e+03 0.000000000000000000e+00 1.334944999999999915e+01
1.274855099999999993e+03 0.000000000000000000e+00 1.311433000000000071e+01
1.275535399999999981e+03 0.000000000000000000e+00 1.294136999999999915e+01
1.276215580000000045e+03 0.000000000000000000e+00 1.311298000000000030e+01
1.276895870000000059e+03 0.000000000000000000e+00 1.336159999999999926e+01
1.277576049999999896e+03 0.000000000000000000e+00 1.361433000000000071e+01
1.278256229999999960e+03 0.000000000000000000e+00 1.346435999999999922e+01
1.278936279999999897e+03 0.000000000000000000e+00 1.327103999999999928e+01
1.279616459999999961e+03 0.000000000000000000e+00 1.321833999999999953e+01
1.280296509999999898e+03 0.000000000000000000e+00 1.325347999999999971e+01
1.280976560000000063e+03 0.000000000000000000e+00 1.292779999999999951e+01
1.281656739999999900e+03 0.000000000000000000e+00 1.270346999999999937e+01
1.282336669999999913e+03 0.000000000000000000e+00 1.282780999999999949e+01
1.283016720000000078e+03 0.000000000000000000e+00 1.317780999999999914e+01
1.283696779999999990e+03 0.000000000000000000e+00 1.321972000000000058e+01
1.284376710000000003e+03 0.000000000000000000e+00 1.294942999999999955e+01
1.285056640000000016e+03 0.000000000000000000e+00 1.263593999999999973e+01
1.285736570000000029e+03 0.000000000000000000e+00 1.241563999999999979e+01
1.286416500000000042e+03 0.000000000000000000e+00 1.234806000000000026e+01
1.287096309999999903e+03 0.000000000000000000e+00 1.220217000000000063e+01
1.287776249999999891e+03 0.000000000000000000e+00 1.231028000000000056e+01
1.288456050000000005e+03 0.000000000000000000e+00 1.236838000000000015e+01
1.289135860000000093e+03 0.000000000000000000e+00 1.232915999999999990e+01
1.289815669999999955e+03 0.000000000000000000e+00 1.219130999999999965e+01
1.290495359999999891e+03 0.000000000000000000e+00 1.181433000000000000e+01
1.291175169999999980e+03 0.000000000000000000e+00 1.163864000000000054e+01
1.291854859999999917e+03 0.000000000000000000e+00 1.154404000000000075e+01
1.292534550000000081e+03 0.000000000000000000e+00 1.164404000000000039e+01
1.293214230000000043e+03 0.000000000000000000e+00 1.158996999999999922e+01
1.293893919999999980e+03 0.000000000000000000e+00 1.126702000000000048e+01
1.294573489999999993e+03 0.000000000000000000e+00 1.099674000000000085e+01
1.295253169999999955e+03 0.000000000000000000e+00 1.084130000000000038e+01
1.295932739999999967e+03 0.000000000000000000e+00 1.079670999999999914e+01
1.296612300000000005e+03 0.000000000000000000e+00 1.047372999999999976e+01
1.297291870000000017e+03 0.000000000000000000e+00 1.012378000000000000e+01
1.297971309999999903e+03 0.000000000000000000e+00 9.860269999999999868e+00
1.298650879999999916e+03 0.000000000000000000e+00 9.445420000000000371e+00
1.299330320000000029e+03 0.000000000000000000e+00 9.192700000000000315e+00
1.300009769999999889e+03 0.000000000000000000e+00 9.133229999999999293e+00
1.300689210000000003e+03 0.000000000000000000e+00 9.329179999999999140e+00
1.301368649999999889e+03 0.000000000000000000e+00 9.269719999999999516e+00
1.302047970000000078e+03 0.000000000000000000e+00 9.388650000000000162e+00
1.302727290000000039e+03 0.000000000000000000e+00 9.211639999999999162e+00
1.303406739999999900e+03 0.000000000000000000e+00 9.223770000000000024e+00
1.304085939999999937e+03 0.000000000000000000e+00 9.039979999999999905e+00
1.304765259999999898e+03 0.000000000000000000e+00 8.806219999999999715e+00
1.305444580000000087e+03 0.000000000000000000e+00 8.758910000000000196e+00
1.306123779999999897e+03 0.000000000000000000e+00 8.845390000000000086e+00
1.306802979999999934e+03 0.000000000000000000e+00 8.679140000000000299e+00
1.307482299999999896e+03 0.000000000000000000e+00 8.491329999999999600e+00
1.308161380000000008e+03 0.000000000000000000e+00 8.134570000000000078e+00
1.308840580000000045e+03 0.000000000000000000e+00 7.896790000000000198e+00
1.309519780000000083e+03 0.000000000000000000e+00 7.980570000000000164e+00
1.310198849999999993e+03 0.000000000000000000e+00 7.957569999999999588e+00
1.310877930000000106e+03 0.000000000000000000e+00 7.583260000000000112e+00
1.311557009999999991e+03 0.000000000000000000e+00 7.187289999999999957e+00
1.312236079999999902e+03 0.000000000000000000e+00 6.981869999999999798e+00
1.312915040000000090e+03 0.000000000000000000e+00 6.898080000000000211e+00
1.313594119999999975e+03 0.000000000000000000e+00 6.906200000000000117e+00
1.314273069999999962e+03 0.000000000000000000e+00 6.850799999999999557e+00
1.314952029999999922e+03 0.000000000000000000e+00 6.810270000000000046e+00
1.315630979999999909e+03 0.000000000000000000e+00 6.708910000000000373e+00
1.316309809999999970e+03 0.000000000000000000e+00 6.585930000000000284e+00
1.316988769999999931e+03 0.000000000000000000e+00 6.517019999999999591e+00
1.317667599999999993e+03 0.000000000000000000e+00 6.349459999999999660e+00
1.318346440000000030e+03 0.000000000000000000e+00 6.411620000000000097e+00
1.319025270000000091e+03 0.000000000000000000e+00 6.252130000000000187e+00
1.319704099999999926e+03 0.000000000000000000e+00 6.108869999999999578e+00
1.320382810000000063e+03 0.000000000000000000e+00 5.914290000000000269e+00
1.321061519999999973e+03 0.000000000000000000e+00 5.625090000000000146e+00
1.321740360000000010e+03 0.000000000000000000e+00 5.572420000000000151e+00
1.322419069999999920e+03 0.000000000000000000e+00 5.642719999999999736e+00
1.323097659999999905e+03 0.000000000000000000e+00 5.731860000000000177e+00
1.323776370000000043e+03 0.000000000000000000e+00 5.856189999999999785e+00
1.324454960000000028e+03 0.000000000000000000e+00 5.865680000000000227e+00
1.325133669999999938e+03 0.000000000000000000e+00 5.545399999999999885e+00
1.325812259999999924e+03 0.000000000000000000e+00 5.262940000000000396e+00
1.326490720000000010e+03 0.000000000000000000e+00 5.075090000000000323e+00
1.327169309999999996e+03 0.000000000000000000e+00 4.979160000000000252e+00
1.327847899999999981e+03 0.000000000000000000e+00 5.415680000000000049e+00
1.328526370000000043e+03 0.000000000000000000e+00 5.212950000000000195e+00
1.329204829999999902e+03 0.000000000000000000e+00 5.018379999999999619e+00
1.329883299999999963e+03 0.000000000000000000e+00 4.823780000000000179e+00
1.330561770000000024e+03 0.000000000000000000e+00 4.988660000000000316e+00
1.331240109999999959e+03 0.000000000000000000e+00 4.899449999999999861e+00
1.331918580000000020e+03 0.000000000000000000e+00 4.838630000000000209e+00
1.332596919999999955e+03 0.000000000000000000e+00 4.985960000000000392e+00
1.333275270000000091e+03 0.000000000000000000e+00 4.917040000000000077e+00
1.333953610000000026e+03 0.000000000000000000e+00 4.785919999999999952e+00
1.334631840000000011e+03 0.000000000000000000e+00 4.200789999999999580e+00
1.335310179999999946e+03 0.000000000000000000e+00 4.023780000000000356e+00
1.335988399999999956e+03 0.000000000000000000e+00 3.740000000000000213e+00
1.336666629999999941e+03 0.000000000000000000e+00 3.599489999999999856e+00
1.337344849999999951e+03 0.000000000000000000e+00 3.244050000000000100e+00
1.338022950000000037e+03 0.000000000000000000e+00 3.360250000000000181e+00
1.338701170000000047e+03 0.000000000000000000e+00 3.739959999999999951e+00
1.339379269999999906e+03 0.000000000000000000e+00 3.789960000000000218e+00
1.340057369999999992e+03 0.000000000000000000e+00 3.630520000000000191e+00
1.340735470000000078e+03 0.000000000000000000e+00 3.725119999999999987e+00
1.341413569999999936e+03 0.000000000000000000e+00 3.653480000000000061e+00
1.342091550000000097e+03 0.000000000000000000e+00 3.641329999999999956e+00
1.342769649999999956e+03 0.000000000000000000e+00 3.575130000000000141e+00
1.343447629999999890e+03 0.000000000000000000e+00 3.669719999999999871e+00
1.344125610000000052e+03 0.000000000000000000e+00 3.795370000000000132e+00
1.344803589999999986e+03 0.000000000000000000e+00 3.748110000000000053e+00
1.345481449999999995e+03 0.000000000000000000e+00 3.492690000000000072e+00
1.346159419999999955e+03 0.000000000000000000e+00 3.106180000000000163e+00
1.346837279999999964e+03 0.000000000000000000e+00 3.125119999999999898e+00
1.347515139999999974e+03 0.000000000000000000e+00 3.094050000000000189e+00
1.348192990000000009e+03 0.000000000000000000e+00 3.107559999999999878e+00
1.348870850000000019e+03 0.000000000000000000e+00 3.229190000000000005e+00
1.349548579999999902e+03 0.000000000000000000e+00 3.357569999999999943e+00
1.350226319999999987e+03 0.000000000000000000e+00 3.354839999999999822e+00
1.350904170000000022e+03 0.000000000000000000e+00 2.857530000000000125e+00
1.351581789999999955e+03 0.000000000000000000e+00 2.530530000000000168e+00
1.352259520000000066e+03 0.000000000000000000e+00 2.561640000000000139e+00
1.352937259999999924e+03 0.000000000000000000e+00 2.371090000000000142e+00
1.353614870000000110e+03 0.000000000000000000e+00 2.367020000000000124e+00
1.354292480000000069e+03 0.000000000000000000e+00 2.139990000000000059e+00
1.354970090000000027e+03 0.000000000000000000e+00 2.225140000000000118e+00
1.355647709999999961e+03 0.000000000000000000e+00 2.276489999999999903e+00
1.356325319999999920e+03 0.000000000000000000e+00 2.234620000000000051e+00
1.357002809999999954e+03 0.000000000000000000e+00 2.104880000000000084e+00
1.357680299999999988e+03 0.000000000000000000e+00 2.321060000000000123e+00
1.358357790000000023e+03 0.000000000000000000e+00 2.176449999999999996e+00
1.359035280000000057e+03 0.000000000000000000e+00 1.846719999999999917e+00
1.359712770000000091e+03 0.000000000000000000e+00 1.557530000000000081e+00
1.360390139999999974e+03 0.000000000000000000e+00 1.538650000000000073e+00
1.361067630000000008e+03 0.000000000000000000e+00 1.530529999999999946e+00
1.361744999999999891e+03 0.000000000000000000e+00 1.735899999999999999e+00
1.362422360000000026e+03 0.000000000000000000e+00 1.450790000000000024e+00
1.363099609999999984e+03 0.000000000000000000e+00 1.454849999999999977e+00
1.363776980000000094e+03 0.000000000000000000e+00 1.496769999999999934e+00
1.364454220000000078e+03 0.000000000000000000e+00 1.694080000000000030e+00
1.365131470000000036e+03 0.000000000000000000e+00 1.746750000000000025e+00
1.365808719999999994e+03 0.000000000000000000e+00 1.633250000000000091e+00
1.366485959999999977e+03 0.000000000000000000e+00 1.430530000000000079e+00
1.367163209999999935e+03 0.000000000000000000e+00 1.357539999999999969e+00
1.367840329999999994e+03 0.000000000000000000e+00 1.239959999999999951e+00
