9.306945799999999736e+02 0.000000000000000000e+00 2.896314525539573135e-05
9.313851899999999659e+02 0.000000000000000000e+00 2.662303488472105692e-05
9.320757399999999961e+02 0.000000000000000000e+00 2.428312782216840538e-05
9.327663000000000011e+02 0.000000000000000000e+00 2.236652859644912910e-05
9.334568500000000313e+02 0.000000000000000000e+00 2.056709141078046627e-05
9.341473999999999478e+02 0.000000000000000000e+00 2.012519742863243759e-05
9.348378900000000158e+02 0.000000000000000000e+00 2.360897875983198642e-05
9.355283799999999701e+02 0.000000000000000000e+00 2.709276009103096604e-05
9.362188700000000381e+02 0.000000000000000000e+00 2.376290685914503274e-05
9.369093000000000302e+02 0.000000000000000000e+00 1.791851599772698207e-05
9.375997300000000223e+02 0.000000000000000000e+00 1.412208796988620033e-05
9.382901600000000144e+02 0.000000000000000000e+00 1.832837130943757440e-05
9.389805300000000443e+02 0.000000000000000000e+00 2.253428911301829694e-05
9.396708999999999605e+02 0.000000000000000000e+00 1.963385820084111405e-05
9.403612699999999904e+02 0.000000000000000000e+00 1.334221841286979294e-05
9.410515699999999697e+02 0.000000000000000000e+00 8.540749317100117905e-06
9.417418800000000374e+02 0.000000000000000000e+00 1.218914900729252569e-05
9.424321899999999914e+02 0.000000000000000000e+00 1.583754869748433378e-05
9.431224999999999454e+02 0.000000000000000000e+00 1.602948200655547972e-05
9.438127399999999625e+02 0.000000000000000000e+00 1.412752117067370394e-05
9.445029899999999543e+02 0.000000000000000000e+00 1.251866242103626322e-05
9.451931799999999839e+02 0.000000000000000000e+00 1.368891326305695859e-05
9.458833600000000388e+02 0.000000000000000000e+00 1.485914714958946928e-05
9.465735499999999547e+02 0.000000000000000000e+00 1.758333135071722035e-05
9.472637300000000096e+02 0.000000000000000000e+00 2.149057753590836835e-05
9.479538599999999633e+02 0.000000000000000000e+00 2.510101833265095150e-05
9.486439800000000560e+02 0.000000000000000000e+00 2.160738745199713683e-05
9.493341100000000097e+02 0.000000000000000000e+00 1.811370594781651136e-05
9.500241700000000264e+02 0.000000000000000000e+00 1.868327235091090790e-05
9.507142300000000432e+02 0.000000000000000000e+00 2.312068292463511873e-05
9.514043000000000347e+02 0.000000000000000000e+00 2.755815780306562746e-05
9.520943600000000515e+02 0.000000000000000000e+00 2.447827383060906841e-05
9.527843599999999924e+02 0.000000000000000000e+00 2.127845833845617290e-05
9.534743700000000217e+02 0.000000000000000000e+00 2.075769993586013717e-05
9.541643100000000004e+02 0.000000000000000000e+00 2.343172072648939071e-05
9.548542499999999791e+02 0.000000000000000000e+00 2.610574151711864087e-05
9.555441899999999578e+02 0.000000000000000000e+00 3.078520315334536703e-05
9.562341300000000501e+02 0.000000000000000000e+00 3.562089437034248281e-05
9.569240099999999529e+02 0.000000000000000000e+00 3.927489204382553597e-05
9.576138899999999694e+02 0.000000000000000000e+00 4.115094701389618661e-05
9.583037699999999859e+02 0.000000000000000000e+00 4.302700198396683726e-05
9.589935900000000402e+02 0.000000000000000000e+00 4.663147570773647557e-05
9.596834099999999808e+02 0.000000000000000000e+00 5.049318721323369782e-05
9.603731699999999591e+02 0.000000000000000000e+00 5.237739366319228468e-05
9.610629900000000134e+02 0.000000000000000000e+00 5.044851503081288098e-05
9.617527499999999918e+02 0.000000000000000000e+00 4.851980417077710923e-05
9.624424999999999955e+02 0.000000000000000000e+00 5.105843830314149378e-05
9.631322000000000116e+02 0.000000000000000000e+00 5.462835098604092372e-05
9.638219000000000278e+02 0.000000000000000000e+00 5.792403184405347280e-05
9.645116000000000440e+02 0.000000000000000000e+00 6.052586498470637316e-05
9.652012300000000096e+02 0.000000000000000000e+00 6.312743405645978179e-05
9.658908699999999499e+02 0.000000000000000000e+00 6.482052068569133310e-05
9.665805100000000039e+02 0.000000000000000000e+00 6.621684293233477670e-05
9.672701399999999694e+02 0.000000000000000000e+00 6.738307674626356155e-05
9.679597199999999475e+02 0.000000000000000000e+00 6.775348611520803715e-05
9.686492899999999509e+02 0.000000000000000000e+00 6.812389011263116979e-05
9.693388700000000426e+02 0.000000000000000000e+00 6.913655561275942440e-05
9.700283799999999701e+02 0.000000000000000000e+00 7.043142803510977438e-05
9.707178999999999860e+02 0.000000000000000000e+00 7.165775233943597067e-05
9.714073499999999513e+02 0.000000000000000000e+00 7.253633930907489439e-05
9.720968599999999924e+02 0.000000000000000000e+00 7.341500273852707102e-05
9.727863200000000461e+02 0.000000000000000000e+00 7.644148809785742879e-05
9.734757100000000491e+02 0.000000000000000000e+00 8.070402267229796354e-05
9.741651600000000144e+02 0.000000000000000000e+00 8.484012409705849681e-05
9.748545500000000175e+02 0.000000000000000000e+00 8.788784027144467615e-05
9.755438799999999446e+02 0.000000000000000000e+00 9.093529119253344710e-05
9.762332800000000361e+02 0.000000000000000000e+00 9.378488604024676938e-05
9.769226099999999633e+02 0.000000000000000000e+00 9.648706427057383438e-05
9.776119400000000041e+02 0.000000000000000000e+00 9.922032770916896680e-05
9.783012099999999691e+02 0.000000000000000000e+00 1.026386531189194906e-04
9.789904800000000478e+02 0.000000000000000000e+00 1.060569785286705701e-04
9.796797500000000127e+02 0.000000000000000000e+00 1.096425472661676501e-04
9.803690199999999777e+02 0.000000000000000000e+00 1.133871243633750706e-04
9.810582299999999805e+02 0.000000000000000000e+00 1.171313755003264442e-04
9.817474399999999832e+02 0.000000000000000000e+00 1.236908477360776012e-04
9.824365800000000490e+02 0.000000000000000000e+00 1.303022090164486263e-04
9.831257299999999759e+02 0.000000000000000000e+00 1.352337945924000809e-04
9.838148800000000165e+02 0.000000000000000000e+00 1.381166032754473148e-04
9.845040299999999434e+02 0.000000000000000000e+00 1.409994119584940880e-04
9.851931200000000217e+02 0.000000000000000000e+00 1.459959169429091077e-04
9.858822000000000116e+02 0.000000000000000000e+00 1.511778880431899341e-04
9.865712899999999763e+02 0.000000000000000000e+00 1.550301654780633924e-04
9.872603100000000040e+02 0.000000000000000000e+00 1.567836013372697938e-04
9.879493400000000065e+02 0.000000000000000000e+00 1.585370626447339540e-04
9.886383700000000090e+02 0.000000000000000000e+00 1.597702499609603469e-04
9.893273299999999608e+02 0.000000000000000000e+00 1.609160252509663457e-04
9.900163000000000011e+02 0.000000000000000000e+00 1.618281609399156468e-04
9.907052599999999529e+02 0.000000000000000000e+00 1.622539115591519528e-04
9.913941700000000310e+02 0.000000000000000000e+00 1.626796312803231736e-04
9.920830700000000206e+02 0.000000000000000000e+00 1.633210156542905169e-04
9.927719700000000103e+02 0.000000000000000000e+00 1.640188957978545555e-04
9.934608799999999746e+02 0.000000000000000000e+00 1.640590151144699876e-04
9.941497200000000021e+02 0.000000000000000000e+00 1.622318593503727752e-04
9.948385600000000295e+02 0.000000000000000000e+00 1.604047035862755900e-04
9.955273399999999810e+02 0.000000000000000000e+00 1.560871911364638458e-04
9.962161300000000210e+02 0.000000000000000000e+00 1.508396959913092057e-04
9.969049099999999726e+02 0.000000000000000000e+00 1.457875640385274509e-04
9.975936900000000378e+02 0.000000000000000000e+00 1.415382261370479427e-04
9.982824100000000271e+02 0.000000000000000000e+00 1.372892583977020726e-04
9.989711300000000165e+02 0.000000000000000000e+00 1.311708844899663550e-04
9.996597900000000436e+02 0.000000000000000000e+00 1.241035595158337306e-04
1.000348449999999957e+03 0.000000000000000000e+00 1.176259030081188681e-04
1.001037109999999984e+03 0.000000000000000000e+00 1.150845717510712903e-04
1.001725770000000011e+03 0.000000000000000000e+00 1.125432404940237126e-04
1.002414369999999963e+03 0.000000000000000000e+00 1.094536509085696489e-04
1.003102970000000028e+03 0.000000000000000000e+00 1.059943149514761289e-04
1.003791560000000004e+03 0.000000000000000000e+00 1.023881632595496607e-04
1.004480099999999993e+03 0.000000000000000000e+00 9.664047390474617095e-05
1.005168639999999982e+03 0.000000000000000000e+00 9.089278454994269480e-05
1.005857179999999971e+03 0.000000000000000000e+00 8.780522075641537599e-05
1.006545650000000023e+03 0.000000000000000000e+00 8.706909508355615722e-05
1.007234130000000050e+03 0.000000000000000000e+00 8.633295871850016313e-05
1.007922609999999963e+03 0.000000000000000000e+00 8.370095128330367739e-05
1.008611020000000053e+03 0.000000000000000000e+00 8.106415395731336434e-05
1.009299440000000004e+03 0.000000000000000000e+00 7.792495922347787750e-05
1.009987849999999980e+03 0.000000000000000000e+00 7.420478985055018177e-05
1.010676270000000045e+03 0.000000000000000000e+00 7.048456643759684430e-05
1.011364619999999945e+03 0.000000000000000000e+00 6.995573729623861918e-05
1.012052919999999972e+03 0.000000000000000000e+00 6.966728894726155301e-05
1.012741269999999986e+03 0.000000000000000000e+00 6.844308654834548467e-05
1.013429570000000012e+03 0.000000000000000000e+00 6.579074061150328259e-05
1.014117859999999951e+03 0.000000000000000000e+00 6.313843320939826283e-05
1.014806090000000040e+03 0.000000000000000000e+00 6.238264156147649753e-05
1.015494320000000016e+03 0.000000000000000000e+00 6.193086136101765319e-05
1.016182559999999967e+03 0.000000000000000000e+00 6.152106215627742183e-05
1.016870790000000056e+03 0.000000000000000000e+00 6.119751651071941195e-05
1.017558959999999956e+03 0.000000000000000000e+00 6.087399907192192418e-05
1.018247129999999970e+03 0.000000000000000000e+00 5.870605200862880486e-05
1.018935240000000022e+03 0.000000000000000000e+00 5.605659629691307836e-05
1.019623349999999959e+03 0.000000000000000000e+00 5.465372656547060938e-05
1.020311460000000011e+03 0.000000000000000000e+00 5.683388096672496742e-05
1.020999569999999949e+03 0.000000000000000000e+00 5.901403536797897309e-05
1.021687620000000038e+03 0.000000000000000000e+00 5.797356473150507824e-05
1.022375670000000014e+03 0.000000000000000000e+00 5.570176323006644197e-05
1.023063719999999989e+03 0.000000000000000000e+00 5.383280290817089376e-05
1.023751710000000003e+03 0.000000000000000000e+00 5.369908168944747872e-05
1.024439699999999903e+03 0.000000000000000000e+00 5.356536047072408402e-05
1.025127690000000030e+03 0.000000000000000000e+00 5.352492630084457220e-05
1.025815550000000030e+03 0.000000000000000000e+00 5.353399584806165765e-05
1.026503539999999930e+03 0.000000000000000000e+00 5.377453946880020167e-05
1.027191409999999905e+03 0.000000000000000000e+00 5.575096142837049622e-05
1.027879269999999906e+03 0.000000000000000000e+00 5.772735465544838549e-05
1.028567140000000109e+03 0.000000000000000000e+00 5.841705666021563599e-05
1.029255000000000109e+03 0.000000000000000000e+00 5.818358172467252376e-05
1.029942870000000084e+03 0.000000000000000000e+00 5.789547311802601239e-05
1.030630619999999908e+03 0.000000000000000000e+00 5.649169296125145537e-05
1.031318479999999909e+03 0.000000000000000000e+00 5.508768828129624514e-05
1.032006229999999960e+03 0.000000000000000000e+00 5.531750787455854936e-05
1.032693970000000036e+03 0.000000000000000000e+00 5.711163901005707005e-05
1.033381710000000112e+03 0.000000000000000000e+00 5.890577014555558395e-05
1.034069340000000011e+03 0.000000000000000000e+00 6.030146829040642948e-05
1.034757080000000087e+03 0.000000000000000000e+00 6.168708956736067013e-05
1.035444700000000012e+03 0.000000000000000000e+00 6.237268682812946398e-05
1.036132319999999936e+03 0.000000000000000000e+00 6.216215960644975275e-05
1.036820069999999987e+03 0.000000000000000000e+00 6.195159258293349161e-05
1.037507569999999987e+03 0.000000000000000000e+00 6.254941281956381176e-05
1.038195189999999911e+03 0.000000000000000000e+00 6.323500615009005385e-05
1.038882810000000063e+03 0.000000000000000000e+00 6.362013600385238996e-05
1.039570310000000063e+03 0.000000000000000000e+00 6.348374123932740642e-05
1.040257810000000063e+03 0.000000000000000000e+00 6.334734647480243642e-05
1.040945310000000063e+03 0.000000000000000000e+00 6.239380207903042809e-05
1.041632810000000063e+03 0.000000000000000000e+00 6.127150180625617860e-05
1.042320310000000063e+03 0.000000000000000000e+00 6.007274976608883120e-05
1.043007689999999911e+03 0.000000000000000000e+00 5.868893927102240788e-05
1.043695189999999911e+03 0.000000000000000000e+00 5.730488719595711359e-05
1.044382569999999987e+03 0.000000000000000000e+00 5.663090991531485299e-05
1.045069950000000063e+03 0.000000000000000000e+00 5.618714416104828838e-05
1.045757319999999936e+03 0.000000000000000000e+00 5.547033113289233532e-05
1.046444700000000012e+03 0.000000000000000000e+00 5.377239447206477409e-05
1.047131959999999935e+03 0.000000000000000000e+00 5.207475423010240806e-05
1.047819340000000011e+03 0.000000000000000000e+00 5.132017775103429956e-05
1.048506589999999960e+03 0.000000000000000000e+00 5.100889121128068728e-05
1.049193850000000111e+03 0.000000000000000000e+00 5.066853838471630845e-05
1.049881100000000060e+03 0.000000000000000000e+00 5.015350042974455797e-05
1.050568359999999984e+03 0.000000000000000000e+00 4.963845498058650570e-05
1.051255490000000009e+03 0.000000000000000000e+00 4.937255839512842259e-05
1.051942749999999933e+03 0.000000000000000000e+00 4.926931286515182789e-05
1.052629879999999957e+03 0.000000000000000000e+00 4.910484970037314154e-05
1.053317019999999957e+03 0.000000000000000000e+00 4.808722383089946215e-05
1.054004149999999981e+03 0.000000000000000000e+00 4.706961277101140846e-05
1.054691280000000006e+03 0.000000000000000000e+00 4.561356657293501690e-05
1.055378300000000081e+03 0.000000000000000000e+00 4.376696146498785340e-05
1.056065430000000106e+03 0.000000000000000000e+00 4.192006069379684282e-05
1.056752439999999979e+03 0.000000000000000000e+00 4.202359777702569492e-05
1.057439450000000079e+03 0.000000000000000000e+00 4.214532015750906222e-05
1.058126459999999952e+03 0.000000000000000000e+00 4.185520322480406908e-05
1.058813480000000027e+03 0.000000000000000000e+00 4.106616284673296816e-05
1.059500489999999900e+03 0.000000000000000000e+00 4.027713395363164176e-05
1.060187380000000076e+03 0.000000000000000000e+00 4.034321987303972736e-05
1.060874270000000024e+03 0.000000000000000000e+00 4.049012769650606593e-05
1.061561159999999973e+03 0.000000000000000000e+00 4.051411827437677527e-05
1.062248049999999921e+03 0.000000000000000000e+00 4.033291972170665712e-05
1.062934940000000097e+03 0.000000000000000000e+00 4.015172116903647798e-05
1.063621830000000045e+03 0.000000000000000000e+00 3.922346975737763702e-05
1.064308590000000095e+03 0.000000000000000000e+00 3.814884355307086834e-05
1.064995480000000043e+03 0.000000000000000000e+00 3.754940646407432857e-05
1.065682250000000067e+03 0.000000000000000000e+00 3.807632894395243905e-05
1.066369020000000091e+03 0.000000000000000000e+00 3.860325142383054953e-05
1.067055659999999989e+03 0.000000000000000000e+00 3.908175576530833469e-05
1.067742430000000013e+03 0.000000000000000000e+00 3.954488045614290890e-05
1.068429080000000113e+03 0.000000000000000000e+00 3.953840344810938642e-05
1.069115839999999935e+03 0.000000000000000000e+00 3.784699904115598507e-05
1.069802490000000034e+03 0.000000000000000000e+00 3.615586555051148116e-05
1.070489139999999907e+03 0.000000000000000000e+00 3.640272196273194264e-05
1.071175780000000032e+03 0.000000000000000000e+00 3.756827089135623190e-05
1.071862300000000005e+03 0.000000000000000000e+00 3.843288883158287972e-05
1.072548950000000104e+03 0.000000000000000000e+00 3.742962733294887039e-05
1.073235470000000078e+03 0.000000000000000000e+00 3.642655577678183515e-05
1.073922000000000025e+03 0.000000000000000000e+00 3.612464537966321925e-05
1.074608519999999999e+03 0.000000000000000000e+00 3.629275430341302933e-05
1.075295039999999972e+03 0.000000000000000000e+00 3.638944576011623756e-05
1.075981569999999920e+03 0.000000000000000000e+00 3.534029951448927078e-05
1.076667969999999968e+03 0.000000000000000000e+00 3.429135193317679530e-05
1.077354370000000017e+03 0.000000000000000000e+00 3.334133264029444415e-05
1.078040770000000066e+03 0.000000000000000000e+00 3.248328171024849942e-05
1.078727169999999887e+03 0.000000000000000000e+00 3.162523078020283929e-05
1.079413569999999936e+03 0.000000000000000000e+00 3.185343078597949450e-05
1.080099979999999960e+03 0.000000000000000000e+00 3.210653785444920474e-05
1.080786250000000109e+03 0.000000000000000000e+00 3.212223909555019083e-05
1.081472659999999905e+03 0.000000000000000000e+00 3.183213037165887884e-05
1.082158940000000030e+03 0.000000000000000000e+00 3.154207659180102745e-05
1.082845209999999952e+03 0.000000000000000000e+00 3.122171130164686702e-05
1.083531369999999924e+03 0.000000000000000000e+00 3.089789065909090562e-05
1.084217650000000049e+03 0.000000000000000000e+00 3.055584092895457138e-05
1.084903929999999946e+03 0.000000000000000000e+00 3.018077817155371355e-05
1.085590089999999918e+03 0.000000000000000000e+00 2.980578099603030878e-05
1.086276249999999891e+03 0.000000000000000000e+00 2.967193726804426480e-05
1.086962399999999889e+03 0.000000000000000000e+00 2.959322914232576622e-05
1.087648560000000089e+03 0.000000000000000000e+00 2.926710641841533573e-05
1.088334589999999935e+03 0.000000000000000000e+00 2.828199096643483544e-05
1.089020749999999907e+03 0.000000000000000000e+00 2.729668883893157134e-05
1.089706789999999955e+03 0.000000000000000000e+00 2.726217283472997128e-05
1.090392820000000029e+03 0.000000000000000000e+00 2.757690620596985076e-05
1.091078860000000077e+03 0.000000000000000000e+00 2.774320474941712979e-05
1.091764889999999923e+03 0.000000000000000000e+00 2.727464544298391434e-05
1.092450810000000047e+03 0.000000000000000000e+00 2.680616126668141597e-05
1.093136839999999893e+03 0.000000000000000000e+00 2.695845330999737646e-05
1.093822750000000042e+03 0.000000000000000000e+00 2.744863341913849949e-05
1.094508669999999938e+03 0.000000000000000000e+00 2.802875918695232424e-05
1.095194580000000087e+03 0.000000000000000000e+00 2.936968217058347579e-05
1.095880490000000009e+03 0.000000000000000000e+00 3.071060515421418350e-05
1.096566409999999905e+03 0.000000000000000000e+00 3.086315029818820086e-05
1.097252199999999903e+03 0.000000000000000000e+00 3.009507625188554881e-05
1.097937989999999900e+03 0.000000000000000000e+00 2.934845661501054318e-05
1.098623779999999897e+03 0.000000000000000000e+00 2.961043550166142198e-05
1.099309569999999894e+03 0.000000000000000000e+00 2.987241438831230418e-05
1.099995359999999891e+03 0.000000000000000000e+00 3.041145423419522746e-05
1.100681149999999889e+03 0.000000000000000000e+00 3.125228491058799278e-05
1.101366819999999962e+03 0.000000000000000000e+00 3.209296845785799298e-05
1.102052490000000034e+03 0.000000000000000000e+00 3.191516643628190656e-05
1.102738160000000107e+03 0.000000000000000000e+00 3.166740928133628683e-05
1.103423829999999953e+03 0.000000000000000000e+00 3.184085215620698100e-05
1.104109500000000025e+03 0.000000000000000000e+00 3.266507857091952542e-05
1.104795170000000098e+03 0.000000000000000000e+00 3.348930498563206984e-05
1.105480710000000045e+03 0.000000000000000000e+00 3.419178561851165648e-05
1.106166259999999966e+03 0.000000000000000000e+00 3.487280195553045319e-05
1.106851809999999887e+03 0.000000000000000000e+00 3.542143810473458377e-05
1.107537350000000060e+03 0.000000000000000000e+00 3.567072104893203081e-05
1.108222899999999981e+03 0.000000000000000000e+00 3.592000762942988576e-05
1.108908449999999903e+03 0.000000000000000000e+00 3.690909538043308640e-05
1.109593869999999924e+03 0.000000000000000000e+00 3.812729497584521192e-05
1.110279299999999921e+03 0.000000000000000000e+00 3.953450349092621572e-05
1.110964719999999943e+03 0.000000000000000000e+00 4.161333229942379316e-05
1.111650149999999940e+03 0.000000000000000000e+00 4.369219143719106527e-05
1.112335569999999962e+03 0.000000000000000000e+00 4.418319857630874419e-05
1.113020999999999958e+03 0.000000000000000000e+00 4.391272673705693547e-05
1.113706300000000056e+03 0.000000000000000000e+00 4.388430587190853932e-05
1.114391599999999926e+03 0.000000000000000000e+00 4.544730390762017984e-05
1.115076900000000023e+03 0.000000000000000000e+00 4.701030194333233537e-05
1.115762210000000096e+03 0.000000000000000000e+00 4.840946173944649968e-05
1.116447509999999966e+03 0.000000000000000000e+00 4.969386938395554628e-05
1.117132689999999911e+03 0.000000000000000000e+00 5.094608282988492186e-05
1.117817990000000009e+03 0.000000000000000000e+00 5.149792939908313710e-05
1.118503169999999955e+03 0.000000000000000000e+00 5.204967933675007087e-05
1.119188349999999900e+03 0.000000000000000000e+00 5.272563583752329266e-05
1.119873540000000048e+03 0.000000000000000000e+00 5.352621256281265666e-05
1.120558590000000095e+03 0.000000000000000000e+00 5.432662571195288735e-05
1.121243770000000040e+03 0.000000000000000000e+00 5.589963491665942373e-05
1.121928830000000062e+03 0.000000000000000000e+00 5.750912932833612064e-05
1.122613890000000083e+03 0.000000000000000000e+00 5.879396518047530170e-05
1.123298950000000104e+03 0.000000000000000000e+00 5.961128656140497864e-05
1.123984009999999898e+03 0.000000000000000000e+00 6.042860794233438453e-05
1.124669069999999920e+03 0.000000000000000000e+00 6.104027295561436750e-05
1.125354000000000042e+03 0.000000000000000000e+00 6.161971328174179754e-05
1.126039060000000063e+03 0.000000000000000000e+00 6.232553765259719089e-05
1.126723999999999933e+03 0.000000000000000000e+00 6.329993374733157603e-05
1.127408940000000030e+03 0.000000000000000000e+00 6.427432984206628644e-05
1.128093869999999924e+03 0.000000000000000000e+00 6.504420918270790801e-05
1.128778690000000097e+03 0.000000000000000000e+00 6.575445091328919111e-05
1.129463619999999992e+03 0.000000000000000000e+00 6.635224324831056372e-05
1.130148439999999937e+03 0.000000000000000000e+00 6.657142861140706439e-05
1.130833249999999907e+03 0.000000000000000000e+00 6.679061077387620697e-05
1.131518070000000080e+03 0.000000000000000000e+00 6.667879499559741646e-05
1.132202880000000050e+03 0.000000000000000000e+00 6.641365528293312890e-05
1.132887699999999995e+03 0.000000000000000000e+00 6.613899126891071450e-05
1.133572390000000041e+03 0.000000000000000000e+00 6.580473059754442646e-05
1.134257080000000087e+03 0.000000000000000000e+00 6.547046992617813841e-05
1.134941769999999906e+03 0.000000000000000000e+00 6.498748372397926778e-05
1.135626459999999952e+03 0.000000000000000000e+00 6.440188118250586471e-05
1.136311159999999973e+03 0.000000000000000000e+00 6.383278132144632464e-05
1.136995850000000019e+03 0.000000000000000000e+00 6.360890912236430883e-05
1.137680419999999913e+03 0.000000000000000000e+00 6.338507615952633468e-05
1.138364990000000034e+03 0.000000000000000000e+00 6.288047873666358718e-05
1.139049559999999929e+03 0.000000000000000000e+00 6.209431454132211176e-05
1.139734130000000050e+03 0.000000000000000000e+00 6.130815034598037885e-05
1.140418699999999944e+03 0.000000000000000000e+00 6.087853470130884638e-05
1.141103149999999914e+03 0.000000000000000000e+00 6.046667572049750053e-05
1.141787720000000036e+03 0.000000000000000000e+00 6.017321051149323474e-05
1.142472170000000006e+03 0.000000000000000000e+00 6.005306861623272726e-05
1.143156619999999975e+03 0.000000000000000000e+00 5.993292672097221978e-05
1.143841059999999970e+03 0.000000000000000000e+00 5.984010246554866288e-05
1.144525509999999940e+03 0.000000000000000000e+00 5.975175665039727656e-05
1.145209839999999986e+03 0.000000000000000000e+00 5.981649965022294756e-05
1.145894289999999955e+03 0.000000000000000000e+00 6.021859942935437073e-05
1.146578610000000026e+03 0.000000000000000000e+00 6.062062283625809910e-05
1.147262940000000071e+03 0.000000000000000000e+00 6.098115390886495949e-05
1.147947269999999889e+03 0.000000000000000000e+00 6.132895474805157997e-05
1.148631470000000036e+03 0.000000000000000000e+00 6.173138191906619228e-05
1.149315800000000081e+03 0.000000000000000000e+00 6.233049977439788613e-05
1.150000000000000000e+03 0.000000000000000000e+00 6.292950381721037004e-05
1.150684199999999919e+03 0.000000000000000000e+00 6.289205805336870565e-05
1.151368410000000040e+03 0.000000000000000000e+00 6.254154627827590693e-05
1.152052609999999959e+03 0.000000000000000000e+00 6.231424401319944400e-05
1.152736820000000080e+03 0.000000000000000000e+00 6.296895133816046784e-05
1.153420900000000074e+03 0.000000000000000000e+00 6.362353426863392894e-05
1.154104980000000069e+03 0.000000000000000000e+00 6.439360246757186174e-05
1.154789060000000063e+03 0.000000000000000000e+00 6.524917244579903942e-05
1.155473140000000058e+03 0.000000000000000000e+00 6.605318597468051972e-05
1.156157230000000027e+03 0.000000000000000000e+00 6.496918651358218790e-05
1.156841310000000021e+03 0.000000000000000000e+00 6.388520289834417876e-05
1.157525270000000091e+03 0.000000000000000000e+00 6.329709339278729230e-05
1.158209229999999934e+03 0.000000000000000000e+00 6.324922127015171404e-05
1.158893190000000004e+03 0.000000000000000000e+00 6.320134914751612224e-05
1.159577150000000074e+03 0.000000000000000000e+00 6.251482779160936608e-05
1.160261109999999917e+03 0.000000000000000000e+00 6.178026538526673541e-05
1.160945069999999987e+03 0.000000000000000000e+00 6.147918586294012246e-05
1.161628909999999905e+03 0.000000000000000000e+00 6.188056306402067177e-05
1.162312740000000076e+03 0.000000000000000000e+00 6.228193439564066384e-05
1.162996579999999994e+03 0.000000000000000000e+00 6.155004143715029296e-05
1.163680419999999913e+03 0.000000000000000000e+00 6.059080533860903347e-05
1.164364260000000058e+03 0.000000000000000000e+00 5.973107053602644311e-05
1.165047970000000078e+03 0.000000000000000000e+00 5.912229695233180453e-05
1.165731809999999996e+03 0.000000000000000000e+00 5.851340761697955807e-05
1.166415529999999990e+03 0.000000000000000000e+00 5.750417677494485145e-05
1.167099240000000009e+03 0.000000000000000000e+00 5.635048572774366515e-05
1.167782840000000078e+03 0.000000000000000000e+00 5.529121882505853348e-05
1.168466550000000097e+03 0.000000000000000000e+00 5.464552842597883274e-05
1.169150270000000091e+03 0.000000000000000000e+00 5.399982858297703366e-05
1.169833859999999959e+03 0.000000000000000000e+00 5.305679574004423902e-05
1.170517460000000028e+03 0.000000000000000000e+00 5.194368849081737065e-05
1.171201049999999896e+03 0.000000000000000000e+00 5.087825526702486722e-05
1.171884639999999990e+03 0.000000000000000000e+00 5.031543442963695999e-05
1.172568119999999908e+03 0.000000000000000000e+00 4.975270415865905575e-05
1.173251710000000003e+03 0.000000000000000000e+00 4.920988407700581250e-05
1.173935179999999946e+03 0.000000000000000000e+00 4.868441541465387166e-05
1.174618649999999889e+03 0.000000000000000000e+00 4.815894675230192405e-05
1.175302120000000059e+03 0.000000000000000000e+00 4.729483098723248066e-05
1.175985599999999977e+03 0.000000000000000000e+00 4.642616558284769803e-05
1.176668949999999995e+03 0.000000000000000000e+00 4.570083638315503493e-05
1.177352419999999938e+03 0.000000000000000000e+00 4.516003635352547010e-05
1.178035769999999957e+03 0.000000000000000000e+00 4.461933127466700076e-05
1.178719119999999975e+03 0.000000000000000000e+00 4.398855163598442265e-05
1.179402469999999994e+03 0.000000000000000000e+00 4.334624782238703664e-05
1.180085690000000113e+03 0.000000000000000000e+00 4.289047472783660841e-05
1.180769039999999904e+03 0.000000000000000000e+00 4.280265061264472692e-05
1.181452269999999999e+03 0.000000000000000000e+00 4.271484191984810597e-05
1.182135500000000093e+03 0.000000000000000000e+00 4.212421309015516592e-05
1.182818729999999960e+03 0.000000000000000000e+00 4.139621235929371185e-05
1.183501950000000079e+03 0.000000000000000000e+00 4.090779411946112077e-05
1.184185179999999946e+03 0.000000000000000000e+00 4.120105351146725105e-05
1.184868289999999888e+03 0.000000000000000000e+00 4.149426139647424217e-05
1.185551390000000083e+03 0.000000000000000000e+00 4.074547584734394020e-05
1.186234500000000025e+03 0.000000000000000000e+00 3.951462991295612775e-05
1.186917599999999993e+03 0.000000000000000000e+00 3.833859006695967411e-05
1.187600709999999935e+03 0.000000000000000000e+00 3.752095797132422864e-05
1.188283809999999903e+03 0.000000000000000000e+00 3.670333784494839169e-05
1.188966799999999921e+03 0.000000000000000000e+00 3.628035432142673664e-05
1.189649779999999964e+03 0.000000000000000000e+00 3.614160685070384857e-05
1.190332760000000007e+03 0.000000000000000000e+00 3.599223984058276164e-05
1.191015750000000025e+03 0.000000000000000000e+00 3.549763643276736318e-05
1.191698730000000069e+03 0.000000000000000000e+00 3.500304026668912258e-05
1.192381589999999960e+03 0.000000000000000000e+00 3.456398173170633281e-05
1.193064579999999978e+03 0.000000000000000000e+00 3.418536020868803065e-05
1.193747440000000097e+03 0.000000000000000000e+00 3.380681075231486044e-05
1.194430299999999988e+03 0.000000000000000000e+00 3.334659778920806317e-05
1.195113160000000107e+03 0.000000000000000000e+00 3.287990956821637377e-05
1.195795900000000074e+03 0.000000000000000000e+00 3.256849010840446001e-05
1.196478759999999966e+03 0.000000000000000000e+00 3.251637098035309781e-05
1.197161499999999933e+03 0.000000000000000000e+00 3.246426101127335818e-05
1.197844239999999900e+03 0.000000000000000000e+00 3.197979539274879598e-05
1.198526980000000094e+03 0.000000000000000000e+00 3.140188408152593647e-05
1.199209720000000061e+03 0.000000000000000000e+00 3.086395805357470488e-05
1.199892329999999902e+03 0.000000000000000000e+00 3.043423059939477375e-05
1.200575070000000096e+03 0.000000000000000000e+00 3.000442130555648447e-05
1.201257689999999911e+03 0.000000000000000000e+00 2.958705377984250065e-05
1.201940309999999954e+03 0.000000000000000000e+00 2.917455638853538828e-05
1.202622920000000022e+03 0.000000000000000000e+00 2.876625855612782086e-05
1.203305540000000065e+03 0.000000000000000000e+00 2.837922396675324186e-05
1.203988039999999955e+03 0.000000000000000000e+00 2.799225741545370458e-05
1.204670650000000023e+03 0.000000000000000000e+00 2.766560725146613580e-05
1.205353149999999914e+03 0.000000000000000000e+00 2.737732047540648546e-05
1.206035640000000058e+03 0.000000000000000000e+00 2.712332960339379739e-05
1.206718139999999948e+03 0.000000000000000000e+00 2.741786284891733119e-05
1.207400509999999940e+03 0.000000000000000000e+00 2.771233999287033229e-05
1.208083010000000058e+03 0.000000000000000000e+00 2.769186848111985797e-05
1.208765380000000050e+03 0.000000000000000000e+00 2.736325377690461367e-05
1.209447750000000042e+03 0.000000000000000000e+00 2.703463907268937276e-05
1.210130130000000008e+03 0.000000000000000000e+00 2.680715788589028772e-05
1.210812500000000000e+03 0.000000000000000000e+00 2.658473366013855288e-05
1.211494750000000067e+03 0.000000000000000000e+00 2.614067644508221331e-05
1.212177120000000059e+03 0.000000000000000000e+00 2.536208257027413026e-05
1.212859380000000101e+03 0.000000000000000000e+00 2.458361420703043216e-05
1.213541629999999941e+03 0.000000000000000000e+00 2.461323169360539538e-05
1.214223880000000008e+03 0.000000000000000000e+00 2.479100808038149092e-05
1.214906009999999924e+03 0.000000000000000000e+00 2.483116866042383303e-05
1.215588259999999991e+03 0.000000000000000000e+00 2.453633112538846812e-05
1.216270389999999907e+03 0.000000000000000000e+00 2.424154544891557784e-05
1.216952510000000075e+03 0.000000000000000000e+00 2.419140884061723380e-05
1.217634639999999990e+03 0.000000000000000000e+00 2.422860220229978840e-05
1.218316769999999906e+03 0.000000000000000000e+00 2.427988741771415447e-05
1.218998900000000049e+03 0.000000000000000000e+00 2.439420806625427292e-05
1.219680910000000040e+03 0.000000000000000000e+00 2.450850860355776445e-05
1.220363039999999955e+03 0.000000000000000000e+00 2.417337798828768020e-05
1.221045039999999972e+03 0.000000000000000000e+00 2.357248399725627523e-05
1.221727049999999963e+03 0.000000000000000000e+00 2.301602893530453543e-05
1.222408940000000030e+03 0.000000000000000000e+00 2.301642030662668257e-05
1.223090940000000046e+03 0.000000000000000000e+00 2.301681174108341637e-05
1.223772830000000113e+03 0.000000000000000000e+00 2.323800178111949232e-05
1.224454709999999977e+03 0.000000000000000000e+00 2.366383736999833320e-05
1.225136600000000044e+03 0.000000000000000000e+00 2.408967920389971923e-05
1.225818479999999909e+03 0.000000000000000000e+00 2.324322078427736314e-05
1.226500369999999975e+03 0.000000000000000000e+00 2.234926605207996641e-05
1.227182129999999916e+03 0.000000000000000000e+00 2.170241461306091809e-05
1.227864010000000007e+03 0.000000000000000000e+00 2.141239239673800807e-05
1.228545779999999922e+03 0.000000000000000000e+00 2.112241696642414530e-05
1.229227540000000090e+03 0.000000000000000000e+00 2.109870855032997778e-05
1.229909180000000106e+03 0.000000000000000000e+00 2.112061884414163579e-05
1.230590940000000046e+03 0.000000000000000000e+00 2.128989693466958819e-05
1.231272580000000062e+03 0.000000000000000000e+00 2.180603493355377540e-05
1.231954349999999977e+03 0.000000000000000000e+00 2.232227136847428936e-05
1.232635989999999993e+03 0.000000000000000000e+00 2.182256492069432210e-05
1.233317630000000008e+03 0.000000000000000000e+00 2.097119350401268877e-05
1.233999150000000100e+03 0.000000000000000000e+00 2.034689861860242998e-05
1.234680789999999888e+03 0.000000000000000000e+00 2.071040021222502730e-05
1.235362300000000005e+03 0.000000000000000000e+00 2.107383248009348599e-05
1.236043820000000096e+03 0.000000000000000000e+00 2.093009235527265488e-05
1.236725339999999960e+03 0.000000000000000000e+00 2.048955477060609138e-05
1.237406860000000052e+03 0.000000000000000000e+00 2.006392935659163013e-05
1.238088379999999916e+03 0.000000000000000000e+00 1.982256736771275584e-05
1.238769780000000083e+03 0.000000000000000000e+00 1.958124787712973893e-05
1.239451170000000047e+03 0.000000000000000000e+00 1.966936810685463360e-05
1.240132569999999987e+03 0.000000000000000000e+00 2.006369742429814357e-05
1.240813959999999952e+03 0.000000000000000000e+00 2.045802095469562669e-05
1.241495359999999891e+03 0.000000000000000000e+00 2.057347561985622771e-05
1.242176760000000058e+03 0.000000000000000000e+00 2.067791862545687005e-05
1.242858030000000099e+03 0.000000000000000000e+00 2.064976617920630025e-05
1.243539309999999887e+03 0.000000000000000000e+00 2.042722833503674666e-05
1.244220579999999927e+03 0.000000000000000000e+00 2.020469375733382244e-05
1.244901859999999942e+03 0.000000000000000000e+00 2.056561444530175789e-05
1.245583129999999983e+03 0.000000000000000000e+00 2.103062958245589497e-05
1.246264280000000099e+03 0.000000000000000000e+00 2.127472340011011848e-05
1.246945429999999988e+03 0.000000000000000000e+00 2.098225436236572097e-05
1.247626590000000078e+03 0.000000000000000000e+00 2.068978103086747407e-05
1.248307739999999967e+03 0.000000000000000000e+00 2.111635788633526483e-05
1.248988890000000083e+03 0.000000000000000000e+00 2.180344361525485595e-05
1.249670039999999972e+03 0.000000000000000000e+00 2.238995810545519794e-05
1.250351069999999936e+03 0.000000000000000000e+00 2.250842725685617848e-05
1.251032099999999900e+03 0.000000000000000000e+00 2.262689640825716242e-05
1.251713130000000092e+03 0.000000000000000000e+00 2.246422285666322500e-05
1.252394170000000031e+03 0.000000000000000000e+00 2.212870380103541457e-05
1.253075199999999995e+03 0.000000000000000000e+00 2.185110152463275385e-05
1.253756100000000060e+03 0.000000000000000000e+00 2.244915598720727981e-05
1.254437130000000025e+03 0.000000000000000000e+00 2.304732463259877856e-05
1.255118040000000065e+03 0.000000000000000000e+00 2.303173415114436742e-05
1.255798950000000104e+03 0.000000000000000000e+00 2.241208505281186466e-05
1.256479739999999993e+03 0.000000000000000000e+00 2.179254515818013156e-05
1.257160640000000058e+03 0.000000000000000000e+00 2.204964387624788345e-05
1.257841429999999946e+03 0.000000000000000000e+00 2.235687312350400599e-05
1.258522220000000061e+03 0.000000000000000000e+00 2.241484508080545987e-05
1.259202999999999975e+03 0.000000000000000000e+00 2.207911028201011685e-05
1.259883790000000090e+03 0.000000000000000000e+00 2.174337055159508263e-05
1.260564579999999978e+03 0.000000000000000000e+00 2.218674583394170268e-05
1.261245239999999967e+03 0.000000000000000000e+00 2.279057765419944788e-05
1.261926030000000083e+03 0.000000000000000000e+00 2.324221839097363219e-05
1.262606690000000071e+03 0.000000000000000000e+00 2.328364343110361483e-05
1.263287350000000060e+03 0.000000000000000000e+00 2.332506847123359407e-05
1.263968020000000024e+03 0.000000000000000000e+00 2.329748623973648401e-05
1.264648560000000089e+03 0.000000000000000000e+00 2.324199821265971020e-05
1.265329220000000078e+03 0.000000000000000000e+00 2.326813930701605848e-05
1.266009769999999889e+03 0.000000000000000000e+00 2.374562249752774123e-05
1.266690309999999954e+03 0.000000000000000000e+00 2.422309867190279329e-05
1.267370850000000019e+03 0.000000000000000000e+00 2.438149015216285151e-05
1.268051269999999931e+03 0.000000000000000000e+00 2.432171010884439977e-05
1.268731809999999996e+03 0.000000000000000000e+00 2.426367365060679514e-05
1.269412229999999909e+03 0.000000000000000000e+00 2.425429638890978204e-05
1.270092650000000049e+03 0.000000000000000000e+00 2.424491912721276555e-05
1.270773069999999962e+03 0.000000000000000000e+00 2.450969823138026801e-05
1.271453490000000102e+03 0.000000000000000000e+00 2.507698279935634397e-05
1.272133910000000014e+03 0.000000000000000000e+00 2.564426736733223019e-05
1.272814210000000003e+03 0.000000000000000000e+00 2.505122620865852254e-05
1.273494509999999991e+03 0.000000000000000000e+00 2.435157146855501767e-05
1.274174800000000005e+03 0.000000000000000000e+00 2.400501649116033352e-05
1.274855099999999993e+03 0.000000000000000000e+00 2.429720245621629969e-05
1.275535399999999981e+03 0.000000000000000000e+00 2.458938842127226924e-05
1.276215580000000045e+03 0.000000000000000000e+00 2.515635813677305648e-05
1.276895870000000059e+03 0.000000000000000000e+00 2.579389010301540145e-05
1.277576049999999896e+03 0.000000000000000000e+00 2.624479932499507011e-05
1.278256229999999960e+03 0.000000000000000000e+00 2.609129006584019425e-05
1.278936279999999897e+03 0.000000000000000000e+00 2.593781014627735018e-05
1.279616459999999961e+03 0.000000000000000000e+00 2.614818955100780171e-05
1.280296509999999898e+03 0.000000000000000000e+00 2.653328321527987358e-05
1.280976560000000063e+03 0.000000000000000000e+00 2.680987404875625097e-05
1.281656739999999900e+03 0.000000000000000000e+00 2.625329552299091623e-05
1.282336669999999913e+03 0.000000000000000000e+00 2.569692156753247326e-05
1.283016720000000078e+03 0.000000000000000000e+00 2.565646168627276922e-05
1.283696779999999990e+03 0.000000000000000000e+00 2.603062512953039197e-05
1.284376710000000003e+03 0.000000000000000000e+00 2.640471704785259235e-05
1.285056640000000016e+03 0.000000000000000000e+00 2.674075083044425056e-05
1.285736570000000029e+03 0.000000000000000000e+00 2.707655093146661866e-05
1.286416500000000042e+03 0.000000000000000000e+00 2.747657590730973159e-05
1.287096309999999903e+03 0.000000000000000000e+00 2.796066734537882049e-05
1.287776249999999891e+03 0.000000000000000000e+00 2.844485135620649426e-05
1.288456050000000005e+03 0.000000000000000000e+00 2.847909584611172043e-05
1.289135860000000093e+03 0.000000000000000000e+00 2.844708110348894944e-05
1.289815669999999955e+03 0.000000000000000000e+00 2.839120139857632667e-05
1.290495359999999891e+03 0.000000000000000000e+00 2.828229241698113674e-05
1.291175169999999980e+03 0.000000000000000000e+00 2.817336420738817548e-05
1.291854859999999917e+03 0.000000000000000000e+00 2.811823191150874559e-05
1.292534550000000081e+03 0.000000000000000000e+00 2.808114560809031723e-05
1.293214230000000043e+03 0.000000000000000000e+00 2.795866595564524252e-05
1.293893919999999980e+03 0.000000000000000000e+00 2.746525752261521372e-05
1.294573489999999993e+03 0.000000000000000000e+00 2.697193620137427377e-05
1.295253169999999955e+03 0.000000000000000000e+00 2.693978967676943055e-05
1.295932739999999967e+03 0.000000000000000000e+00 2.718414288369624428e-05
1.296612300000000005e+03 0.000000000000000000e+00 2.746837914077484162e-05
1.297291870000000017e+03 0.000000000000000000e+00 2.834183888468556843e-05
1.297971309999999903e+03 0.000000000000000000e+00 2.921513153798484730e-05
1.298650879999999916e+03 0.000000000000000000e+00 2.949475135627299810e-05
1.299330320000000029e+03 0.000000000000000000e+00 2.918292889019521666e-05
1.300009769999999889e+03 0.000000000000000000e+00 2.887110183471354574e-05
1.300689210000000003e+03 0.000000000000000000e+00 2.865527915121520754e-05
1.301368649999999889e+03 0.000000000000000000e+00 2.844572104828587059e-05
1.302047970000000078e+03 0.000000000000000000e+00 2.838074929296019368e-05
1.302727290000000039e+03 0.000000000000000000e+00 2.855556980133446606e-05
1.303406739999999900e+03 0.000000000000000000e+00 2.873042376473151083e-05
1.304085939999999937e+03 0.000000000000000000e+00 2.809995956046524825e-05
1.304765259999999898e+03 0.000000000000000000e+00 2.728489520223683764e-05
1.305444580000000087e+03 0.000000000000000000e+00 2.666647385001908978e-05
1.306123779999999897e+03 0.000000000000000000e+00 2.663643398935655089e-05
1.306802979999999934e+03 0.000000000000000000e+00 2.660639412869400522e-05
1.307482299999999896e+03 0.000000000000000000e+00 2.641568725313610762e-05
1.308161380000000008e+03 0.000000000000000000e+00 2.615198878946486477e-05
1.308840580000000045e+03 0.000000000000000000e+00 2.590365395970558376e-05
1.309519780000000083e+03 0.000000000000000000e+00 2.576398811402776491e-05
1.310198849999999993e+03 0.000000000000000000e+00 2.562434900062314383e-05
1.310877930000000106e+03 0.000000000000000000e+00 2.563168411552861614e-05
1.311557009999999991e+03 0.000000000000000000e+00 2.575418845208636844e-05
1.312236079999999902e+03 0.000000000000000000e+00 2.587669098466908768e-05
1.312915040000000090e+03 0.000000000000000000e+00 2.503713542449592183e-05
1.313594119999999975e+03 0.000000000000000000e+00 2.419499775562922522e-05
1.314273069999999962e+03 0.000000000000000000e+00 2.388707359307673842e-05
1.314952029999999922e+03 0.000000000000000000e+00 2.427711849635851284e-05
1.315630979999999909e+03 0.000000000000000000e+00 2.466715765489976820e-05
1.316309809999999970e+03 0.000000000000000000e+00 2.439413287789025416e-05
1.316988769999999931e+03 0.000000000000000000e+00 2.402163999525610722e-05
1.317667599999999993e+03 0.000000000000000000e+00 2.378063192775320043e-05
1.318346440000000030e+03 0.000000000000000000e+00 2.383834432360434875e-05
1.319025270000000091e+03 0.000000000000000000e+00 2.389605586929351863e-05
1.319704099999999926e+03 0.000000000000000000e+00 2.339891098773406910e-05
1.320382810000000063e+03 0.000000000000000000e+00 2.270800591112423099e-05
1.321061519999999973e+03 0.000000000000000000e+00 2.219466041646615766e-05
1.321740360000000010e+03 0.000000000000000000e+00 2.251019522769852246e-05
1.322419069999999920e+03 0.000000000000000000e+00 2.282566961301977615e-05
1.323097659999999905e+03 0.000000000000000000e+00 2.257951136622656641e-05
1.323776370000000043e+03 0.000000000000000000e+00 2.197746156282483578e-05
1.324454960000000028e+03 0.000000000000000000e+00 2.138499983913252526e-05
1.325133669999999938e+03 0.000000000000000000e+00 2.098337335134281130e-05
1.325812259999999924e+03 0.000000000000000000e+00 2.058181787352569825e-05
1.326490720000000010e+03 0.000000000000000000e+00 2.041988011581522761e-05
1.327169309999999996e+03 0.000000000000000000e+00 2.051501255122186121e-05
1.327847899999999981e+03 0.000000000000000000e+00 2.061014498662849481e-05
1.328526370000000043e+03 0.000000000000000000e+00 2.033231741053602741e-05
1.329204829999999902e+03 0.000000000000000000e+00 2.002092287224536426e-05
1.329883299999999963e+03 0.000000000000000000e+00 1.984613689642009238e-05
1.330561770000000024e+03 0.000000000000000000e+00 1.992332629080303697e-05
1.331240109999999959e+03 0.000000000000000000e+00 2.000050089511231884e-05
1.331918580000000020e+03 0.000000000000000000e+00 2.015309337644393835e-05
1.332596919999999955e+03 0.000000000000000000e+00 2.032615158004658808e-05
1.333275270000000091e+03 0.000000000000000000e+00 2.038475280601615309e-05
1.333953610000000026e+03 0.000000000000000000e+00 2.003944016097349489e-05
1.334631840000000011e+03 0.000000000000000000e+00 1.969418351202562164e-05
1.335310179999999946e+03 0.000000000000000000e+00 1.926156201730909939e-05
1.335988399999999956e+03 0.000000000000000000e+00 1.878300823460966933e-05
1.336666629999999941e+03 0.000000000000000000e+00 1.833113051645849203e-05
1.337344849999999951e+03 0.000000000000000000e+00 1.815265962058449034e-05
1.338022950000000037e+03 0.000000000000000000e+00 1.797422030223325419e-05
1.338701170000000047e+03 0.000000000000000000e+00 1.764830640834286584e-05
1.339379269999999906e+03 0.000000000000000000e+00 1.718772810261905940e-05
1.340057369999999992e+03 0.000000000000000000e+00 1.672714979689509372e-05
1.340735470000000078e+03 0.000000000000000000e+00 1.707437060083231959e-05
1.341413569999999936e+03 0.000000000000000000e+00 1.745854856731774864e-05
1.342091550000000097e+03 0.000000000000000000e+00 1.757065390387020558e-05
1.342769649999999956e+03 0.000000000000000000e+00 1.725658781722605217e-05
1.343447629999999890e+03 0.000000000000000000e+00 1.694257730930239834e-05
1.344125610000000052e+03 0.000000000000000000e+00 1.700274985695075751e-05
1.344803589999999986e+03 0.000000000000000000e+00 1.714339228047487293e-05
1.345481449999999995e+03 0.000000000000000000e+00 1.717468362620981151e-05
1.346159419999999955e+03 0.000000000000000000e+00 1.688833831711891975e-05
1.346837279999999964e+03 0.000000000000000000e+00 1.660203946728726503e-05
1.347515139999999974e+03 0.000000000000000000e+00 1.643462750971179387e-05
1.348192990000000009e+03 0.000000000000000000e+00 1.632088071335200880e-05
1.348870850000000019e+03 0.000000000000000000e+00 1.620243049802147945e-05
1.349548579999999902e+03 0.000000000000000000e+00 1.605014582685926228e-05
1.350226319999999987e+03 0.000000000000000000e+00 1.589785890871559153e-05
1.350904170000000022e+03 0.000000000000000000e+00 1.601402486624334802e-05
1.351581789999999955e+03 0.000000000000000000e+00 1.634580359014586919e-05
1.352259520000000066e+03 0.000000000000000000e+00 1.667763617264124177e-05
1.352937259999999924e+03 0.000000000000000000e+00 1.600168502003672895e-05
1.353614870000000110e+03 0.000000000000000000e+00 1.531243657523578637e-05
1.354292480000000069e+03 0.000000000000000000e+00 1.505152060588981225e-05
1.354970090000000027e+03 0.000000000000000000e+00 1.538448600918874881e-05
1.355647709999999961e+03 0.000000000000000000e+00 1.571745632630835307e-05
1.356325319999999920e+03 0.000000000000000000e+00 1.549221622064158389e-05
1.357002809999999954e+03 0.000000000000000000e+00 1.516945589742210848e-05
1.357680299999999988e+03 0.000000000000000000e+00 1.495342256973734882e-05
1.358357790000000023e+03 0.000000000000000000e+00 1.500794121491616155e-05
1.359035280000000057e+03 0.000000000000000000e+00 1.506245986009497428e-05
1.359712770000000091e+03 0.000000000000000000e+00 1.488454028564635971e-05
1.360390139999999974e+03 0.000000000000000000e+00 1.461399904016598720e-05
1.361067630000000008e+03 0.000000000000000000e+00 1.444966216718055565e-05
1.361744999999999891e+03 0.000000000000000000e+00 1.490520157188630723e-05
1.362422360000000026e+03 0.000000000000000000e+00 1.536073425147294847e-05
1.363099609999999984e+03 0.000000000000000000e+00 1.550306783099335221e-05
1.363776980000000094e+03 0.000000000000000000e+00 1.541664427696321031e-05
1.364454220000000078e+03 0.000000000000000000e+00 1.533104810436550854e-05
1.365131470000000036e+03 0.000000000000000000e+00 1.533649803756708264e-05
1.365808719999999994e+03 0.000000000000000000e+00 1.534194797076866013e-05
1.366485959999999977e+03 0.000000000000000000e+00 1.529242284523287654e-05
1.367163209999999935e+03 0.000000000000000000e+00 1.517292198056853416e-05
1.367840329999999994e+03 0.000000000000000000e+00 1.505344405442378549e-05
