9.306945799999999736e+02 1.699341693452633401e-05 1.699341693452633401e-05
9.313851899999999659e+02 2.058968873408795886e-05 1.746216528670753164e-05
9.320757399999999961e+02 2.418564809058064522e-05 1.793087291416549365e-05
9.327663000000000011e+02 2.253082490337045721e-05 1.839958732907731809e-05
9.334568500000000313e+02 1.942317392565715440e-05 1.886829495653528010e-05
9.341473999999999478e+02 1.718661656033214518e-05 1.933700258399316418e-05
9.348378900000000158e+02 1.746921368263122234e-05 1.980566948672789397e-05
9.355283799999999701e+02 1.775181080493025545e-05 2.027433638946254244e-05
9.362188700000000381e+02 1.801649114429724447e-05 2.074300329219727222e-05
9.369093000000000302e+02 1.827453562466865348e-05 2.121162947020868847e-05
9.375997300000000223e+02 1.886346380286120432e-05 2.168025564822010471e-05
9.382901600000000144e+02 2.074536795035525539e-05 2.214888182623152096e-05
9.389805300000000443e+02 2.262710855592792752e-05 2.259804336141113407e-05
9.396708999999999605e+02 2.150659048442209414e-05 2.271296958487129265e-05
9.403612699999999904e+02 1.895336953266468761e-05 2.282789580833146818e-05
9.410515699999999697e+02 1.662022051242518047e-05 2.294281037885822068e-05
9.417418800000000374e+02 1.553401040943405760e-05 2.305772661408976145e-05
9.424321899999999914e+02 1.444780030644311430e-05 2.317264284932128189e-05
9.431224999999999454e+02 1.251885012906480686e-05 2.328755908455280233e-05
9.438127399999999625e+02 1.007957645458776500e-05 2.340246366685092008e-05
9.445029899999999543e+02 8.571663992068681093e-06 2.351736991385380238e-05
9.451931799999999839e+02 1.589384201239290017e-05 2.363226617262805332e-05
9.458833600000000388e+02 2.321591394340835396e-05 2.374716076669753292e-05
9.465735499999999547e+02 2.542008247080110691e-05 2.386205702547176353e-05
9.472637300000000096e+02 2.372757546591575600e-05 2.398607116208742649e-05
9.479538599999999633e+02 2.209922742194212801e-05 2.418707304134412576e-05
9.486439800000000560e+02 2.200507226968353750e-05 2.438807200807888631e-05
9.493341100000000097e+02 2.191091575309481984e-05 2.458907388733558557e-05
9.500241700000000264e+02 2.017980363075636669e-05 2.479005537893845973e-05
9.507142300000000432e+02 1.689031296119935407e-05 2.499103687054133051e-05
9.514043000000000347e+02 1.360077462200982974e-05 2.519202127466617388e-05
9.520943600000000515e+02 1.883072870382662413e-05 2.539300276626904466e-05
9.527843599999999924e+02 2.419645144381997242e-05 2.559396678274002905e-05
9.534743700000000217e+02 2.594364787996748085e-05 2.579493371173301652e-05
9.541643100000000004e+02 2.337562288461831020e-05 2.599588025307214163e-05
9.548542499999999791e+02 2.080759788926913955e-05 2.619682679441127013e-05
9.555441899999999578e+02 2.772720357115670425e-05 2.668943594367047343e-05
9.562341300000000501e+02 3.538592283321193401e-05 2.879757517262265343e-05
9.569240099999999529e+02 3.960229302048843896e-05 3.090553106917761679e-05
9.576138899999999694e+02 3.863856073506218160e-05 3.301348696573292574e-05
9.583037699999999859e+02 3.767482844963591747e-05 3.512144286228822791e-05
9.589935900000000402e+02 3.851170009496372254e-05 3.722921542644701818e-05
9.596834099999999808e+02 3.961651495738019246e-05 3.933698799060545608e-05
9.603731699999999591e+02 4.107997030380050043e-05 4.144457722236736852e-05
9.610629900000000134e+02 4.323542693051230028e-05 4.355234978652615201e-05
9.617527499999999918e+02 4.539069607730503929e-05 4.565993901828807123e-05
9.624424999999999955e+02 4.753417078006512750e-05 4.776749769465062035e-05
9.631322000000000116e+02 4.967477408776448165e-05 4.987490359401600733e-05
9.638219000000000278e+02 5.209285584459352709e-05 5.194934477673613917e-05
9.645116000000000440e+02 5.521299976588705404e-05 5.388857171226617510e-05
9.652012300000000096e+02 5.833282701315614839e-05 5.582760182905532686e-05
9.658908699999999499e+02 5.991452816306266536e-05 5.776666006280737882e-05
9.665805100000000039e+02 6.099379196072308578e-05 5.970571829655974249e-05
9.672701399999999694e+02 6.180245068057964981e-05 6.164474841334889425e-05
9.679597199999999475e+02 6.167515952070759186e-05 6.358363794532328073e-05
9.686492899999999509e+02 6.154787020675855230e-05 6.552249936033476701e-05
9.693388700000000426e+02 6.342014379267568237e-05 6.746138889230946520e-05
9.700283799999999701e+02 6.617115479986692230e-05 6.940008160554295396e-05
9.707178999999999860e+02 6.899480978000244961e-05 7.133880243573966818e-05
9.714073499999999513e+02 7.218625817399000209e-05 7.327732644719549824e-05
9.720968599999999924e+02 7.537798430661542899e-05 7.552329974461939946e-05
9.727863200000000461e+02 7.658137416341375737e-05 7.876868834629629221e-05
9.734757100000000491e+02 7.664025768386542744e-05 8.201374744778132386e-05
9.741651600000000144e+02 7.719864901215547557e-05 8.525908897800185118e-05
9.748545500000000175e+02 8.204290534846587200e-05 8.850414807948686928e-05
9.755438799999999446e+02 8.688674007236449684e-05 9.174892475223586316e-05
9.762332800000000361e+02 9.193959686345885970e-05 9.499403092517726024e-05
9.769226099999999633e+02 9.714676307302593091e-05 9.823880759792625412e-05
9.776119400000000041e+02 1.022281482082136031e-04 1.014835842706757766e-04
9.783012099999999691e+02 1.045361401997004582e-04 1.047280785146892748e-04
9.789904800000000478e+02 1.068441321911876927e-04 1.079725727587033015e-04
9.796797500000000127e+02 1.102869591552202758e-04 1.112170670027167862e-04
9.803690199999999777e+02 1.148087424516687103e-04 1.148022509242259127e-04
9.810582299999999805e+02 1.193301321331366373e-04 1.193072249486433863e-04
9.817474399999999832e+02 1.255679604256836025e-04 1.238121989730608735e-04
9.824365800000000490e+02 1.318371980807901515e-04 1.283167154472666255e-04
9.831257299999999759e+02 1.378155127077186008e-04 1.328212972857874664e-04
9.838148800000000165e+02 1.434389057177904716e-04 1.373258791243090664e-04
9.845040299999999434e+02 1.490622987278614480e-04 1.418304609628299345e-04
9.851931200000000217e+02 1.531515825976111566e-04 1.463346506154556608e-04
9.858822000000000116e+02 1.571062031712436465e-04 1.508387749037647801e-04
9.865712899999999763e+02 1.607034610363979922e-04 1.553429645563897746e-04
9.872603100000000040e+02 1.637363244126058747e-04 1.598466966588030474e-04
9.879493400000000065e+02 1.667692318058723101e-04 1.643504941255321411e-04
9.886383700000000090e+02 1.675977029316356298e-04 1.670878653894266848e-04
9.893273299999999608e+02 1.680562500228789788e-04 1.657278229851893092e-04
9.900163000000000011e+02 1.688849365915755403e-04 1.643677608404384833e-04
9.907052599999999529e+02 1.704840685556643627e-04 1.630077184362011347e-04
9.913941700000000310e+02 1.720830844657036225e-04 1.616477747345300344e-04
9.920830700000000206e+02 1.723530322017263739e-04 1.602878507733724114e-04
9.927719700000000103e+02 1.722748317102573983e-04 1.589279268122147613e-04
9.934608799999999746e+02 1.707547892450997069e-04 1.575679831105438779e-04
9.941497200000000021e+02 1.651418236019448326e-04 1.562081775924659805e-04
9.948385600000000295e+02 1.595288579587899854e-04 1.548483720743880560e-04
9.955273399999999810e+02 1.559622067639867865e-04 1.534886849993901011e-04
9.962161300000000210e+02 1.531593833355642345e-04 1.521289781838786417e-04
9.969049099999999726e+02 1.501067874809058173e-04 1.497426946757813529e-04
9.975936900000000378e+02 1.460272493468861999e-04 1.452551619127187240e-04
9.982824100000000271e+02 1.419480665836502181e-04 1.407680200610735347e-04
9.989711300000000165e+02 1.373756805790145232e-04 1.362808782094283725e-04
9.996597900000000436e+02 1.325531916365515605e-04 1.317941272691999181e-04
1.000348449999999957e+03 1.276739167570506938e-04 1.273073763289722226e-04
1.001037109999999984e+03 1.224155679901380359e-04 1.228206253887437682e-04
1.001725770000000011e+03 1.171572192232253780e-04 1.183338744485153273e-04
1.002414369999999963e+03 1.131806866842487397e-04 1.138475144197043532e-04
1.003102970000000028e+03 1.100679554253553830e-04 1.093611543908926337e-04
1.003791560000000004e+03 1.067998670351546017e-04 1.048748595139843177e-04
1.004480099999999993e+03 1.012657275698469403e-04 1.003888903965900650e-04
1.005168639999999982e+03 9.573158810453927887e-05 9.662263951148629892e-05
1.005857179999999971e+03 9.267004603672157311e-05 9.418642631097351101e-05
1.006545650000000023e+03 9.179419463292821880e-05 9.175046078659265965e-05
1.007234130000000050e+03 9.091833050742727956e-05 8.931445987990730014e-05
1.007922609999999963e+03 8.889809403954717422e-05 8.687845897322234721e-05
1.008611020000000053e+03 8.687501020583569930e-05 8.444270574266892425e-05
1.009299440000000004e+03 8.373133421439663817e-05 8.200691712981139972e-05
1.009987849999999980e+03 7.929167950656048605e-05 7.957116389925838335e-05
1.010676270000000045e+03 7.485196030729121184e-05 7.713537528640045224e-05
1.011364619999999945e+03 7.306316975643354825e-05 7.469983434967525729e-05
1.012052919999999972e+03 7.147413897485948003e-05 7.226447032447258956e-05
1.012741269999999986e+03 6.964045201284748451e-05 6.982892938774700158e-05
1.013429570000000012e+03 6.743364968003664594e-05 6.789756076693164604e-05
1.014117859999999951e+03 6.522687940886104157e-05 6.682442192181342806e-05
1.014806090000000040e+03 6.407935352780676815e-05 6.575137662495328503e-05
1.015494320000000016e+03 6.310161436908448714e-05 6.467833132809331818e-05
1.016182559999999967e+03 6.193175176785365734e-05 6.360527043985700324e-05
1.016870790000000056e+03 6.036729020122252236e-05 6.253222514299686021e-05
1.017558959999999956e+03 5.880296502459805722e-05 6.145927339439532068e-05
1.018247129999999970e+03 5.729307179343534785e-05 6.038632164579359142e-05
1.018935240000000022e+03 5.579752584300141336e-05 5.931346344545011329e-05
1.019623349999999959e+03 5.483799931794031829e-05 5.824060524510681135e-05
1.020311460000000011e+03 5.541913710893700280e-05 5.716774704476333322e-05
1.020999569999999949e+03 5.600027489993359244e-05 5.609488884442003127e-05
1.021687620000000038e+03 5.481292078340510587e-05 5.521684391837375572e-05
1.022375670000000014e+03 5.294940449710607526e-05 5.465026987808918943e-05
1.023063719999999989e+03 5.141871538469038462e-05 5.408369583780461636e-05
1.023751710000000003e+03 5.132167874809463374e-05 5.351717120445616618e-05
1.024439699999999903e+03 5.122464211149888963e-05 5.295064657110781087e-05
1.025127690000000030e+03 5.031339214449529276e-05 5.238412193775926582e-05
1.025815550000000030e+03 4.897031050008716284e-05 5.181770435277247960e-05
1.026503539999999930e+03 4.791154861932111754e-05 5.125117971942412428e-05
1.027191409999999905e+03 4.898712289266939258e-05 5.068475389994800119e-05
1.027879269999999906e+03 5.006268152971617602e-05 5.011833631496121497e-05
1.028567140000000109e+03 5.002035356338122149e-05 4.955191049548490214e-05
1.029255000000000109e+03 4.917597883872276590e-05 4.898549291049812270e-05
1.029942870000000084e+03 4.834287497874824069e-05 4.855501481726494682e-05
1.030630619999999908e+03 4.774035360808770326e-05 4.833256493503483244e-05
1.031318479999999909e+03 4.713773586905074548e-05 4.811007947376133771e-05
1.032006229999999960e+03 4.642241352921356820e-05 4.788762959153114880e-05
1.032693970000000036e+03 4.559908477956062500e-05 4.766518294375943730e-05
1.033381710000000112e+03 4.477575602990768180e-05 4.744273629598772581e-05
1.034069340000000011e+03 4.629185904761961385e-05 4.722032522725939468e-05
1.034757080000000087e+03 4.786872287418193696e-05 4.699787857948767642e-05
1.035444700000000012e+03 4.860515797569187410e-05 4.677547074521782271e-05
1.036132319999999936e+03 4.826571239916335537e-05 4.655306291094796222e-05
1.036820069999999987e+03 4.792620264776355476e-05 4.633061302871777331e-05
1.037507569999999987e+03 4.677281576674755431e-05 4.610824400794970285e-05
1.038195189999999911e+03 4.553094170627736945e-05 4.578883383270041256e-05
1.038882810000000063e+03 4.518644368828391187e-05 4.532491478316621781e-05
1.039570310000000063e+03 4.639941100170395761e-05 4.486107669446215830e-05
1.040257810000000063e+03 4.761237831512400335e-05 4.439723860575809879e-05
1.040945310000000063e+03 4.626672956926962876e-05 4.393340051705403929e-05
1.041632810000000063e+03 4.439268127395218057e-05 4.346956242834997978e-05
1.042320310000000063e+03 4.291286618880607736e-05 4.300572433964592028e-05
1.043007689999999911e+03 4.238866568796917947e-05 4.254196721177198924e-05
1.043695189999999911e+03 4.186437367434433349e-05 4.207812912306792974e-05
1.044382569999999987e+03 4.155298010472347956e-05 4.161437199519384963e-05
1.045069950000000063e+03 4.131060360483543499e-05 4.115061486731976274e-05
1.045757319999999936e+03 4.091900359489984885e-05 4.068686448618165146e-05
1.046444700000000012e+03 3.999120812145786301e-05 4.014118703193060670e-05
1.047131959999999935e+03 3.906357461876997400e-05 3.947474120916765990e-05
1.047819340000000011e+03 3.867315469982532459e-05 3.880817902069329419e-05
1.048506589999999960e+03 3.853524294170663106e-05 3.814174289507293853e-05
1.049193850000000111e+03 3.829239066481717878e-05 3.747529707230977489e-05
1.049881100000000060e+03 3.741875704111988254e-05 3.680886094668941246e-05
1.050568359999999984e+03 3.654511070540190730e-05 3.614241512392647244e-05
1.051255490000000009e+03 3.605390571073940073e-05 3.547609536401731209e-05
1.051942749999999933e+03 3.581234269594683769e-05 3.480964954125437207e-05
1.052629879999999957e+03 3.549998502200179726e-05 3.414332978134521172e-05
1.053317019999999957e+03 3.420067022621232276e-05 3.347700032429347378e-05
1.054004149999999981e+03 3.290137433944856067e-05 3.281068056438431343e-05
1.054691280000000006e+03 3.220900204053916109e-05 3.222060828330160383e-05
1.055378300000000081e+03 3.205771201249313547e-05 3.174404996497113179e-05
1.056065430000000106e+03 3.190639776113035733e-05 3.126741534403666765e-05
1.056752439999999979e+03 3.052183326285091861e-05 3.079086396230670022e-05
1.057439450000000079e+03 2.912576816112582325e-05 3.031431258057657016e-05
1.058126459999999952e+03 2.882770371992678002e-05 2.983776119884660273e-05
1.058813480000000027e+03 2.985979847307021124e-05 2.936120288051613069e-05
1.059500489999999900e+03 3.089187820343739302e-05 2.888465149878615987e-05
1.060187380000000076e+03 3.034156644935228768e-05 2.840818335626037406e-05
1.060874270000000024e+03 2.964168655042551549e-05 2.793171521373474071e-05
1.061561159999999973e+03 2.875302923151178036e-05 2.745524707120911074e-05
1.062248049999999921e+03 2.754924058594683181e-05 2.697877892868347739e-05
1.062934940000000097e+03 2.634545194038148008e-05 2.671623021334063887e-05
1.063621830000000045e+03 2.671431440722259648e-05 2.678031387679460245e-05
1.064308590000000095e+03 2.739161637549216281e-05 2.684438541184920021e-05
1.064995480000000043e+03 2.804135634246803310e-05 2.690846907530316379e-05
1.065682250000000067e+03 2.862538178167523800e-05 2.697254154331155579e-05
1.066369020000000091e+03 2.920940722088244290e-05 2.703661401131994779e-05
1.067055659999999989e+03 2.890569527414511673e-05 2.710067435092895026e-05
1.067742430000000013e+03 2.831773169981176657e-05 2.716474681893734226e-05
1.068429080000000113e+03 2.767863636939432232e-05 2.722880809150016269e-05
1.069115839999999935e+03 2.685557811315856088e-05 2.729287962655473673e-05
1.069802490000000034e+03 2.603265168814179574e-05 2.735694089911755715e-05
1.070489139999999907e+03 2.667652884974707907e-05 2.742100217168035386e-05
1.071175780000000032e+03 2.801572881807518121e-05 2.729992843605291282e-05
1.071862300000000005e+03 2.900788655494547581e-05 2.688370672300911717e-05
1.072548950000000104e+03 2.784594594173159693e-05 2.646740619387438615e-05
1.073235470000000078e+03 2.668422531290548982e-05 2.605118448083059050e-05
1.073922000000000025e+03 2.573787204127874097e-05 2.563495670501058808e-05
1.074608519999999999e+03 2.493590979847227820e-05 2.521873499196679243e-05
1.075295039999999972e+03 2.415307539361370929e-05 2.480251327892299678e-05
1.075981569999999920e+03 2.367712124315854926e-05 2.438628550310299435e-05
1.076667969999999968e+03 2.320125721846557222e-05 2.397013654337379178e-05
1.077354370000000017e+03 2.281718232751535835e-05 2.355398758364458581e-05
1.078040770000000066e+03 2.251843890737550838e-05 2.313783862391537985e-05
1.078727169999999887e+03 2.221969548723575668e-05 2.272168966418631618e-05
1.079413569999999936e+03 2.268823642408191474e-05 2.242878903341384146e-05
1.080099979999999960e+03 2.317437519478189866e-05 2.234518247244174875e-05
1.080786250000000109e+03 2.333207483093734799e-05 2.226159296384145228e-05
1.081472659999999905e+03 2.306676508887121017e-05 2.217798640286938668e-05
1.082158940000000030e+03 2.280150559413011432e-05 2.209439567624253237e-05
1.082845209999999952e+03 2.231475834112299063e-05 2.201080616764226300e-05
1.083531369999999924e+03 2.180246857610736437e-05 2.192723005733412652e-05
1.084217650000000049e+03 2.158196452141946485e-05 2.184363933070727559e-05
1.084903929999999946e+03 2.189169630533811990e-05 2.176004860408045177e-05
1.085590089999999918e+03 2.220137393087528725e-05 2.167647249377231529e-05
1.086276249999999891e+03 2.199249903506413217e-05 2.159289638346417880e-05
1.086962399999999889e+03 2.166507323207518242e-05 2.150932149118259677e-05
1.087648560000000089e+03 2.134656817387902745e-05 2.144169607896524699e-05
1.088334589999999935e+03 2.105189905505578776e-05 2.140347467869395967e-05
1.089020749999999907e+03 2.075717409758775746e-05 2.136524603561690451e-05
1.089706789999999955e+03 2.066303876574255069e-05 2.132702407820670102e-05
1.090392820000000029e+03 2.064258109661196053e-05 2.128880267793540015e-05
1.091078860000000077e+03 2.066007172923289004e-05 2.125058072052519667e-05
1.091764889999999923e+03 2.083986316755361232e-05 2.121235932025390935e-05
1.092450810000000047e+03 2.101962577760419380e-05 2.117414404851055755e-05
1.093136839999999893e+03 2.121726797300852273e-05 2.113592264823927023e-05
1.093822750000000042e+03 2.142459134180256167e-05 2.109770793363482103e-05
1.094508669999999938e+03 2.157702404363356319e-05 2.105949266189148278e-05
1.095194580000000087e+03 2.126509916067096046e-05 2.102127794728703359e-05
1.095880490000000009e+03 2.095317427770846275e-05 2.110300523624902700e-05
1.096566409999999905e+03 2.141119869460186075e-05 2.143003194858310179e-05
1.097252199999999903e+03 2.246557991228614941e-05 2.175699668069707343e-05
1.097937989999999900e+03 2.348870900687394228e-05 2.208396141281104846e-05
1.098623779999999897e+03 2.304263684852244493e-05 2.241092614492502010e-05
1.099309569999999894e+03 2.259656469017094419e-05 2.273789087703899513e-05
1.099995359999999891e+03 2.263242831523030809e-05 2.306485560915296678e-05
1.100681149999999889e+03 2.319324428554652996e-05 2.339182034126694181e-05
1.101366819999999962e+03 2.375396212390340961e-05 2.371872786087004457e-05
1.102052490000000034e+03 2.416645354870414976e-05 2.404563538047315072e-05
1.102738160000000107e+03 2.456876397649679998e-05 2.437254290007625349e-05
1.103423829999999953e+03 2.484776466371496756e-05 2.469945041967925122e-05
1.104109500000000025e+03 2.493624316720271595e-05 2.505461672889616374e-05
1.104795170000000098e+03 2.502472167069046434e-05 2.547548013934922779e-05
1.105480710000000045e+03 2.561310972832480512e-05 2.589626375596062901e-05
1.106166259999999966e+03 2.628980090384983392e-05 2.631705351055982960e-05
1.106851809999999887e+03 2.685545186717297152e-05 2.673784326515902680e-05
1.107537350000000060e+03 2.717000447814766945e-05 2.715862688177056694e-05
1.108222899999999981e+03 2.748456167751404909e-05 2.757941663636976753e-05
1.108908449999999903e+03 2.778259504950714818e-05 2.800020639096896812e-05
1.109593869999999924e+03 2.807545038948198746e-05 2.842091635172664478e-05
1.110279299999999921e+03 2.842529111285010040e-05 2.884163245047212081e-05
1.110964719999999943e+03 2.897762743583404271e-05 2.926234241122980086e-05
1.111650149999999940e+03 2.952997181718105743e-05 2.968305850997527689e-05
1.112335569999999962e+03 3.017158325384662406e-05 3.011815137525685788e-05
1.113020999999999958e+03 3.085601853311609947e-05 3.059236949532067348e-05
1.113706300000000056e+03 3.157395994164726008e-05 3.106649767424453801e-05
1.114391599999999926e+03 3.251309533081101990e-05 3.154062585316824669e-05
1.115076900000000023e+03 3.345223071997508466e-05 3.201475403209210445e-05
1.115762210000000096e+03 3.382929088339756667e-05 3.248888912956518504e-05
1.116447509999999966e+03 3.381278380840693982e-05 3.296301730848889372e-05
1.117132689999999911e+03 3.379161395400009547e-05 3.343706246482185384e-05
1.117817990000000009e+03 3.366819527684322894e-05 3.391119064374571837e-05
1.118503169999999955e+03 3.354479821101173545e-05 3.438523580007868527e-05
1.119188349999999900e+03 3.396013026846178247e-05 3.485928095641164539e-05
1.119873540000000048e+03 3.491594892133547719e-05 3.533333303129398419e-05
1.120558590000000095e+03 3.587157227858095806e-05 3.578009642747369864e-05
1.121243770000000040e+03 3.622750412245539321e-05 3.613714802444247193e-05
1.121928830000000062e+03 3.655482561779882777e-05 3.649413708865838430e-05
1.122613890000000083e+03 3.696604944921324978e-05 3.685112615287428989e-05
1.123298950000000104e+03 3.749809423276074697e-05 3.720811521709020225e-05
1.123984009999999898e+03 3.803013901630806121e-05 3.756510428130599265e-05
1.124669069999999920e+03 3.813428537680228547e-05 3.792209334552190501e-05
1.125354000000000042e+03 3.817160526221388130e-05 3.827901466592221466e-05
1.126039060000000063e+03 3.834912584568354605e-05 3.863600373013812702e-05
1.126723999999999933e+03 3.882492974516876593e-05 3.899293026160104971e-05
1.127408940000000030e+03 3.930073364465414167e-05 3.934985679306409438e-05
1.128093869999999924e+03 3.969527736088288966e-05 3.970677811346428883e-05
1.128778690000000097e+03 4.006611153879700984e-05 3.999254430903419818e-05
1.129463619999999992e+03 4.038306437395545561e-05 3.997863157599389178e-05
1.130148439999999937e+03 4.051858220597748706e-05 3.996472107734342326e-05
1.130833249999999907e+03 4.065409805911701332e-05 3.995081078181930240e-05
1.131518070000000080e+03 4.046962127595706655e-05 3.993690028316882709e-05
1.132202880000000050e+03 4.013692003651016249e-05 3.992298998764470623e-05
1.132887699999999995e+03 3.991476904799643886e-05 3.990907948899423093e-05
1.133572390000000041e+03 4.038532637384463085e-05 3.989517163098630238e-05
1.134257080000000087e+03 4.085588369969282284e-05 3.988126377297836704e-05
1.134941769999999906e+03 4.090995126226940569e-05 3.986735591497044527e-05
1.135626459999999952e+03 4.067665286546510761e-05 3.985344805696250994e-05
1.136311159999999973e+03 4.042115680857834075e-05 3.983953999582823372e-05
1.136995850000000019e+03 3.970162370556388533e-05 3.980712938395928935e-05
1.137680419999999913e+03 3.898221670921445732e-05 3.966712022815454473e-05
1.138364990000000034e+03 3.908137928071788342e-05 3.952711107234975946e-05
1.139049559999999929e+03 4.000145056427686587e-05 3.938710191654501484e-05
1.139734130000000050e+03 4.092152184783615326e-05 3.924709276074022957e-05
1.140418699999999944e+03 4.025152876586840950e-05 3.910708360493549173e-05
1.141103149999999914e+03 3.950280133364034873e-05 3.896709899168838986e-05
1.141787720000000036e+03 3.889281728727774407e-05 3.882708983588360459e-05
1.142472170000000006e+03 3.848606237391211012e-05 3.868710522263650950e-05
1.143156619999999975e+03 3.807930746054647618e-05 3.854712060938940763e-05
1.143841059999999970e+03 3.796532984094300384e-05 3.840713804135544604e-05
1.144525509999999940e+03 3.789936496562996710e-05 3.826715342810834417e-05
1.145209839999999986e+03 3.820819334877374295e-05 3.819460495626529915e-05
1.145894289999999955e+03 3.934302573323646379e-05 3.874948208974281856e-05
1.146578610000000026e+03 4.047764257498624773e-05 3.930425383345147921e-05
1.147262940000000071e+03 4.092183647183753850e-05 3.985903368406542365e-05
1.147947269999999889e+03 4.115422710027826582e-05 4.041381353467917836e-05
1.148631470000000036e+03 4.141101659563572763e-05 4.096848799552426404e-05
1.149315800000000081e+03 4.175572529614767441e-05 4.152326784613820170e-05
1.150000000000000000e+03 4.210036851344083211e-05 4.207794230698310442e-05
1.150684199999999919e+03 4.274755237152099617e-05 4.263261676782800037e-05
1.151368410000000040e+03 4.354356343522559257e-05 4.318729933557836307e-05
1.152052609999999959e+03 4.427620473224508764e-05 4.374197379642325901e-05
1.152736820000000080e+03 4.455527961716552484e-05 4.429665636417362849e-05
1.153420900000000074e+03 4.483430147781697903e-05 4.482913395640683997e-05
1.154104980000000069e+03 4.477056587327264442e-05 4.486999519694844375e-05
1.154789060000000063e+03 4.445306306942595280e-05 4.491085643749004753e-05
1.155473140000000058e+03 4.416111941185708379e-05 4.495171767803165131e-05
1.156157230000000027e+03 4.480516109022868296e-05 4.499257951588995260e-05
1.156841310000000021e+03 4.544919335402505649e-05 4.503344075643155638e-05
1.157525270000000091e+03 4.564004999370317083e-05 4.507429482917281032e-05
1.158209229999999934e+03 4.533712147997640419e-05 4.511514890191405070e-05
1.158893190000000004e+03 4.503419296624952913e-05 4.515600297465531142e-05
1.159577150000000074e+03 4.525130739961489526e-05 4.519685704739656536e-05
1.160261109999999917e+03 4.550754097404958347e-05 4.523771112013781252e-05
1.160945069999999987e+03 4.557151292325003757e-05 4.527856519287906645e-05
1.161628909999999905e+03 4.532393812962166077e-05 4.531941209781996377e-05
1.162312740000000076e+03 4.507636695635458502e-05 4.477505894591792766e-05
1.162996579999999994e+03 4.459222337314464328e-05 4.422148857009239846e-05
1.163680419999999913e+03 4.406062218151952968e-05 4.366791819426686248e-05
1.164364260000000058e+03 4.346016119045113764e-05 4.311434781844115032e-05
1.165047970000000078e+03 4.268624992715892207e-05 4.256088267797594369e-05
1.165731809999999996e+03 4.191219151308033176e-05 4.200731230215041449e-05
1.166415529999999990e+03 4.148041412618383488e-05 4.145383906665750116e-05
1.167099240000000009e+03 4.117208323087606712e-05 4.090037392619228775e-05
1.167782840000000078e+03 4.075231666858181780e-05 4.034699783103199707e-05
1.168466550000000097e+03 3.984301512236872780e-05 3.979353269056678366e-05
1.169150270000000091e+03 3.893370027663473618e-05 3.924005945507387034e-05
1.169833859999999959e+03 3.864691964402827034e-05 3.868669145494146253e-05
1.170517460000000028e+03 3.871594955095706691e-05 3.811171069446139212e-05
1.171201049999999896e+03 3.867053872307345567e-05 3.753489737483037898e-05
1.171884639999999990e+03 3.741821333368001274e-05 3.695808405519918289e-05
1.172568119999999908e+03 3.616608946243788400e-05 3.638136355358062134e-05
1.173251710000000003e+03 3.551273407372987042e-05 3.580455023394942525e-05
1.173935179999999946e+03 3.537626907783548107e-05 3.522783817033198211e-05
1.174618649999999889e+03 3.523980408194109172e-05 3.465112610671453898e-05
1.175302120000000059e+03 3.468345228203347343e-05 3.407441404309689934e-05
1.175985599999999977e+03 3.412146694366625601e-05 3.349769354147834457e-05
1.176668949999999995e+03 3.343474203073327773e-05 3.292108273387445790e-05
1.177352419999999938e+03 3.258687425404065808e-05 3.234437067025702154e-05
1.178035769999999957e+03 3.173915534142860611e-05 3.176775986265313487e-05
1.178719119999999975e+03 3.166768304874548765e-05 3.147902098947671213e-05
1.179402469999999994e+03 3.169552405653877907e-05 3.123951493245984151e-05
1.180085690000000113e+03 3.168421110933514911e-05 3.100005443889858081e-05
1.180769039999999904e+03 3.159560285025762708e-05 3.076054838188179151e-05
1.181452269999999999e+03 3.150701015127531634e-05 3.052108438343933110e-05
1.182135500000000093e+03 3.127000046732895174e-05 3.028162038499687407e-05
1.182818729999999960e+03 3.099244283811520802e-05 3.004215638655449835e-05
1.183501950000000079e+03 3.063376651077114510e-05 2.980269589299323427e-05
1.184185179999999946e+03 3.001039427375276806e-05 2.956323189455085517e-05
1.184868289999999888e+03 2.938713152353736652e-05 2.932380995468288965e-05
1.185551390000000083e+03 2.904688729378396801e-05 2.908439151969603576e-05
1.186234500000000025e+03 2.883756508710782552e-05 2.884496957982807025e-05
1.186917599999999993e+03 2.862705257300888931e-05 2.851771849754756552e-05
1.187600709999999935e+03 2.840872990892981609e-05 2.816593745189382091e-05
1.188283809999999903e+03 2.819041044086110056e-05 2.781416155593843882e-05
1.188966799999999921e+03 2.815321941101817931e-05 2.746244230666514935e-05
1.189649779999999964e+03 2.824650160884882824e-05 2.711072820709022239e-05
1.190332760000000007e+03 2.831170188207647709e-05 2.675901410751529543e-05
1.191015750000000025e+03 2.746397829166070104e-05 2.640729485824200597e-05
1.191698730000000069e+03 2.661626711319221554e-05 2.605558075866707901e-05
1.192381589999999960e+03 2.592552150749750860e-05 2.570392845547272238e-05
1.193064579999999978e+03 2.540579879577673842e-05 2.535220920619943292e-05
1.193747440000000097e+03 2.488617500783592276e-05 2.500055690300495771e-05
1.194430299999999988e+03 2.461673198297694017e-05 2.464890459981060447e-05
1.195113160000000107e+03 2.436712627619968722e-05 2.444089358077266606e-05
1.195795900000000074e+03 2.418547578092012062e-05 2.429296846408010742e-05
1.196478759999999966e+03 2.411728985399578192e-05 2.414501734771857828e-05
1.197161499999999933e+03 2.404911590948544630e-05 2.399709223102601964e-05
1.197844239999999900e+03 2.386431547831414078e-05 2.384916711433346099e-05
1.198526980000000094e+03 2.365430838487993316e-05 2.370124199764085153e-05
1.199209720000000061e+03 2.349031610155974994e-05 2.355331688094829289e-05
1.199892329999999902e+03 2.345075140431984590e-05 2.340541993056382967e-05
1.200575070000000096e+03 2.341117917216153663e-05 2.325749481387122020e-05
1.201257689999999911e+03 2.323839593866043542e-05 2.310959569684767950e-05
1.201940309999999954e+03 2.301314807541106165e-05 2.296169657982408797e-05
1.202622920000000022e+03 2.280751626387716527e-05 2.281379962943957392e-05
1.203305540000000065e+03 2.270135596658919756e-05 2.272544673844295425e-05
1.203988039999999955e+03 2.259521433156675620e-05 2.267300242154986648e-05
1.204670650000000023e+03 2.238935079043103039e-05 2.262054965209287356e-05
1.205353149999999914e+03 2.212025701984273747e-05 2.256810533519978580e-05
1.206035640000000058e+03 2.187877583422104835e-05 2.251566178672158094e-05
1.206718139999999948e+03 2.207891744121909239e-05 2.246321746982849656e-05
1.207400509999999940e+03 2.227902092600630399e-05 2.241078314232909671e-05
1.208083010000000058e+03 2.225147075022120466e-05 2.235833882543599200e-05
1.208765380000000050e+03 2.200119089802389836e-05 2.230590449793659215e-05
1.209447750000000042e+03 2.175091104582658867e-05 2.225347017043719229e-05
1.210130130000000008e+03 2.193070219481054961e-05 2.220103507452289598e-05
1.210812500000000000e+03 2.213198045543800070e-05 2.214860074702349613e-05
1.211494750000000067e+03 2.197186683983554480e-05 2.200300715418989842e-05
1.212177120000000059e+03 2.126651092005216561e-05 2.177736525950677170e-05
1.212859380000000101e+03 2.056126870566489149e-05 2.155175973894384576e-05
1.213541629999999941e+03 2.032228452886935058e-05 2.132615752511918858e-05
1.214223880000000008e+03 2.016878597464857913e-05 2.110055531129445685e-05
1.214906009999999924e+03 2.011402928945431955e-05 2.087499277832819805e-05
1.215588259999999991e+03 2.029962423182718180e-05 2.064939056450346632e-05
1.216270389999999907e+03 2.048518653016469796e-05 2.042382803153720752e-05
1.216952510000000075e+03 2.018085872720534797e-05 2.019826880530906839e-05
1.217634639999999990e+03 1.970165162510589092e-05 1.997270627234280958e-05
1.218316769999999906e+03 1.931858387029348689e-05 1.974714373937655078e-05
1.218998900000000049e+03 1.936556495873463239e-05 1.952158120641021404e-05
1.219680910000000040e+03 1.941253778228401280e-05 1.934681725457615786e-05
1.220363039999999955e+03 1.948830385457707935e-05 1.923471173338413531e-05
1.221045039999999972e+03 1.958108032094479516e-05 1.912262757720719958e-05
1.221727049999999963e+03 1.964124757896494892e-05 1.901054177756757112e-05
1.222408940000000030e+03 1.929292710225424099e-05 1.889847569948033674e-05
1.223090940000000046e+03 1.894455043575863886e-05 1.878639154330340102e-05
1.223772830000000113e+03 1.880929713529227797e-05 1.867432546521616664e-05
1.224454709999999977e+03 1.887152862300526922e-05 1.856226103059166566e-05
1.225136600000000044e+03 1.893376102336401966e-05 1.845019495250442790e-05
1.225818479999999909e+03 1.889260919010153284e-05 1.833813051787992692e-05
1.226500369999999975e+03 1.884759833449614687e-05 1.822606443979269254e-05
1.227182129999999916e+03 1.850189168480900260e-05 1.811401972672058565e-05
1.227864010000000007e+03 1.772145403386718988e-05 1.801765428959979163e-05
1.228545779999999922e+03 1.694114228211840859e-05 1.795015940944926641e-05
1.229227540000000090e+03 1.727032582656924927e-05 1.788266551929358741e-05
1.229909180000000106e+03 1.778952153885625596e-05 1.781518350907634426e-05
1.230590940000000046e+03 1.805972500135479290e-05 1.774768961892068559e-05
1.231272580000000062e+03 1.774354645465393970e-05 1.768020760870343906e-05
1.231954349999999977e+03 1.742730760748504426e-05 1.761271272855291723e-05
1.232635989999999993e+03 1.740180309523285432e-05 1.754523071833567069e-05
1.233317630000000008e+03 1.747692410258711569e-05 1.747774870811842754e-05
1.233999150000000100e+03 1.751278468953946523e-05 1.741027857783959991e-05
1.234680789999999888e+03 1.737779217091750953e-05 1.734279656762237708e-05
1.235362300000000005e+03 1.724282539759714554e-05 1.727532742733841261e-05
1.236043820000000096e+03 1.723150230246666453e-05 1.721357852476838028e-05
1.236725339999999960e+03 1.729253592876149948e-05 1.716877534948985874e-05
1.237406860000000052e+03 1.733441461844834966e-05 1.712397217421132026e-05
1.238088379999999916e+03 1.713960380732731484e-05 1.707916899893279872e-05
1.238769780000000083e+03 1.694482729791022349e-05 1.703437371246314602e-05
1.239451170000000047e+03 1.683113087850024250e-05 1.698957908339424934e-05
1.240132569999999987e+03 1.679279330597101161e-05 1.694478379692461020e-05
1.240813959999999952e+03 1.675445629607125932e-05 1.689998916785571013e-05
1.241495359999999891e+03 1.683164945524326560e-05 1.685519388138607098e-05
1.242176760000000058e+03 1.691340446711792555e-05 1.681039859491641829e-05
1.242858030000000099e+03 1.691347355155909958e-05 1.676561185465640400e-05
1.243539309999999887e+03 1.679379590601273367e-05 1.672082445699566081e-05
1.244220579999999927e+03 1.667412001712504602e-05 1.669218632591420973e-05
1.244901859999999942e+03 1.671507600610909261e-05 1.675660229868936060e-05
1.245583129999999983e+03 1.678469139249549871e-05 1.682101732595058741e-05
1.246264280000000099e+03 1.681724109601094504e-05 1.688542100704470535e-05
1.246945429999999988e+03 1.675976389206919827e-05 1.694982468813880297e-05
1.247626590000000078e+03 1.670228584430149635e-05 1.701422931474684495e-05
1.248307739999999967e+03 1.690946861804771414e-05 1.707863299584094256e-05
1.248988890000000083e+03 1.721253716666050812e-05 1.714303667693506050e-05
1.249670039999999972e+03 1.750730547548896303e-05 1.720744035802915811e-05
1.250351069999999936e+03 1.776340215591022618e-05 1.727183269295614685e-05
1.251032099999999900e+03 1.801949883633148934e-05 1.733622502788313219e-05
1.251713130000000092e+03 1.785982129810762702e-05 1.740061736281014126e-05
1.252394170000000031e+03 1.744452848100187437e-05 1.746351743835251955e-05
1.253075199999999995e+03 1.704961664152387284e-05 1.748924704347740202e-05
1.253756100000000060e+03 1.696284011166012068e-05 1.751497173714660561e-05
1.254437130000000025e+03 1.687604701409351111e-05 1.754070134227148808e-05
1.255118040000000065e+03 1.696539283938863416e-05 1.756642641374497231e-05
1.255798950000000104e+03 1.722810841924948128e-05 1.759215148521845655e-05
1.256479739999999993e+03 1.749077769949713041e-05 1.761787202304053240e-05
1.257160640000000058e+03 1.776051516346983190e-05 1.764359671670973260e-05
1.257841429999999946e+03 1.803061110475988622e-05 1.766931725453180845e-05
1.258522220000000061e+03 1.814857451722015061e-05 1.769503779235389446e-05
1.259202999999999975e+03 1.802624041707703072e-05 1.772075795237168627e-05
1.259883790000000090e+03 1.790390451996421635e-05 1.774647849019377228e-05
1.260564579999999978e+03 1.778349904788343049e-05 1.777219902801584474e-05
1.261245239999999967e+03 1.766351434314612800e-05 1.779835122174879884e-05
1.261926030000000083e+03 1.758245586650369365e-05 1.782454401789531815e-05
1.262606690000000071e+03 1.760629480469170287e-05 1.785073181240623682e-05
1.263287350000000060e+03 1.763013374287970871e-05 1.787691960691715549e-05
1.263968020000000024e+03 1.729612425124784890e-05 1.790310778616927343e-05
1.264648560000000089e+03 1.681744232752213232e-05 1.792929096378579750e-05
1.265329220000000078e+03 1.640649360372710763e-05 1.795547875829671278e-05
1.266009769999999889e+03 1.637054560575077565e-05 1.798166232065442595e-05
1.266690309999999954e+03 1.633459813599422522e-05 1.800784549827095003e-05
1.267370850000000019e+03 1.671223295976981369e-05 1.803402867588747071e-05
1.268051269999999931e+03 1.737254847093440267e-05 1.806020723660959002e-05
1.268731809999999996e+03 1.801849868211469549e-05 1.808639041422611409e-05
1.269412229999999909e+03 1.826269820547441280e-05 1.814513863067081608e-05
1.270092650000000049e+03 1.850689772883421143e-05 1.821173520647151409e-05
1.270773069999999962e+03 1.868997980474418853e-05 1.827833178227218839e-05
1.271453490000000102e+03 1.880562459270625040e-05 1.834492835807288640e-05
1.272133910000000014e+03 1.892126938066827839e-05 1.841152493387356070e-05
1.272814210000000003e+03 1.885944513776197809e-05 1.847810976459165379e-05
1.273494509999999991e+03 1.878131507186544004e-05 1.854469459530974689e-05
1.274174800000000005e+03 1.867996517078095967e-05 1.861127844727095934e-05
1.274855099999999993e+03 1.853660654888852500e-05 1.867786327798905244e-05
1.275535399999999981e+03 1.839324792699609373e-05 1.874444810870714553e-05
1.276215580000000045e+03 1.856762719337398852e-05 1.881102119434265404e-05
1.276895870000000059e+03 1.882349939796267634e-05 1.887760504630386650e-05
1.277576049999999896e+03 1.899357662518737634e-05 1.900017145848966320e-05
1.278256229999999960e+03 1.888576859585723312e-05 1.914881073448423319e-05
1.278936279999999897e+03 1.877798117143142186e-05 1.929742160166658105e-05
1.279616459999999961e+03 1.893880187307077909e-05 1.944606087766115104e-05
1.280296509999999898e+03 1.922859852508891268e-05 1.959467174484349550e-05
1.280976560000000063e+03 1.949580016020947243e-05 1.974328261202589079e-05
1.281656739999999900e+03 1.958953970139100495e-05 1.989192188802040996e-05
1.282336669999999913e+03 1.968324478862610739e-05 2.004050653168382314e-05
1.283016720000000078e+03 1.976484650341773196e-05 2.018911739886621842e-05
1.283696779999999990e+03 1.983671088082838280e-05 2.033773045134180631e-05
1.284376710000000003e+03 1.990856152067314939e-05 2.048631509500521949e-05
1.285056640000000016e+03 2.044144899926687387e-05 2.063489973866863267e-05
1.285736570000000029e+03 2.097716729996767474e-05 2.078165100479637884e-05
1.286416500000000042e+03 2.128776051313902091e-05 2.092692532697046522e-05
1.287096309999999903e+03 2.130337636597996265e-05 2.107217400986009385e-05
1.287776249999999891e+03 2.131899520503892096e-05 2.121745046864120991e-05
1.288456050000000005e+03 2.129956144274437071e-05 2.136269701492385630e-05
1.289135860000000093e+03 2.127496475024151011e-05 2.150794569781353237e-05
1.289815669999999955e+03 2.137877851476488258e-05 2.165319438070315762e-05
1.290495359999999891e+03 2.176796222318926662e-05 2.179841742430837256e-05
1.291175169999999980e+03 2.215721464241573709e-05 2.194366610719804863e-05
1.291854859999999917e+03 2.228072201881295259e-05 2.208888915080326357e-05
1.292534550000000081e+03 2.231507564724265322e-05 2.223411219440852934e-05
1.293214230000000043e+03 2.237441110686119267e-05 2.237933310140671460e-05
1.293893919999999980e+03 2.254226365923691483e-05 2.248201882653889884e-05
1.294573489999999993e+03 2.271008657706413263e-05 2.252610261483490401e-05
1.295253169999999955e+03 2.282547568770835231e-05 2.257019353884424153e-05
1.295932739999999967e+03 2.290939891372954033e-05 2.261427732714024671e-05
1.296612300000000005e+03 2.303085820903575954e-05 2.265836046673503924e-05
1.297291870000000017e+03 2.370683331022135988e-05 2.270244425503104441e-05
1.297971309999999903e+03 2.438267909910176934e-05 2.274651961021127502e-05
1.298650879999999916e+03 2.439361828988689798e-05 2.279060339850728020e-05
1.299330320000000029e+03 2.374226447776698186e-05 2.283467875368752774e-05
1.300009769999999889e+03 2.309090107901990577e-05 2.287875475756897438e-05
1.300689210000000003e+03 2.302315868806770094e-05 2.292283011274922193e-05
1.301368649999999889e+03 2.299350055804418364e-05 2.296690546792945592e-05
1.302047970000000078e+03 2.301565302265619196e-05 2.298110979560601325e-05
1.302727290000000039e+03 2.312374516734296305e-05 2.291946470619427313e-05
1.303406739999999900e+03 2.323185799738979553e-05 2.285780781989503390e-05
1.304085939999999937e+03 2.335197976948465699e-05 2.279617361991791486e-05
1.304765259999999898e+03 2.347488320310933381e-05 2.273452853050617474e-05
1.305444580000000087e+03 2.360551042977244578e-05 2.267288344109441429e-05
1.306123779999999897e+03 2.375922088563010330e-05 2.261124924111731558e-05
1.306802979999999934e+03 2.391293134148781503e-05 2.254961504114019654e-05
1.307482299999999896e+03 2.376895868823291865e-05 2.248796995172845642e-05
1.308161380000000008e+03 2.348965676517284336e-05 2.242634664118595508e-05
1.308840580000000045e+03 2.318390123795737191e-05 2.236471244120883265e-05
1.309519780000000083e+03 2.269194975360059116e-05 2.230307824123171361e-05
1.310198849999999993e+03 2.220009242956923814e-05 2.224627025415037442e-05
1.310877930000000106e+03 2.210343161490008231e-05 2.221915179385379116e-05
1.311557009999999991e+03 2.231644870967884343e-05 2.219203333355721468e-05
1.312236079999999902e+03 2.252946266760930661e-05 2.216491527260181234e-05
1.312915040000000090e+03 2.199745039191056806e-05 2.213780160439928491e-05
1.313594119999999975e+03 2.146345943837721598e-05 2.211068314410271181e-05
1.314273069999999962e+03 2.139178545454974796e-05 2.208356987524136530e-05
1.314952029999999922e+03 2.192419674752937297e-05 2.205645620703884803e-05
1.315630979999999909e+03 2.245660019893818760e-05 2.202934293817750491e-05
1.316309809999999970e+03 2.249785238624595895e-05 2.200223446141021761e-05
1.316988769999999931e+03 2.246547865927356631e-05 2.197512079320770035e-05
1.317667599999999993e+03 2.232160179472625984e-05 2.194801231644041305e-05
1.318346440000000030e+03 2.192424415031869481e-05 2.192090344033195839e-05
1.319025270000000091e+03 2.152689235939123479e-05 2.167804856803591654e-05
1.319704099999999926e+03 2.112460710118086734e-05 2.143336939841504425e-05
1.320382810000000063e+03 2.072066937016066706e-05 2.118873348189182225e-05
1.321061519999999973e+03 2.044703169014581041e-05 2.094409756536868495e-05
1.321740360000000010e+03 2.078167800415986800e-05 2.069941479132292490e-05
1.322419069999999920e+03 2.111626023234977411e-05 2.045477887479979099e-05
1.323097659999999905e+03 2.117225454155700112e-05 2.021018621137438869e-05
1.323776370000000043e+03 2.105176659515082505e-05 1.996555029485116669e-05
1.324454960000000028e+03 2.090141620357925949e-05 1.972095763142576777e-05
1.325133669999999938e+03 2.014924387838862407e-05 1.947632171490263047e-05
1.325812259999999924e+03 1.939720454177774208e-05 1.923172905147722817e-05
1.326490720000000010e+03 1.897565827901549586e-05 1.898718324557436730e-05
1.327169309999999996e+03 1.890859770979442516e-05 1.883590648807596294e-05
1.327847899999999981e+03 1.884153714057335786e-05 1.870257410121761659e-05
1.328526370000000043e+03 1.869691298210077019e-05 1.856926529249395077e-05
1.329204829999999902e+03 1.854530788148115984e-05 1.843595844861487922e-05
1.329883299999999963e+03 1.833735597406024070e-05 1.830264963989121341e-05
1.330561770000000024e+03 1.802547963311904684e-05 1.816934083116754760e-05
1.331240109999999959e+03 1.771366305005124965e-05 1.803605756542315999e-05
1.331918580000000020e+03 1.769359052526909361e-05 1.790274875669949079e-05
1.332596919999999955e+03 1.775283567605198402e-05 1.776946549095510317e-05
1.333275270000000091e+03 1.775683168730013197e-05 1.763618026036611791e-05
1.333953610000000026e+03 1.756585742536908684e-05 1.750289699462173029e-05
1.334631840000000011e+03 1.737491413193290344e-05 1.736963534216746962e-05
1.335310179999999946e+03 1.724365787982990844e-05 1.724916083165868062e-05
1.335988399999999956e+03 1.714389422480462168e-05 1.713470523718834865e-05
1.336666629999999941e+03 1.705757373761458326e-05 1.702024795513000315e-05
1.337344849999999951e+03 1.710901076437303044e-05 1.690579236065967118e-05
1.338022950000000037e+03 1.716043869018604699e-05 1.679135701724552532e-05
1.338701170000000047e+03 1.708298012739405770e-05 1.667690142277519335e-05
1.339379269999999906e+03 1.688776038867356166e-05 1.656246607936108815e-05
1.340057369999999992e+03 1.669254064995299785e-05 1.644803073594694229e-05
1.340735470000000078e+03 1.658079345189599377e-05 1.633359539253279982e-05
1.341413569999999936e+03 1.647286515908010624e-05 1.621916004911869462e-05
1.342091550000000097e+03 1.631349479501742900e-05 1.610474495676073826e-05
1.342769649999999956e+03 1.607346413822735345e-05 1.599030961334663305e-05
1.343447629999999890e+03 1.583347595847428883e-05 1.589039883624676267e-05
1.344125610000000052e+03 1.588654974341087195e-05 1.580396798423850131e-05
1.344803589999999986e+03 1.600264792127842776e-05 1.571753713223027045e-05
1.345481449999999995e+03 1.598446182349371784e-05 1.563112157816922730e-05
1.346159419999999955e+03 1.557617626713010472e-05 1.554469200098992592e-05
1.346837279999999964e+03 1.516795695471708009e-05 1.545827644692888278e-05
1.347515139999999974e+03 1.514674918210120865e-05 1.537186089286783964e-05
1.348192990000000009e+03 1.530022944842229055e-05 1.528544661363572598e-05
1.348870850000000019e+03 1.542070480793980908e-05 1.519903105957468283e-05
1.349548579999999902e+03 1.530347287438526421e-05 1.511263207828978739e-05
1.350226319999999987e+03 1.518623921105727003e-05 1.502623182217593196e-05
1.350904170000000022e+03 1.501563658837869151e-05 1.493981754294381831e-05
1.351581789999999955e+03 1.480223900539913575e-05 1.484425529764431621e-05
1.352259520000000066e+03 1.458880678097723166e-05 1.473167088057370659e-05
1.352937259999999924e+03 1.461367382969342202e-05 1.461908480230447453e-05
1.353614870000000110e+03 1.464171105456667987e-05 1.450652031961782208e-05
1.354292480000000069e+03 1.451945848608134485e-05 1.439395583693120859e-05
1.354970090000000027e+03 1.418882968210380420e-05 1.428139135424459511e-05
1.355647709999999961e+03 1.385819599878854599e-05 1.416882521035932191e-05
1.356325319999999920e+03 1.372547103450142221e-05 1.405626072767270673e-05
1.357002809999999954e+03 1.362735812563374221e-05 1.394371617937005211e-05
1.357680299999999988e+03 1.352395163627710845e-05 1.383117163106739580e-05
1.358357790000000023e+03 1.340712596803679691e-05 1.371862708276473948e-05
1.359035280000000057e+03 1.329030029979648368e-05 1.360608253446208486e-05
1.359712770000000091e+03 1.358908264636531513e-05 1.350077922275913697e-05
1.360390139999999974e+03 1.405347934544169225e-05 1.342896908982250592e-05
1.361067630000000008e+03 1.450361461480077161e-05 1.335714623530688140e-05
1.361744999999999891e+03 1.486999288815813128e-05 1.328533610237025205e-05
1.362422360000000026e+03 1.523636575268037815e-05 1.321352702956517543e-05
1.363099609999999984e+03 1.533611959802872940e-05 1.314172961820751584e-05
1.363776980000000094e+03 1.524113154765325706e-05 1.306991948527086108e-05
1.364454220000000078e+03 1.513839275459975222e-05 1.299812313404477963e-05
1.365131470000000036e+03 1.416324399246089572e-05 1.292632572268711836e-05
1.365808719999999994e+03 1.318809523032204092e-05 1.285452831132945878e-05
1.366485959999999977e+03 1.264148621672866092e-05 1.278273196010337563e-05
1.367163209999999935e+03 1.264031845583617531e-05 1.271093454874571605e-05
1.367840329999999994e+03 1.263915091909860436e-05 1.263915091909860436e-05
