9.306945799999999736e+02 0.000000000000000000e+00 3.951149212130842072e-05
9.313851899999999659e+02 0.000000000000000000e+00 3.879215858324110665e-05
9.320757399999999961e+02 0.000000000000000000e+00 3.807288754066655507e-05
9.327663000000000011e+02 0.000000000000000000e+00 3.982936683174258176e-05
9.334568500000000313e+02 0.000000000000000000e+00 4.227083813865070710e-05
9.341473999999999478e+02 0.000000000000000000e+00 4.399112733167147163e-05
9.348378900000000158e+02 0.000000000000000000e+00 4.362580920298512652e-05
9.355283799999999701e+02 0.000000000000000000e+00 4.326049107429884240e-05
9.362188700000000381e+02 0.000000000000000000e+00 4.168037865870646212e-05
9.369093000000000302e+02 0.000000000000000000e+00 3.965203822633918710e-05
9.375997300000000223e+02 0.000000000000000000e+00 3.712620290441336724e-05
9.382901600000000144e+02 0.000000000000000000e+00 3.265633425208995527e-05
9.389805300000000443e+02 0.000000000000000000e+00 2.818685404192428903e-05
9.396708999999999605e+02 0.000000000000000000e+00 2.936481400014894101e-05
9.403612699999999904e+02 0.000000000000000000e+00 3.323777950772019310e-05
9.410515699999999697e+02 0.000000000000000000e+00 3.612278442944397838e-05
9.417418800000000374e+02 0.000000000000000000e+00 3.340547849966618273e-05
9.424321899999999914e+02 0.000000000000000000e+00 3.068817256988884109e-05
9.431224999999999454e+02 0.000000000000000000e+00 2.931530811550858763e-05
9.438127399999999625e+02 0.000000000000000000e+00 2.875702504094458097e-05
9.445029899999999543e+02 0.000000000000000000e+00 2.826528775260472124e-05
9.451931799999999839e+02 0.000000000000000000e+00 2.840454681156053018e-05
9.458833600000000388e+02 0.000000000000000000e+00 2.854380385282470874e-05
9.465735499999999547e+02 0.000000000000000000e+00 2.860579694722617625e-05
9.472637300000000096e+02 0.000000000000000000e+00 2.860896199071357400e-05
9.479538599999999633e+02 0.000000000000000000e+00 2.866862037320471213e-05
9.486439800000000560e+02 0.000000000000000000e+00 3.008173887685043919e-05
9.493341100000000097e+02 0.000000000000000000e+00 3.149487785691308450e-05
9.500241700000000264e+02 0.000000000000000000e+00 3.418532267227635506e-05
9.507142300000000432e+02 0.000000000000000000e+00 3.809188951361173298e-05
9.514043000000000347e+02 0.000000000000000000e+00 4.199851296693493392e-05
9.520943600000000515e+02 0.000000000000000000e+00 4.176021147707898541e-05
9.527843599999999924e+02 0.000000000000000000e+00 4.145565549080485271e-05
9.534743700000000217e+02 0.000000000000000000e+00 4.341279383896852917e-05
9.541643100000000004e+02 0.000000000000000000e+00 4.806672116382201571e-05
9.548542499999999791e+02 0.000000000000000000e+00 5.272064848867549547e-05
9.555441899999999578e+02 0.000000000000000000e+00 5.834563435448761733e-05
9.562341300000000501e+02 0.000000000000000000e+00 6.404626845948447700e-05
9.569240099999999529e+02 0.000000000000000000e+00 6.914243106239984188e-05
9.576138899999999694e+02 0.000000000000000000e+00 7.332954531684925505e-05
9.583037699999999859e+02 0.000000000000000000e+00 7.751665957129868177e-05
9.589935900000000402e+02 0.000000000000000000e+00 7.888439614449642336e-05
9.596834099999999808e+02 0.000000000000000000e+00 7.983262307365701768e-05
9.603731699999999591e+02 0.000000000000000000e+00 8.315002213898454932e-05
9.610629900000000134e+02 0.000000000000000000e+00 9.103715071656546490e-05
9.617527499999999918e+02 0.000000000000000000e+00 9.892359327791713786e-05
9.624424999999999955e+02 0.000000000000000000e+00 1.023734605771923692e-04
9.631322000000000116e+02 0.000000000000000000e+00 1.047987396110726583e-04
9.638219000000000278e+02 0.000000000000000000e+00 1.085456105642150298e-04
9.645116000000000440e+02 0.000000000000000000e+00 1.156363076281277668e-04
9.652012300000000096e+02 0.000000000000000000e+00 1.227262850330658385e-04
9.658908699999999499e+02 0.000000000000000000e+00 1.274483806932856826e-04
9.665805100000000039e+02 0.000000000000000000e+00 1.313969839207700411e-04
9.672701399999999694e+02 0.000000000000000000e+00 1.353502599885084612e-04
9.679597199999999475e+02 0.000000000000000000e+00 1.393196094800468068e-04
9.686492899999999509e+02 0.000000000000000000e+00 1.432889014097434119e-04
9.693388700000000426e+02 0.000000000000000000e+00 1.468053561362262101e-04
9.700283799999999701e+02 0.000000000000000000e+00 1.501223797529429964e-04
9.707178999999999860e+02 0.000000000000000000e+00 1.533316197743772862e-04
9.714073499999999513e+02 0.000000000000000000e+00 1.559938608123834735e-04
9.720968599999999924e+02 0.000000000000000000e+00 1.586563335342862564e-04
9.727863200000000461e+02 0.000000000000000000e+00 1.602711332774443625e-04
9.734757100000000491e+02 0.000000000000000000e+00 1.612828232932581984e-04
9.741651600000000144e+02 0.000000000000000000e+00 1.627674974503563743e-04
9.748545500000000175e+02 0.000000000000000000e+00 1.683096618214133776e-04
9.755438799999999446e+02 0.000000000000000000e+00 1.738513438387044834e-04
9.762332800000000361e+02 0.000000000000000000e+00 1.773889789585667476e-04
9.769226099999999633e+02 0.000000000000000000e+00 1.794379397839902216e-04
9.776119400000000041e+02 0.000000000000000000e+00 1.817327189386656406e-04
9.783012099999999691e+02 0.000000000000000000e+00 1.894465726722397770e-04
9.789904800000000478e+02 0.000000000000000000e+00 1.971604264058151603e-04
9.796797500000000127e+02 0.000000000000000000e+00 2.029995601753448436e-04
9.803690199999999777e+02 0.000000000000000000e+00 2.070562841446419561e-04
9.810582299999999805e+02 0.000000000000000000e+00 2.111126549817296137e-04
9.817474399999999832e+02 0.000000000000000000e+00 2.224368977343848326e-04
9.824365800000000490e+02 0.000000000000000000e+00 2.338956688092077999e-04
9.831257299999999759e+02 0.000000000000000000e+00 2.442346917332030728e-04
9.838148800000000165e+02 0.000000000000000000e+00 2.532078633952631382e-04
9.845040299999999434e+02 0.000000000000000000e+00 2.621810350573216858e-04
9.851931200000000217e+02 0.000000000000000000e+00 2.701681757019501603e-04
9.858822000000000116e+02 0.000000000000000000e+00 2.780687262436193547e-04
9.865712899999999763e+02 0.000000000000000000e+00 2.860059661962259829e-04
9.872603100000000040e+02 0.000000000000000000e+00 2.940001168875121381e-04
9.879493400000000065e+02 0.000000000000000000e+00 3.019943836008392806e-04
9.886383700000000090e+02 0.000000000000000000e+00 3.090717657068987206e-04
9.893273299999999608e+02 0.000000000000000000e+00 3.159946024125950652e-04
9.900163000000000011e+02 0.000000000000000000e+00 3.221382230428146572e-04
9.907052599999999529e+02 0.000000000000000000e+00 3.266595524389344731e-04
9.913941700000000310e+02 0.000000000000000000e+00 3.311805537079216735e-04
9.920830700000000206e+02 0.000000000000000000e+00 3.314918107689880265e-04
9.927719700000000103e+02 0.000000000000000000e+00 3.307003270068475053e-04
9.934608799999999746e+02 0.000000000000000000e+00 3.300008130056325409e-04
9.941497200000000021e+02 0.000000000000000000e+00 3.295624851694216057e-04
9.948385600000000295e+02 0.000000000000000000e+00 3.291241573332107247e-04
9.955273399999999810e+02 0.000000000000000000e+00 3.247808052657782029e-04
9.962161300000000210e+02 0.000000000000000000e+00 3.189793003615256869e-04
9.969049099999999726e+02 0.000000000000000000e+00 3.130598581117811485e-04
9.975936900000000378e+02 0.000000000000000000e+00 3.066552478131010645e-04
9.982824100000000271e+02 0.000000000000000000e+00 3.002511954235042788e-04
9.989711300000000165e+02 0.000000000000000000e+00 2.923391197254326598e-04
9.996597900000000436e+02 0.000000000000000000e+00 2.836617980335461400e-04
1.000348449999999957e+03 0.000000000000000000e+00 2.752173809841047965e-04
1.001037109999999984e+03 0.000000000000000000e+00 2.683277162696822999e-04
1.001725770000000011e+03 0.000000000000000000e+00 2.614380515552598575e-04
1.002414369999999963e+03 0.000000000000000000e+00 2.520869591625955384e-04
1.003102970000000028e+03 0.000000000000000000e+00 2.410761411190884274e-04
1.003791560000000004e+03 0.000000000000000000e+00 2.303136201047187965e-04
1.004480099999999993e+03 0.000000000000000000e+00 2.231705539303816183e-04
1.005168639999999982e+03 0.000000000000000000e+00 2.160274877560444402e-04
1.005857179999999971e+03 0.000000000000000000e+00 2.081146738050437090e-04
1.006545650000000023e+03 0.000000000000000000e+00 1.995223307635035463e-04
1.007234130000000050e+03 0.000000000000000000e+00 1.909298629185148834e-04
1.007922609999999963e+03 0.000000000000000000e+00 1.845391406913217142e-04
1.008611020000000053e+03 0.000000000000000000e+00 1.781549416873972518e-04
1.009299440000000004e+03 0.000000000000000000e+00 1.721890080218658602e-04
1.009987849999999980e+03 0.000000000000000000e+00 1.667070270553938291e-04
1.010676270000000045e+03 0.000000000000000000e+00 1.612249664564205484e-04
1.011364619999999945e+03 0.000000000000000000e+00 1.581275466051824344e-04
1.012052919999999972e+03 0.000000000000000000e+00 1.552099172039014092e-04
1.012741269999999986e+03 0.000000000000000000e+00 1.513028083562847914e-04
1.013429570000000012e+03 0.000000000000000000e+00 1.458860399692745184e-04
1.014117859999999951e+03 0.000000000000000000e+00 1.404693502800476970e-04
1.014806090000000040e+03 0.000000000000000000e+00 1.362912452306130244e-04
1.015494320000000016e+03 0.000000000000000000e+00 1.323116337879685596e-04
1.016182559999999967e+03 0.000000000000000000e+00 1.290262449760722454e-04
1.016870790000000056e+03 0.000000000000000000e+00 1.271670412176949716e-04
1.017558959999999956e+03 0.000000000000000000e+00 1.253079995449952327e-04
1.018247129999999970e+03 0.000000000000000000e+00 1.208919077104214944e-04
1.018935240000000022e+03 0.000000000000000000e+00 1.158083927757626384e-04
1.019623349999999959e+03 0.000000000000000000e+00 1.125352665734432976e-04
1.020311460000000011e+03 0.000000000000000000e+00 1.144656855899719967e-04
1.020999569999999949e+03 0.000000000000000000e+00 1.163961046065003705e-04
1.021687620000000038e+03 0.000000000000000000e+00 1.164377399134999597e-04
1.022375670000000014e+03 0.000000000000000000e+00 1.157572645549339457e-04
1.023063719999999989e+03 0.000000000000000000e+00 1.149816452479455445e-04
1.023751710000000003e+03 0.000000000000000000e+00 1.137962993415624622e-04
1.024439699999999903e+03 0.000000000000000000e+00 1.126109534351795832e-04
1.025127690000000030e+03 0.000000000000000000e+00 1.126215403557268702e-04
1.025815550000000030e+03 0.000000000000000000e+00 1.132666611925594262e-04
1.026503539999999930e+03 0.000000000000000000e+00 1.139044021506708225e-04
1.027191409999999905e+03 0.000000000000000000e+00 1.144857723299577180e-04
1.027879269999999906e+03 0.000000000000000000e+00 1.150671340574996944e-04
1.028567140000000109e+03 0.000000000000000000e+00 1.161061411470141639e-04
1.029255000000000109e+03 0.000000000000000000e+00 1.174734681766222312e-04
1.029942870000000084e+03 0.000000000000000000e+00 1.188768364628727399e-04
1.030630619999999908e+03 0.000000000000000000e+00 1.210156296006101512e-04
1.031318479999999909e+03 0.000000000000000000e+00 1.231547648208565157e-04
1.032006229999999960e+03 0.000000000000000000e+00 1.244201561686856541e-04
1.032693970000000036e+03 0.000000000000000000e+00 1.248491703830641945e-04
1.033381710000000112e+03 0.000000000000000000e+00 1.252781845974427349e-04
1.034069340000000011e+03 0.000000000000000000e+00 1.266190998159068574e-04
1.034757080000000087e+03 0.000000000000000000e+00 1.279838224224915430e-04
1.035444700000000012e+03 0.000000000000000000e+00 1.290416335598232431e-04
1.036132319999999936e+03 0.000000000000000000e+00 1.297067261122083863e-04
1.036820069999999987e+03 0.000000000000000000e+00 1.303719444056014945e-04
1.037507569999999987e+03 0.000000000000000000e+00 1.321350570519937932e-04
1.038195189999999911e+03 0.000000000000000000e+00 1.340175804293732128e-04
1.038882810000000063e+03 0.000000000000000000e+00 1.352426966219059023e-04
1.039570310000000063e+03 0.000000000000000000e+00 1.353266621850383411e-04
1.040257810000000063e+03 0.000000000000000000e+00 1.354106277481707528e-04
1.040945310000000063e+03 0.000000000000000000e+00 1.343183683321658173e-04
1.041632810000000063e+03 0.000000000000000000e+00 1.329831976177694628e-04
1.042320310000000063e+03 0.000000000000000000e+00 1.314615030130466687e-04
1.043007689999999911e+03 0.000000000000000000e+00 1.294880654884674365e-04
1.043695189999999911e+03 0.000000000000000000e+00 1.275142834492045774e-04
1.044382569999999987e+03 0.000000000000000000e+00 1.262495199268355431e-04
1.045069950000000063e+03 0.000000000000000000e+00 1.252145919777200827e-04
1.045757319999999936e+03 0.000000000000000000e+00 1.237386006448565248e-04
1.046444700000000012e+03 0.000000000000000000e+00 1.206777426810712745e-04
1.047131959999999935e+03 0.000000000000000000e+00 1.176174190694000268e-04
1.047819340000000011e+03 0.000000000000000000e+00 1.153629720470534831e-04
1.048506589999999960e+03 0.000000000000000000e+00 1.134877661702339118e-04
1.049193850000000111e+03 0.000000000000000000e+00 1.117328519442902001e-04
1.049881100000000060e+03 0.000000000000000000e+00 1.107011997896490134e-04
1.050568359999999984e+03 0.000000000000000000e+00 1.096695326236996851e-04
1.051255490000000009e+03 0.000000000000000000e+00 1.089071314898710808e-04
1.051942749999999933e+03 0.000000000000000000e+00 1.083203658634010371e-04
1.052629879999999957e+03 0.000000000000000000e+00 1.075728233359392409e-04
1.053317019999999957e+03 0.000000000000000000e+00 1.045837689527813572e-04
1.054004149999999981e+03 0.000000000000000000e+00 1.015947580695561605e-04
1.054691280000000006e+03 0.000000000000000000e+00 9.952497519435093553e-05
1.055378300000000081e+03 0.000000000000000000e+00 9.827486254073106056e-05
1.056065430000000106e+03 0.000000000000000000e+00 9.702454972934017210e-05
1.056752439999999979e+03 0.000000000000000000e+00 9.547293906749709975e-05
1.057439450000000079e+03 0.000000000000000000e+00 9.391851669407519810e-05
1.058126459999999952e+03 0.000000000000000000e+00 9.247382313459686764e-05
1.058813480000000027e+03 0.000000000000000000e+00 9.116203858193748239e-05
1.059500489999999900e+03 0.000000000000000000e+00 8.985027312311201942e-05
1.060187380000000076e+03 0.000000000000000000e+00 8.896154738230398445e-05
1.060874270000000024e+03 0.000000000000000000e+00 8.811279038613787230e-05
1.061561159999999973e+03 0.000000000000000000e+00 8.790488090361656202e-05
1.062248049999999921e+03 0.000000000000000000e+00 8.876675575849095562e-05
1.062934940000000097e+03 0.000000000000000000e+00 8.962863061336562027e-05
1.063621830000000045e+03 0.000000000000000000e+00 8.806216695914907309e-05
1.064308590000000095e+03 0.000000000000000000e+00 8.601962898855938843e-05
1.064995480000000043e+03 0.000000000000000000e+00 8.466552837342039149e-05
1.065682250000000067e+03 0.000000000000000000e+00 8.494356071332618250e-05
1.066369020000000091e+03 0.000000000000000000e+00 8.522159305323197351e-05
1.067055659999999989e+03 0.000000000000000000e+00 8.427550672575024281e-05
1.067742430000000013e+03 0.000000000000000000e+00 8.293732840988639842e-05
1.068429080000000113e+03 0.000000000000000000e+00 8.228027915235759313e-05
1.069115839999999935e+03 0.000000000000000000e+00 8.406659123383386815e-05
1.069802490000000034e+03 0.000000000000000000e+00 8.585261719741092690e-05
1.070489139999999907e+03 0.000000000000000000e+00 8.597580763680600052e-05
1.071175780000000032e+03 0.000000000000000000e+00 8.531073596773626575e-05
1.071862300000000005e+03 0.000000000000000000e+00 8.458354729377862862e-05
1.072548950000000104e+03 0.000000000000000000e+00 8.346964353411003056e-05
1.073235470000000078e+03 0.000000000000000000e+00 8.235595066425267536e-05
1.073922000000000025e+03 0.000000000000000000e+00 8.169733828820240995e-05
1.074608519999999999e+03 0.000000000000000000e+00 8.134379774130000350e-05
1.075295039999999972e+03 0.000000000000000000e+00 8.093819738682416051e-05
1.075981569999999920e+03 0.000000000000000000e+00 7.969733098299069572e-05
1.076667969999999968e+03 0.000000000000000000e+00 7.845669954723199959e-05
1.077354370000000017e+03 0.000000000000000000e+00 7.760586596633275319e-05
1.078040770000000066e+03 0.000000000000000000e+00 7.711740669835706673e-05
1.078727169999999887e+03 0.000000000000000000e+00 7.662894743038152934e-05
1.079413569999999936e+03 0.000000000000000000e+00 7.586031536921676631e-05
1.080099979999999960e+03 0.000000000000000000e+00 7.508524877852180740e-05
1.080786250000000109e+03 0.000000000000000000e+00 7.422623432410088468e-05
1.081472659999999905e+03 0.000000000000000000e+00 7.325868039828699666e-05
1.082158940000000030e+03 0.000000000000000000e+00 7.229130971865255597e-05
1.082845209999999952e+03 0.000000000000000000e+00 7.060058476199965443e-05
1.083531369999999924e+03 0.000000000000000000e+00 6.882645684306306179e-05
1.084217650000000049e+03 0.000000000000000000e+00 6.748428742336906084e-05
1.084903929999999946e+03 0.000000000000000000e+00 6.692739990844543416e-05
1.085590089999999918e+03 0.000000000000000000e+00 6.637060976850249906e-05
1.086276249999999891e+03 0.000000000000000000e+00 6.607192898119477022e-05
1.086962399999999889e+03 0.000000000000000000e+00 6.583226273838195682e-05
1.087648560000000089e+03 0.000000000000000000e+00 6.524392106605812563e-05
1.088334589999999935e+03 0.000000000000000000e+00 6.372690621668240297e-05
1.089020749999999907e+03 0.000000000000000000e+00 6.220960389892976454e-05
1.089706789999999955e+03 0.000000000000000000e+00 6.136208216962234295e-05
1.090392820000000029e+03 0.000000000000000000e+00 6.076054801384012539e-05
1.091078860000000077e+03 0.000000000000000000e+00 6.007595059001634620e-05
1.091764889999999923e+03 0.000000000000000000e+00 5.903615021478294292e-05
1.092450810000000047e+03 0.000000000000000000e+00 5.799651656409654293e-05
1.093136839999999893e+03 0.000000000000000000e+00 5.765216568055358946e-05
1.093822750000000042e+03 0.000000000000000000e+00 5.768639173953856331e-05
1.094508669999999938e+03 0.000000000000000000e+00 5.770814264980321490e-05
1.095194580000000087e+03 0.000000000000000000e+00 5.762435954756988120e-05
1.095880490000000009e+03 0.000000000000000000e+00 5.754057644533657460e-05
1.096566409999999905e+03 0.000000000000000000e+00 5.804212548694267295e-05
1.097252199999999903e+03 0.000000000000000000e+00 5.899700709699021601e-05
1.097937989999999900e+03 0.000000000000000000e+00 5.992550285930426550e-05
1.098623779999999897e+03 0.000000000000000000e+00 5.961356703781154839e-05
1.099309569999999894e+03 0.000000000000000000e+00 5.930163121631883128e-05
1.099995359999999891e+03 0.000000000000000000e+00 5.965307975378258428e-05
1.100681149999999889e+03 0.000000000000000000e+00 6.072712492554528056e-05
1.101366819999999962e+03 0.000000000000000000e+00 6.180098216015443243e-05
1.102052490000000034e+03 0.000000000000000000e+00 6.229429222058248611e-05
1.102738160000000107e+03 0.000000000000000000e+00 6.274772714066549726e-05
1.103423829999999953e+03 0.000000000000000000e+00 6.357846207135690549e-05
1.104109500000000025e+03 0.000000000000000000e+00 6.499215193819450587e-05
1.104795170000000098e+03 0.000000000000000000e+00 6.640584180503211981e-05
1.105480710000000045e+03 0.000000000000000000e+00 6.774716663103400385e-05
1.106166259999999966e+03 0.000000000000000000e+00 6.907577760261974446e-05
1.106851809999999887e+03 0.000000000000000000e+00 7.063394401784350981e-05
1.107537350000000060e+03 0.000000000000000000e+00 7.271117082256768193e-05
1.108222899999999981e+03 0.000000000000000000e+00 7.478842792788338481e-05
1.108908449999999903e+03 0.000000000000000000e+00 7.623740699050711412e-05
1.109593869999999924e+03 0.000000000000000000e+00 7.749137817778194409e-05
1.110279299999999921e+03 0.000000000000000000e+00 7.925515492624317967e-05
1.110964719999999943e+03 0.000000000000000000e+00 8.283059895296131616e-05
1.111650149999999940e+03 0.000000000000000000e+00 8.640609514395853382e-05
1.112335569999999962e+03 0.000000000000000000e+00 8.918337713910385808e-05
1.113020999999999958e+03 0.000000000000000000e+00 9.157791779736369688e-05
1.113706300000000056e+03 0.000000000000000000e+00 9.412605153260047931e-05
1.114391599999999926e+03 0.000000000000000000e+00 9.768721833479154576e-05
1.115076900000000023e+03 0.000000000000000000e+00 1.012483851369838048e-04
1.115762210000000096e+03 0.000000000000000000e+00 1.033964875177136689e-04
1.116447509999999966e+03 0.000000000000000000e+00 1.045551269718179112e-04
1.117132689999999911e+03 0.000000000000000000e+00 1.057996065934497945e-04
1.117817990000000009e+03 0.000000000000000000e+00 1.089298815771354024e-04
1.118503169999999955e+03 0.000000000000000000e+00 1.120596084315367258e-04
1.119188349999999900e+03 0.000000000000000000e+00 1.152320175683741208e-04
1.119873540000000048e+03 0.000000000000000000e+00 1.184472940482917644e-04
1.120558590000000095e+03 0.000000000000000000e+00 1.216619135736310918e-04
1.121243770000000040e+03 0.000000000000000000e+00 1.232643517447441078e-04
1.121928830000000062e+03 0.000000000000000000e+00 1.247897563604982545e-04
1.122613890000000083e+03 0.000000000000000000e+00 1.269970083676622799e-04
1.123298950000000104e+03 0.000000000000000000e+00 1.301861335251744412e-04
1.123984009999999898e+03 0.000000000000000000e+00 1.333752586826855453e-04
1.124669069999999920e+03 0.000000000000000000e+00 1.355065897423012174e-04
1.125354000000000042e+03 0.000000000000000000e+00 1.374723656012447005e-04
1.126039060000000063e+03 0.000000000000000000e+00 1.391672633403170998e-04
1.126723999999999933e+03 0.000000000000000000e+00 1.402846756360528427e-04
1.127408940000000030e+03 0.000000000000000000e+00 1.414020879317889380e-04
1.128093869999999924e+03 0.000000000000000000e+00 1.440203863964251846e-04
1.128778690000000097e+03 0.000000000000000000e+00 1.470750543704296101e-04
1.129463619999999992e+03 0.000000000000000000e+00 1.494108211256449034e-04
1.130148439999999937e+03 0.000000000000000000e+00 1.493271535945704274e-04
1.130833249999999907e+03 0.000000000000000000e+00 1.492434872852407975e-04
1.131518070000000080e+03 0.000000000000000000e+00 1.488341876499584026e-04
1.132202880000000050e+03 0.000000000000000000e+00 1.482740554569816958e-04
1.132887699999999995e+03 0.000000000000000000e+00 1.479059947955663039e-04
1.133572390000000041e+03 0.000000000000000000e+00 1.487414500811081299e-04
1.134257080000000087e+03 0.000000000000000000e+00 1.495769053666499559e-04
1.134941769999999906e+03 0.000000000000000000e+00 1.497476469280193073e-04
1.135626459999999952e+03 0.000000000000000000e+00 1.494597551353298427e-04
1.136311159999999973e+03 0.000000000000000000e+00 1.491413465223189101e-04
1.136995850000000019e+03 0.000000000000000000e+00 1.481849801981703412e-04
1.137680419999999913e+03 0.000000000000000000e+00 1.472287814885028237e-04
1.138364990000000034e+03 0.000000000000000000e+00 1.466439290691982954e-04
1.139049559999999929e+03 0.000000000000000000e+00 1.464314840993283131e-04
1.139734130000000050e+03 0.000000000000000000e+00 1.462190391294582495e-04
1.140418699999999944e+03 0.000000000000000000e+00 1.456320872349077511e-04
1.141103149999999914e+03 0.000000000000000000e+00 1.450266663117322468e-04
1.141787720000000036e+03 0.000000000000000000e+00 1.445329086279928377e-04
1.142472170000000006e+03 0.000000000000000000e+00 1.442027147263128146e-04
1.143156619999999975e+03 0.000000000000000000e+00 1.438725208246327916e-04
1.143841059999999970e+03 0.000000000000000000e+00 1.448703500740503556e-04
1.144525509999999940e+03 0.000000000000000000e+00 1.460859884905334400e-04
1.145209839999999986e+03 0.000000000000000000e+00 1.475559938384797803e-04
1.145894289999999955e+03 0.000000000000000000e+00 1.495873045391115015e-04
1.146578610000000026e+03 0.000000000000000000e+00 1.516182294257452856e-04
1.147262940000000071e+03 0.000000000000000000e+00 1.545123143393186944e-04
1.147947269999999889e+03 0.000000000000000000e+00 1.576711781688161962e-04
1.148631470000000036e+03 0.000000000000000000e+00 1.605889382821987373e-04
1.149315800000000081e+03 0.000000000000000000e+00 1.626426640366155762e-04
1.150000000000000000e+03 0.000000000000000000e+00 1.646959996512630745e-04
1.150684199999999919e+03 0.000000000000000000e+00 1.680820674406073600e-04
1.151368410000000040e+03 0.000000000000000000e+00 1.721237468898017338e-04
1.152052609999999959e+03 0.000000000000000000e+00 1.760413931546161396e-04
1.152736820000000080e+03 0.000000000000000000e+00 1.790715733396875146e-04
1.153420900000000074e+03 0.000000000000000000e+00 1.821011777900802893e-04
1.154104980000000069e+03 0.000000000000000000e+00 1.846618522555528862e-04
1.154789060000000063e+03 0.000000000000000000e+00 1.868753452267461453e-04
1.155473140000000058e+03 0.000000000000000000e+00 1.890946176947244195e-04
1.156157230000000027e+03 0.000000000000000000e+00 1.915255708670788757e-04
1.156841310000000021e+03 0.000000000000000000e+00 1.939564885038581171e-04
1.157525270000000091e+03 0.000000000000000000e+00 1.961092840410486591e-04
1.158209229999999934e+03 0.000000000000000000e+00 1.979594238625793597e-04
1.158893190000000004e+03 0.000000000000000000e+00 1.998095636841106838e-04
1.159577150000000074e+03 0.000000000000000000e+00 1.995204110453931308e-04
1.160261109999999917e+03 0.000000000000000000e+00 1.990703346137291435e-04
1.160945069999999987e+03 0.000000000000000000e+00 1.983292978333480361e-04
1.161628909999999905e+03 0.000000000000000000e+00 1.971169268154214212e-04
1.162312740000000076e+03 0.000000000000000000e+00 1.959045735263639874e-04
1.162996579999999994e+03 0.000000000000000000e+00 1.945756154739701558e-04
1.163680419999999913e+03 0.000000000000000000e+00 1.932232691215481969e-04
1.164364260000000058e+03 0.000000000000000000e+00 1.910745781305825581e-04
1.165047970000000078e+03 0.000000000000000000e+00 1.869190708202339720e-04
1.165731809999999996e+03 0.000000000000000000e+00 1.827627733854906547e-04
1.166415529999999990e+03 0.000000000000000000e+00 1.799382554937335754e-04
1.167099240000000009e+03 0.000000000000000000e+00 1.775939992210119546e-04
1.167782840000000078e+03 0.000000000000000000e+00 1.748416561139752860e-04
1.168466550000000097e+03 0.000000000000000000e+00 1.702955406614026061e-04
1.169150270000000091e+03 0.000000000000000000e+00 1.657493587169628737e-04
1.169833859999999959e+03 0.000000000000000000e+00 1.619763780887722949e-04
1.170517460000000028e+03 0.000000000000000000e+00 1.586449006486972176e-04
1.171201049999999896e+03 0.000000000000000000e+00 1.553046401446241738e-04
1.171884639999999990e+03 0.000000000000000000e+00 1.518712369317365559e-04
1.172568119999999908e+03 0.000000000000000000e+00 1.484383862055061647e-04
1.173251710000000003e+03 0.000000000000000000e+00 1.449666657553163620e-04
1.173935179999999946e+03 0.000000000000000000e+00 1.414624956308559319e-04
1.174618649999999889e+03 0.000000000000000000e+00 1.379583255063955018e-04
1.175302120000000059e+03 0.000000000000000000e+00 1.343153730001528769e-04
1.175985599999999977e+03 0.000000000000000000e+00 1.306705078677139963e-04
1.176668949999999995e+03 0.000000000000000000e+00 1.271880027551446936e-04
1.177352419999999938e+03 0.000000000000000000e+00 1.239133977896574870e-04
1.178035769999999957e+03 0.000000000000000000e+00 1.206393677617617123e-04
1.178719119999999975e+03 0.000000000000000000e+00 1.181449101593143157e-04
1.179402469999999994e+03 0.000000000000000000e+00 1.157501913622207689e-04
1.180085690000000113e+03 0.000000000000000000e+00 1.135810392967904944e-04
1.180769039999999904e+03 0.000000000000000000e+00 1.118559227483785940e-04
1.181452269999999999e+03 0.000000000000000000e+00 1.101311091398734555e-04
1.182135500000000093e+03 0.000000000000000000e+00 1.078919927071846308e-04
1.182818729999999960e+03 0.000000000000000000e+00 1.055123672702815314e-04
1.183501950000000079e+03 0.000000000000000000e+00 1.031837813250961386e-04
1.184185179999999946e+03 0.000000000000000000e+00 1.010215813960669987e-04
1.184868289999999888e+03 0.000000000000000000e+00 9.885976122786703318e-05
1.185551390000000083e+03 0.000000000000000000e+00 9.699357816512148940e-05
1.186234500000000025e+03 0.000000000000000000e+00 9.526412203056128930e-05
1.186917599999999993e+03 0.000000000000000000e+00 9.350160222822599882e-05
1.187600709999999935e+03 0.000000000000000000e+00 9.152258763049665312e-05
1.188283809999999903e+03 0.000000000000000000e+00 8.954360200342494026e-05
1.188966799999999921e+03 0.000000000000000000e+00 8.771535808593370384e-05
1.189649779999999964e+03 0.000000000000000000e+00 8.599551655618211179e-05
1.190332760000000007e+03 0.000000000000000000e+00 8.427574879669861218e-05
1.191015750000000025e+03 0.000000000000000000e+00 8.255835407954562272e-05
1.191698730000000069e+03 0.000000000000000000e+00 8.084098450763212086e-05
1.192381589999999960e+03 0.000000000000000000e+00 7.923966587799443132e-05
1.193064579999999978e+03 0.000000000000000000e+00 7.776437456056081330e-05
1.193747440000000097e+03 0.000000000000000000e+00 7.628936404939246638e-05
1.194430299999999988e+03 0.000000000000000000e+00 7.557069931457492651e-05
1.195113160000000107e+03 0.000000000000000000e+00 7.491200670375459351e-05
1.195795900000000074e+03 0.000000000000000000e+00 7.392717197984521285e-05
1.196478759999999966e+03 0.000000000000000000e+00 7.239690735548006035e-05
1.197161499999999933e+03 0.000000000000000000e+00 7.086691164678546892e-05
1.197844239999999900e+03 0.000000000000000000e+00 7.025768527200541575e-05
1.198526980000000094e+03 0.000000000000000000e+00 6.984746619210688810e-05
1.199209720000000061e+03 0.000000000000000000e+00 6.896884807960027431e-05
1.199892329999999902e+03 0.000000000000000000e+00 6.682412810545706496e-05
1.200575070000000096e+03 0.000000000000000000e+00 6.467899967905357361e-05
1.201257689999999911e+03 0.000000000000000000e+00 6.396254713720616930e-05
1.201940309999999954e+03 0.000000000000000000e+00 6.380859511936791200e-05
1.202622920000000022e+03 0.000000000000000000e+00 6.341942136457517313e-05
1.203305540000000065e+03 0.000000000000000000e+00 6.183720202602868915e-05
1.203988039999999955e+03 0.000000000000000000e+00 6.025526083098938716e-05
1.204670650000000023e+03 0.000000000000000000e+00 5.967814792937873480e-05
1.205353149999999914e+03 0.000000000000000000e+00 5.973886049770651280e-05
1.206035640000000058e+03 0.000000000000000000e+00 5.973534638812171417e-05
1.206718139999999948e+03 0.000000000000000000e+00 5.870448002878934078e-05
1.207400509999999940e+03 0.000000000000000000e+00 5.767381002495383186e-05
1.208083010000000058e+03 0.000000000000000000e+00 5.668540657791024519e-05
1.208765380000000050e+03 0.000000000000000000e+00 5.573872989127348637e-05
1.209447750000000042e+03 0.000000000000000000e+00 5.479205320463672755e-05
1.210130130000000008e+03 0.000000000000000000e+00 5.416294234032428329e-05
1.210812500000000000e+03 0.000000000000000000e+00 5.354970935172002086e-05
1.211494750000000067e+03 0.000000000000000000e+00 5.291969133252898345e-05
1.212177120000000059e+03 0.000000000000000000e+00 5.226407455867147198e-05
1.212859380000000101e+03 0.000000000000000000e+00 5.160856347211717563e-05
1.213541629999999941e+03 0.000000000000000000e+00 5.083724460824379059e-05
1.214223880000000008e+03 0.000000000000000000e+00 5.004469084869572521e-05
1.214906009999999924e+03 0.000000000000000000e+00 4.936137710580641773e-05
1.215588259999999991e+03 0.000000000000000000e+00 4.894359271021181174e-05
1.216270389999999907e+03 0.000000000000000000e+00 4.852588179813136730e-05
1.216952510000000075e+03 0.000000000000000000e+00 4.816730083566258917e-05
1.217634639999999990e+03 0.000000000000000000e+00 4.782982001702718716e-05
1.218316769999999906e+03 0.000000000000000000e+00 4.731207792222852176e-05
1.218998900000000049e+03 0.000000000000000000e+00 4.598799424632891525e-05
1.219680910000000040e+03 0.000000000000000000e+00 4.466414350262889939e-05
1.220363039999999955e+03 0.000000000000000000e+00 4.425539665274950046e-05
1.221045039999999972e+03 0.000000000000000000e+00 4.438810223122483770e-05
1.221727049999999963e+03 0.000000000000000000e+00 4.446470351274597654e-05
1.222408940000000030e+03 0.000000000000000000e+00 4.383850939731099720e-05
1.223090940000000046e+03 0.000000000000000000e+00 4.321221426653239250e-05
1.223772830000000113e+03 0.000000000000000000e+00 4.307207942318728246e-05
1.224454709999999977e+03 0.000000000000000000e+00 4.338245407574327275e-05
1.225136600000000044e+03 0.000000000000000000e+00 4.369283328004823508e-05
1.225818479999999909e+03 0.000000000000000000e+00 4.296786547728771412e-05
1.226500369999999975e+03 0.000000000000000000e+00 4.220424652697373922e-05
1.227182129999999916e+03 0.000000000000000000e+00 4.149726525191813986e-05
1.227864010000000007e+03 0.000000000000000000e+00 4.087181923075214009e-05
1.228545779999999922e+03 0.000000000000000000e+00 4.024647410572979381e-05
1.229227540000000090e+03 0.000000000000000000e+00 4.003706931666997426e-05
1.229909180000000106e+03 0.000000000000000000e+00 3.989895621460719314e-05
1.230590940000000046e+03 0.000000000000000000e+00 3.977026386184220685e-05
1.231272580000000062e+03 0.000000000000000000e+00 3.966382751938845864e-05
1.231954349999999977e+03 0.000000000000000000e+00 3.955737087776724605e-05
1.232635989999999993e+03 0.000000000000000000e+00 3.910246691100246184e-05
1.233317630000000008e+03 0.000000000000000000e+00 3.852693044319975828e-05
1.233999150000000100e+03 0.000000000000000000e+00 3.791136253005715219e-05
1.234680789999999888e+03 0.000000000000000000e+00 3.712097155145903832e-05
1.235362300000000005e+03 0.000000000000000000e+00 3.633073131346734334e-05
1.236043820000000096e+03 0.000000000000000000e+00 3.589264188870043055e-05
1.236725339999999960e+03 0.000000000000000000e+00 3.566063586054121640e-05
1.237406860000000052e+03 0.000000000000000000e+00 3.547104116712180129e-05
1.238088379999999916e+03 0.000000000000000000e+00 3.580550551151635450e-05
1.238769780000000083e+03 0.000000000000000000e+00 3.613991096443123607e-05
1.239451170000000047e+03 0.000000000000000000e+00 3.635574145719320296e-05
1.240132569999999987e+03 0.000000000000000000e+00 3.646136538150843078e-05
1.240813959999999952e+03 0.000000000000000000e+00 3.656698775572204523e-05
1.241495359999999891e+03 0.000000000000000000e+00 3.638961704580261666e-05
1.242176760000000058e+03 0.000000000000000000e+00 3.620107199449359276e-05
1.242858030000000099e+03 0.000000000000000000e+00 3.611088447674785571e-05
1.243539309999999887e+03 0.000000000000000000e+00 3.616485674826876628e-05
1.244220579999999927e+03 0.000000000000000000e+00 3.621882822757105733e-05
1.244901859999999942e+03 0.000000000000000000e+00 3.666807871976958286e-05
1.245583129999999983e+03 0.000000000000000000e+00 3.718784753160966010e-05
1.246264280000000099e+03 0.000000000000000000e+00 3.751575582919635217e-05
1.246945429999999988e+03 0.000000000000000000e+00 3.737773233945869303e-05
1.247626590000000078e+03 0.000000000000000000e+00 3.723970682339067034e-05
1.248307739999999967e+03 0.000000000000000000e+00 3.651578726244358186e-05
1.248988890000000083e+03 0.000000000000000000e+00 3.557959873937386214e-05
1.249670039999999972e+03 0.000000000000000000e+00 3.495729761747838220e-05
1.250351069999999936e+03 0.000000000000000000e+00 3.579557438514736732e-05
1.251032099999999900e+03 0.000000000000000000e+00 3.663385115281635244e-05
1.251713130000000092e+03 0.000000000000000000e+00 3.709030727304422702e-05
1.252394170000000031e+03 0.000000000000000000e+00 3.731203140421086075e-05
1.253075199999999995e+03 0.000000000000000000e+00 3.748825758448086923e-05
1.253756100000000060e+03 0.000000000000000000e+00 3.697658876650043752e-05
1.254437130000000025e+03 0.000000000000000000e+00 3.646482225877659909e-05
1.255118040000000065e+03 0.000000000000000000e+00 3.641786381154474132e-05
1.255798950000000104e+03 0.000000000000000000e+00 3.682835690507731748e-05
1.256479739999999993e+03 0.000000000000000000e+00 3.723877765546426628e-05
1.257160640000000058e+03 0.000000000000000000e+00 3.769215872736009703e-05
1.257841429999999946e+03 0.000000000000000000e+00 3.814792119848050601e-05
1.258522220000000061e+03 0.000000000000000000e+00 3.851048703198625559e-05
1.259202999999999975e+03 0.000000000000000000e+00 3.872584194949060137e-05
1.259883790000000090e+03 0.000000000000000000e+00 3.894120003035053131e-05
1.260564579999999978e+03 0.000000000000000000e+00 3.870315697916986206e-05
1.261245239999999967e+03 0.000000000000000000e+00 3.837173342992806666e-05
1.261926030000000083e+03 0.000000000000000000e+00 3.826430319005229291e-05
1.262606690000000071e+03 0.000000000000000000e+00 3.876023126481590642e-05
1.263287350000000060e+03 0.000000000000000000e+00 3.925615933957952671e-05
1.263968020000000024e+03 0.000000000000000000e+00 3.930077213117591148e-05
1.264648560000000089e+03 0.000000000000000000e+00 3.916283358499209109e-05
1.265329220000000078e+03 0.000000000000000000e+00 3.918659266135901548e-05
1.266009769999999889e+03 0.000000000000000000e+00 4.010443882708073963e-05
1.266690309999999954e+03 0.000000000000000000e+00 4.102227150597353446e-05
1.267370850000000019e+03 0.000000000000000000e+00 4.125180015610770834e-05
1.268051269999999931e+03 0.000000000000000000e+00 4.101072638664702815e-05
1.268731809999999996e+03 0.000000000000000000e+00 4.078811683118933873e-05
1.269412229999999909e+03 0.000000000000000000e+00 4.107881194379674487e-05
1.270092650000000049e+03 0.000000000000000000e+00 4.136950705640424588e-05
1.270773069999999962e+03 0.000000000000000000e+00 4.178315407253489143e-05
1.271453490000000102e+03 0.000000000000000000e+00 4.233246681535469632e-05
1.272133910000000014e+03 0.000000000000000000e+00 4.288177955817432503e-05
1.272814210000000003e+03 0.000000000000000000e+00 4.219706708223861110e-05
1.273494509999999991e+03 0.000000000000000000e+00 4.139896845910547127e-05
1.274174800000000005e+03 0.000000000000000000e+00 4.106160553980430595e-05
1.274855099999999993e+03 0.000000000000000000e+00 4.155769668368275785e-05
1.275535399999999981e+03 0.000000000000000000e+00 4.205378782756120297e-05
1.276215580000000045e+03 0.000000000000000000e+00 4.269686595122269439e-05
1.276895870000000059e+03 0.000000000000000000e+00 4.337775946663960993e-05
1.277576049999999896e+03 0.000000000000000000e+00 4.396496664307527778e-05
1.278256229999999960e+03 0.000000000000000000e+00 4.424893924207170539e-05
1.278936279999999897e+03 0.000000000000000000e+00 4.453285756655564319e-05
1.279616459999999961e+03 0.000000000000000000e+00 4.460890308051574743e-05
1.280296509999999898e+03 0.000000000000000000e+00 4.458507882745226371e-05
1.280976560000000063e+03 0.000000000000000000e+00 4.454761975701563090e-05
1.281656739999999900e+03 0.000000000000000000e+00 4.440544811955697736e-05
1.282336669999999913e+03 0.000000000000000000e+00 4.426332873725039962e-05
1.283016720000000078e+03 0.000000000000000000e+00 4.442933395173576246e-05
1.283696779999999990e+03 0.000000000000000000e+00 4.484294468911553734e-05
1.284376710000000003e+03 0.000000000000000000e+00 4.525647636083078779e-05
1.285056640000000016e+03 0.000000000000000000e+00 4.563466372543027234e-05
1.285736570000000029e+03 0.000000000000000000e+00 4.601263407169731411e-05
1.286416500000000042e+03 0.000000000000000000e+00 4.639956209787357772e-05
1.287096309999999903e+03 0.000000000000000000e+00 4.679815674163852982e-05
1.287776249999999891e+03 0.000000000000000000e+00 4.719682760861840980e-05
1.288456050000000005e+03 0.000000000000000000e+00 4.718674697926962953e-05
1.289135860000000093e+03 0.000000000000000000e+00 4.711647071497574016e-05
1.289815669999999955e+03 0.000000000000000000e+00 4.708362731033567184e-05
1.290495359999999891e+03 0.000000000000000000e+00 4.713398307601947214e-05
1.291175169999999980e+03 0.000000000000000000e+00 4.718434773206783866e-05
1.291854859999999917e+03 0.000000000000000000e+00 4.656856431309266584e-05
1.292534550000000081e+03 0.000000000000000000e+00 4.572924270941243203e-05
1.293214230000000043e+03 0.000000000000000000e+00 4.510222510880711308e-05
1.293893919999999980e+03 0.000000000000000000e+00 4.539733331717001340e-05
1.294573489999999993e+03 0.000000000000000000e+00 4.569238942386158844e-05
1.295253169999999955e+03 0.000000000000000000e+00 4.577688419262886674e-05
1.295932739999999967e+03 0.000000000000000000e+00 4.573511774991134493e-05
1.296612300000000005e+03 0.000000000000000000e+00 4.571963140278818822e-05
1.297291870000000017e+03 0.000000000000000000e+00 4.609235439449272049e-05
1.297971309999999903e+03 0.000000000000000000e+00 4.646500608524375552e-05
1.298650879999999916e+03 0.000000000000000000e+00 4.650707133694233518e-05
1.299330320000000029e+03 0.000000000000000000e+00 4.621983562350898567e-05
1.300009769999999889e+03 0.000000000000000000e+00 4.593259568253963099e-05
1.300689210000000003e+03 0.000000000000000000e+00 4.542154937930518180e-05
1.301368649999999889e+03 0.000000000000000000e+00 4.489589804849361142e-05
1.302047970000000078e+03 0.000000000000000000e+00 4.458502437049862132e-05
1.302727290000000039e+03 0.000000000000000000e+00 4.463029039498838828e-05
1.303406739999999900e+03 0.000000000000000000e+00 4.467556508193940647e-05
1.304085939999999937e+03 0.000000000000000000e+00 4.426154579941562751e-05
1.304765259999999898e+03 0.000000000000000000e+00 4.374223002114755121e-05
1.305444580000000087e+03 0.000000000000000000e+00 4.344624606599724635e-05
1.306123779999999897e+03 0.000000000000000000e+00 4.381842823576426562e-05
1.306802979999999934e+03 0.000000000000000000e+00 4.419061040553140686e-05
1.307482299999999896e+03 0.000000000000000000e+00 4.382501922172423673e-05
1.308161380000000008e+03 0.000000000000000000e+00 4.312403380868100241e-05
1.308840580000000045e+03 0.000000000000000000e+00 4.245495781627245955e-05
1.309519780000000083e+03 0.000000000000000000e+00 4.201177233948475396e-05
1.310198849999999993e+03 0.000000000000000000e+00 4.156867168912819241e-05
1.310877930000000106e+03 0.000000000000000000e+00 4.140943575387145194e-05
1.311557009999999991e+03 0.000000000000000000e+00 4.147263862814647140e-05
1.312236079999999902e+03 0.000000000000000000e+00 4.153584057170825461e-05
1.312915040000000090e+03 0.000000000000000000e+00 4.068368722328418943e-05
1.313594119999999975e+03 0.000000000000000000e+00 3.982906766215082626e-05
1.314273069999999962e+03 0.000000000000000000e+00 3.918370379220478627e-05
1.314952029999999922e+03 0.000000000000000000e+00 3.881160095447397363e-05
1.315630979999999909e+03 0.000000000000000000e+00 3.843950359722561610e-05
1.316309809999999970e+03 0.000000000000000000e+00 3.841779110224781912e-05
1.316988769999999931e+03 0.000000000000000000e+00 3.844860464960708464e-05
1.317667599999999993e+03 0.000000000000000000e+00 3.834383640884701718e-05
1.318346440000000030e+03 0.000000000000000000e+00 3.793088081961481427e-05
1.319025270000000091e+03 0.000000000000000000e+00 3.751793131363622926e-05
1.319704099999999926e+03 0.000000000000000000e+00 3.704629552286703919e-05
1.320382810000000063e+03 0.000000000000000000e+00 3.655424010148915589e-05
1.321061519999999973e+03 0.000000000000000000e+00 3.619661064053718286e-05
1.321740360000000010e+03 0.000000000000000000e+00 3.646651186349490791e-05
1.322419069999999920e+03 0.000000000000000000e+00 3.673636139951753942e-05
1.323097659999999905e+03 0.000000000000000000e+00 3.678229002337547455e-05
1.323776370000000043e+03 0.000000000000000000e+00 3.668636758060550795e-05
1.324454960000000028e+03 0.000000000000000000e+00 3.651575272710031454e-05
1.325133669999999938e+03 0.000000000000000000e+00 3.484061933725118078e-05
1.325812259999999924e+03 0.000000000000000000e+00 3.316578212103534076e-05
1.326490720000000010e+03 0.000000000000000000e+00 3.237835003636895686e-05
1.327169309999999996e+03 0.000000000000000000e+00 3.254288236317879365e-05
1.327847899999999981e+03 0.000000000000000000e+00 3.270741468998862367e-05
1.328526370000000043e+03 0.000000000000000000e+00 3.208527578965338453e-05
1.329204829999999902e+03 0.000000000000000000e+00 3.139233525263111037e-05
1.329883299999999963e+03 0.000000000000000000e+00 3.109293820547262115e-05
1.330561770000000024e+03 0.000000000000000000e+00 3.151942910170969813e-05
1.331240109999999959e+03 0.000000000000000000e+00 3.194583827905491530e-05
1.331918580000000020e+03 0.000000000000000000e+00 3.173477461897810352e-05
1.332596919999999955e+03 0.000000000000000000e+00 3.135046068034699513e-05
1.333275270000000091e+03 0.000000000000000000e+00 3.093344507112648221e-05
1.333953610000000026e+03 0.000000000000000000e+00 3.040105559806974327e-05
1.334631840000000011e+03 0.000000000000000000e+00 2.986875245759254785e-05
1.335310179999999946e+03 0.000000000000000000e+00 2.956554643656405658e-05
1.335988399999999956e+03 0.000000000000000000e+00 2.938316600472095218e-05
1.336666629999999941e+03 0.000000000000000000e+00 2.922205883099795057e-05
1.337344849999999951e+03 0.000000000000000000e+00 2.927895129998835108e-05
1.338022950000000037e+03 0.000000000000000000e+00 2.933583370278154042e-05
1.338701170000000047e+03 0.000000000000000000e+00 2.897874550976564141e-05
1.339379269999999906e+03 0.000000000000000000e+00 2.824345679326747792e-05
1.340057369999999992e+03 0.000000000000000000e+00 2.750816807676906709e-05
1.340735470000000078e+03 0.000000000000000000e+00 2.712017959047174044e-05
1.341413569999999936e+03 0.000000000000000000e+00 2.674808024159386536e-05
1.342091550000000097e+03 0.000000000000000000e+00 2.669434893521119550e-05
1.342769649999999956e+03 0.000000000000000000e+00 2.713934083464993773e-05
1.343447629999999890e+03 0.000000000000000000e+00 2.758425398607525979e-05
1.344125610000000052e+03 0.000000000000000000e+00 2.708393007852336477e-05
1.344803589999999986e+03 0.000000000000000000e+00 2.638032836970188408e-05
1.345481449999999995e+03 0.000000000000000000e+00 2.593390737985338377e-05
1.346159419999999955e+03 0.000000000000000000e+00 2.623427776530790943e-05
1.346837279999999964e+03 0.000000000000000000e+00 2.653459941594764365e-05
1.347515139999999974e+03 0.000000000000000000e+00 2.617252699993464742e-05
1.348192990000000009e+03 0.000000000000000000e+00 2.551147113204917230e-05
1.348870850000000019e+03 0.000000000000000000e+00 2.489443090403206985e-05
1.349548579999999902e+03 0.000000000000000000e+00 2.459453526005532582e-05
1.350226319999999987e+03 0.000000000000000000e+00 2.429463519107674007e-05
1.350904170000000022e+03 0.000000000000000000e+00 2.448822731497496901e-05
1.351581789999999955e+03 0.000000000000000000e+00 2.507818596135092838e-05
1.352259520000000066e+03 0.000000000000000000e+00 2.566824037740783745e-05
1.352937259999999924e+03 0.000000000000000000e+00 2.502797115467905370e-05
1.353614870000000110e+03 0.000000000000000000e+00 2.437143280556357890e-05
1.354292480000000069e+03 0.000000000000000000e+00 2.388164715519200482e-05
1.354970090000000027e+03 0.000000000000000000e+00 2.362306349695750951e-05
1.355647709999999961e+03 0.000000000000000000e+00 2.336447602260965126e-05
1.356325319999999920e+03 0.000000000000000000e+00 2.342444485219475172e-05
1.357002809999999954e+03 0.000000000000000000e+00 2.354007792336023359e-05
1.357680299999999988e+03 0.000000000000000000e+00 2.362024596968975991e-05
1.358357790000000023e+03 0.000000000000000000e+00 2.361051049733639892e-05
1.359035280000000057e+03 0.000000000000000000e+00 2.360077502498304132e-05
1.359712770000000091e+03 0.000000000000000000e+00 2.361720679178475017e-05
1.360390139999999974e+03 0.000000000000000000e+00 2.364406628234323363e-05
1.361067630000000008e+03 0.000000000000000000e+00 2.360557964425586414e-05
1.361744999999999891e+03 0.000000000000000000e+00 2.318586043205688826e-05
1.362422360000000026e+03 0.000000000000000000e+00 2.276614741616424188e-05
1.363099609999999984e+03 0.000000000000000000e+00 2.279210247122974501e-05
1.363776980000000094e+03 0.000000000000000000e+00 2.314363611667667593e-05
1.364454220000000078e+03 0.000000000000000000e+00 2.349007926140569388e-05
1.365131470000000036e+03 0.000000000000000000e+00 2.327247121428568677e-05
1.365808719999999994e+03 0.000000000000000000e+00 2.305486316716567628e-05
1.366485959999999977e+03 0.000000000000000000e+00 2.307857192687965347e-05
1.367163209999999935e+03 0.000000000000000000e+00 2.340943751308385953e-05
1.367840329999999994e+03 0.000000000000000000e+00 2.374023958872893556e-05
