9.306945799999999736e+02 0.000000000000000000e+00 3.593865474968691617e-05
9.313851899999999659e+02 0.000000000000000000e+00 3.519398420202340071e-05
9.320757399999999961e+02 0.000000000000000000e+00 3.444937835112481196e-05
9.327663000000000011e+02 0.000000000000000000e+00 3.550679280408237481e-05
9.334568500000000313e+02 0.000000000000000000e+00 3.706279535068675795e-05
9.341473999999999478e+02 0.000000000000000000e+00 3.684894722096028832e-05
9.348378900000000158e+02 0.000000000000000000e+00 3.151720235472657241e-05
9.355283799999999701e+02 0.000000000000000000e+00 2.618545748849373741e-05
9.362188700000000381e+02 0.000000000000000000e+00 2.806538632026212300e-05
9.369093000000000302e+02 0.000000000000000000e+00 3.260689002005030709e-05
9.375997300000000223e+02 0.000000000000000000e+00 3.490164260570329229e-05
9.382901600000000144e+02 0.000000000000000000e+00 2.841688982827111210e-05
9.389805300000000443e+02 0.000000000000000000e+00 2.193270059119262314e-05
9.396708999999999605e+02 0.000000000000000000e+00 2.168588729672293907e-05
9.403612699999999904e+02 0.000000000000000000e+00 2.441560182326084550e-05
9.410515699999999697e+02 0.000000000000000000e+00 2.707063193019479053e-05
9.417418800000000374e+02 0.000000000000000000e+00 2.930359499437654294e-05
9.424321899999999914e+02 0.000000000000000000e+00 3.153655805855793282e-05
9.431224999999999454e+02 0.000000000000000000e+00 3.163211544869350405e-05
9.438127399999999625e+02 0.000000000000000000e+00 3.043285535017932245e-05
9.445029899999999543e+02 0.000000000000000000e+00 2.905906687944166583e-05
9.451931799999999839e+02 0.000000000000000000e+00 2.603097359180596361e-05
9.458833600000000388e+02 0.000000000000000000e+00 2.300292417749905271e-05
9.465735499999999547e+02 0.000000000000000000e+00 2.538313265534423302e-05
9.472637300000000096e+02 0.000000000000000000e+00 3.188096693496952482e-05
9.479538599999999633e+02 0.000000000000000000e+00 3.788847508286556507e-05
9.486439800000000560e+02 0.000000000000000000e+00 3.216004397066227265e-05
9.493341100000000097e+02 0.000000000000000000e+00 2.643152985215525900e-05
9.500241700000000264e+02 0.000000000000000000e+00 2.671820500390852319e-05
9.507142300000000432e+02 0.000000000000000000e+00 3.273074206226188500e-05
9.514043000000000347e+02 0.000000000000000000e+00 3.874336625125669037e-05
9.520943600000000515e+02 0.000000000000000000e+00 4.178137822504270104e-05
9.527843599999999924e+02 0.000000000000000000e+00 4.477156427209781967e-05
9.534743700000000217e+02 0.000000000000000000e+00 4.817929228911152115e-05
9.541643100000000004e+02 0.000000000000000000e+00 5.208452543312472159e-05
9.548542499999999791e+02 0.000000000000000000e+00 5.598975857713792202e-05
9.555441899999999578e+02 0.000000000000000000e+00 5.564421774798610312e-05
9.562341300000000501e+02 0.000000000000000000e+00 5.496752946203843887e-05
9.569240099999999529e+02 0.000000000000000000e+00 5.604126152929006689e-05
9.576138899999999694e+02 0.000000000000000000e+00 5.974947557953300299e-05
9.583037699999999859e+02 0.000000000000000000e+00 6.345768962977594587e-05
9.589935900000000402e+02 0.000000000000000000e+00 6.774418455623079237e-05
9.596834099999999808e+02 0.000000000000000000e+00 7.211678396517901424e-05
9.603731699999999591e+02 0.000000000000000000e+00 7.629444549837633305e-05
9.610629900000000134e+02 0.000000000000000000e+00 8.009723881686603832e-05
9.617527499999999918e+02 0.000000000000000000e+00 8.389970137138920729e-05
9.624424999999999955e+02 0.000000000000000000e+00 8.931396512661120182e-05
9.631322000000000116e+02 0.000000000000000000e+00 9.509999926123853867e-05
9.638219000000000278e+02 0.000000000000000000e+00 1.002088035977406511e-04
9.645116000000000440e+02 0.000000000000000000e+00 1.036041147984589396e-04
9.652012300000000096e+02 0.000000000000000000e+00 1.069990813974892229e-04
9.658908699999999499e+02 0.000000000000000000e+00 1.116064331251725430e-04
9.665805100000000039e+02 0.000000000000000000e+00 1.166097893974034366e-04
9.672701399999999694e+02 0.000000000000000000e+00 1.214539632242993847e-04
9.679597199999999475e+02 0.000000000000000000e+00 1.257474703279342872e-04
9.686492899999999509e+02 0.000000000000000000e+00 1.300409151689297012e-04
9.693388700000000426e+02 0.000000000000000000e+00 1.328032061701567615e-04
9.700283799999999701e+02 0.000000000000000000e+00 1.348921563386920553e-04
9.707178999999999860e+02 0.000000000000000000e+00 1.367595478645157404e-04
9.714073499999999513e+02 0.000000000000000000e+00 1.375033628338636770e-04
9.720968599999999924e+02 0.000000000000000000e+00 1.382472425343715531e-04
9.727863200000000461e+02 0.000000000000000000e+00 1.411891206009356842e-04
9.734757100000000491e+02 0.000000000000000000e+00 1.453959331862239731e-04
9.741651600000000144e+02 0.000000000000000000e+00 1.495172695496899400e-04
9.748545500000000175e+02 0.000000000000000000e+00 1.529016888076571712e-04
9.755438799999999446e+02 0.000000000000000000e+00 1.562858135078911358e-04
9.762332800000000361e+02 0.000000000000000000e+00 1.601967619988426414e-04
9.769226099999999633e+02 0.000000000000000000e+00 1.644981966342784496e-04
9.776119400000000041e+02 0.000000000000000000e+00 1.686467256506687560e-04
9.783012099999999691e+02 0.000000000000000000e+00 1.694239590434533024e-04
9.789904800000000478e+02 0.000000000000000000e+00 1.702011924362380115e-04
9.796797500000000127e+02 0.000000000000000000e+00 1.744788461882938789e-04
9.803690199999999777e+02 0.000000000000000000e+00 1.820845615564637375e-04
9.810582299999999805e+02 0.000000000000000000e+00 1.896896148576325742e-04
9.817474399999999832e+02 0.000000000000000000e+00 1.975831098260928090e-04
9.824365800000000490e+02 0.000000000000000000e+00 2.054811877894736211e-04
9.831257299999999759e+02 0.000000000000000000e+00 2.129107321268292334e-04
9.838148800000000165e+02 0.000000000000000000e+00 2.197687115607085083e-04
9.845040299999999434e+02 0.000000000000000000e+00 2.266266909945866719e-04
9.851931200000000217e+02 0.000000000000000000e+00 2.373404564894580784e-04
9.858822000000000116e+02 0.000000000000000000e+00 2.483925366421990515e-04
9.865712899999999763e+02 0.000000000000000000e+00 2.571943593609962871e-04
9.872603100000000040e+02 0.000000000000000000e+00 2.624440017509158964e-04
9.879493400000000065e+02 0.000000000000000000e+00 2.676937203308209245e-04
9.886383700000000090e+02 0.000000000000000000e+00 2.754310766783958642e-04
9.893273299999999608e+02 0.000000000000000000e+00 2.835849997608411990e-04
9.900163000000000011e+02 0.000000000000000000e+00 2.894501934504126596e-04
9.907052599999999529e+02 0.000000000000000000e+00 2.905509049307573779e-04
9.913941700000000310e+02 0.000000000000000000e+00 2.916515365289987769e-04
9.920830700000000206e+02 0.000000000000000000e+00 2.933791199683370471e-04
9.927719700000000103e+02 0.000000000000000000e+00 2.952709399387229211e-04
9.934608799999999746e+02 0.000000000000000000e+00 2.963975971521756367e-04
9.941497200000000021e+02 0.000000000000000000e+00 2.953519285843499414e-04
9.948385600000000295e+02 0.000000000000000000e+00 2.943062600165243002e-04
9.955273399999999810e+02 0.000000000000000000e+00 2.905513864254838461e-04
9.962161300000000210e+02 0.000000000000000000e+00 2.857848491467449709e-04
9.969049099999999726e+02 0.000000000000000000e+00 2.808169216576067635e-04
9.975936900000000378e+02 0.000000000000000000e+00 2.750208263395213923e-04
9.982824100000000271e+02 0.000000000000000000e+00 2.692252359224487301e-04
9.989711300000000165e+02 0.000000000000000000e+00 2.623099099775047104e-04
9.996597900000000436e+02 0.000000000000000000e+00 2.548264652043253546e-04
1.000348449999999957e+03 0.000000000000000000e+00 2.473925023807802925e-04
1.001037109999999984e+03 0.000000000000000000e+00 2.402888557584318232e-04
1.001725770000000011e+03 0.000000000000000000e+00 2.331852091360833538e-04
1.002414369999999963e+03 0.000000000000000000e+00 2.249166030171121278e-04
1.003102970000000028e+03 0.000000000000000000e+00 2.158622461174319505e-04
1.003791560000000004e+03 0.000000000000000000e+00 2.069881708961687891e-04
1.004480099999999993e+03 0.000000000000000000e+00 2.007419353113593628e-04
1.005168639999999982e+03 0.000000000000000000e+00 1.944956997265499094e-04
1.005857179999999971e+03 0.000000000000000000e+00 1.879855459420075271e-04
1.006545650000000023e+03 0.000000000000000000e+00 1.812427926607988933e-04
1.007234130000000050e+03 0.000000000000000000e+00 1.744999414413610911e-04
1.007922609999999963e+03 0.000000000000000000e+00 1.687904501802132452e-04
1.008611020000000053e+03 0.000000000000000000e+00 1.630842960507164659e-04
1.009299440000000004e+03 0.000000000000000000e+00 1.583075606362188735e-04
1.009987849999999980e+03 0.000000000000000000e+00 1.546059408029185490e-04
1.010676270000000045e+03 0.000000000000000000e+00 1.509042671990474106e-04
1.011364619999999945e+03 0.000000000000000000e+00 1.465494982572133973e-04
1.012052919999999972e+03 0.000000000000000000e+00 1.421458271565512492e-04
1.012741269999999986e+03 0.000000000000000000e+00 1.366251925964232937e-04
1.013429570000000012e+03 0.000000000000000000e+00 1.294005984786178475e-04
1.014117859999999951e+03 0.000000000000000000e+00 1.221761093236800903e-04
1.014806090000000040e+03 0.000000000000000000e+00 1.206675833919442929e-04
1.015494320000000016e+03 0.000000000000000000e+00 1.200753370330895115e-04
1.016182559999999967e+03 0.000000000000000000e+00 1.190473157923124120e-04
1.016870790000000056e+03 0.000000000000000000e+00 1.171241920405444083e-04
1.017558959999999956e+03 0.000000000000000000e+00 1.152012359470090658e-04
1.018247129999999970e+03 0.000000000000000000e+00 1.130117510127171768e-04
1.018935240000000022e+03 0.000000000000000000e+00 1.107528493740506662e-04
1.019623349999999959e+03 0.000000000000000000e+00 1.090919693820347700e-04
1.020311460000000011e+03 0.000000000000000000e+00 1.091499648031322105e-04
1.020999569999999949e+03 0.000000000000000000e+00 1.092079602242296239e-04
1.021687620000000038e+03 0.000000000000000000e+00 1.085185698934329750e-04
1.022375670000000014e+03 0.000000000000000000e+00 1.075434191187227295e-04
1.023063719999999989e+03 0.000000000000000000e+00 1.064121737349773699e-04
1.023751710000000003e+03 0.000000000000000000e+00 1.046087123426367937e-04
1.024439699999999903e+03 0.000000000000000000e+00 1.028052509502965157e-04
1.025127690000000030e+03 0.000000000000000000e+00 1.027916973132613583e-04
1.025815550000000030e+03 0.000000000000000000e+00 1.037278323173203352e-04
1.026503539999999930e+03 0.000000000000000000e+00 1.045595222903187411e-04
1.027191409999999905e+03 0.000000000000000000e+00 1.046064578746709389e-04
1.027879269999999906e+03 0.000000000000000000e+00 1.046533927766909620e-04
1.028567140000000109e+03 0.000000000000000000e+00 1.054526074975809327e-04
1.029255000000000109e+03 0.000000000000000000e+00 1.067915389269202359e-04
1.029942870000000084e+03 0.000000000000000000e+00 1.081097457776171293e-04
1.030630619999999908e+03 0.000000000000000000e+00 1.090040641471577752e-04
1.031318479999999909e+03 0.000000000000000000e+00 1.098985255556236216e-04
1.032006229999999960e+03 0.000000000000000000e+00 1.118598202353923981e-04
1.032693970000000036e+03 0.000000000000000000e+00 1.148428096947432290e-04
1.033381710000000112e+03 0.000000000000000000e+00 1.178257991540940599e-04
1.034069340000000011e+03 0.000000000000000000e+00 1.182972244756428629e-04
1.034757080000000087e+03 0.000000000000000000e+00 1.187037627615107778e-04
1.035444700000000012e+03 0.000000000000000000e+00 1.201882543445379121e-04
1.036132319999999936e+03 0.000000000000000000e+00 1.230532380897559480e-04
1.036820069999999987e+03 0.000000000000000000e+00 1.259187634828132761e-04
1.037507569999999987e+03 0.000000000000000000e+00 1.269294312428890451e-04
1.038195189999999911e+03 0.000000000000000000e+00 1.277392119794623084e-04
1.038882810000000063e+03 0.000000000000000000e+00 1.278232472933173061e-04
1.039570310000000063e+03 0.000000000000000000e+00 1.266477294094633531e-04
1.040257810000000063e+03 0.000000000000000000e+00 1.254722115256094272e-04
1.040945310000000063e+03 0.000000000000000000e+00 1.254320774763041820e-04
1.041632810000000063e+03 0.000000000000000000e+00 1.256264203054147056e-04
1.042320310000000063e+03 0.000000000000000000e+00 1.252844493807348284e-04
1.043007689999999911e+03 0.000000000000000000e+00 1.236428741281140286e-04
1.043695189999999911e+03 0.000000000000000000e+00 1.220010122959730501e-04
1.044382569999999987e+03 0.000000000000000000e+00 1.204848105887556029e-04
1.045069950000000063e+03 0.000000000000000000e+00 1.190092697504127741e-04
1.045757319999999936e+03 0.000000000000000000e+00 1.174091319792266877e-04
1.046444700000000012e+03 0.000000000000000000e+00 1.153612028033538991e-04
1.047131959999999935e+03 0.000000000000000000e+00 1.133136311466137632e-04
1.047819340000000011e+03 0.000000000000000000e+00 1.114923688541142401e-04
1.048506589999999960e+03 0.000000000000000000e+00 1.097779286839015926e-04
1.049193850000000111e+03 0.000000000000000000e+00 1.083811243775700697e-04
1.049881100000000060e+03 0.000000000000000000e+00 1.088937979654952781e-04
1.050568359999999984e+03 0.000000000000000000e+00 1.094064790132034812e-04
1.051255490000000009e+03 0.000000000000000000e+00 1.090196179814984336e-04
1.051942749999999933e+03 0.000000000000000000e+00 1.080450905172537128e-04
1.052629879999999957e+03 0.000000000000000000e+00 1.068439800556445835e-04
1.053317019999999957e+03 0.000000000000000000e+00 1.024835142703814351e-04
1.054004149999999981e+03 0.000000000000000000e+00 9.812311194330401427e-05
1.054691280000000006e+03 0.000000000000000000e+00 9.579550695058651737e-05
1.055378300000000081e+03 0.000000000000000000e+00 9.528017529255474577e-05
1.056065430000000106e+03 0.000000000000000000e+00 9.476476112385028212e-05
1.056752439999999979e+03 0.000000000000000000e+00 9.382995306585037345e-05
1.057439450000000079e+03 0.000000000000000000e+00 9.289123321895113850e-05
1.058126459999999952e+03 0.000000000000000000e+00 9.157950665873579787e-05
1.058813480000000027e+03 0.000000000000000000e+00 8.981588520460482747e-05
1.059500489999999900e+03 0.000000000000000000e+00 8.805228942107281795e-05
1.060187380000000076e+03 0.000000000000000000e+00 8.782839207845870256e-05
1.060874270000000024e+03 0.000000000000000000e+00 8.775001498229301287e-05
1.061561159999999973e+03 0.000000000000000000e+00 8.784222350309006254e-05
1.062248049999999921e+03 0.000000000000000000e+00 8.821919527462332498e-05
1.062934940000000097e+03 0.000000000000000000e+00 8.859616704615672295e-05
1.063621830000000045e+03 0.000000000000000000e+00 8.860959987333620364e-05
1.064308590000000095e+03 0.000000000000000000e+00 8.855171418186200518e-05
1.064995480000000043e+03 0.000000000000000000e+00 8.838264850706007293e-05
1.065682250000000067e+03 0.000000000000000000e+00 8.795024127020942837e-05
1.066369020000000091e+03 0.000000000000000000e+00 8.751783403335878380e-05
1.067055659999999989e+03 0.000000000000000000e+00 8.670731280551061484e-05
1.067742430000000013e+03 0.000000000000000000e+00 8.577555003466486646e-05
1.068429080000000113e+03 0.000000000000000000e+00 8.504270900405249301e-05
1.069115839999999935e+03 0.000000000000000000e+00 8.502301861514733553e-05
1.069802490000000034e+03 0.000000000000000000e+00 8.500333138009908730e-05
1.070489139999999907e+03 0.000000000000000000e+00 8.494250429716307090e-05
1.071175780000000032e+03 0.000000000000000000e+00 8.486217592505517849e-05
1.071862300000000005e+03 0.000000000000000000e+00 8.474468234534962986e-05
1.072548950000000104e+03 0.000000000000000000e+00 8.439621828479582045e-05
1.073235470000000078e+03 0.000000000000000000e+00 8.404782019719463006e-05
1.073922000000000025e+03 0.000000000000000000e+00 8.348302665214804509e-05
1.074608519999999999e+03 0.000000000000000000e+00 8.277318967434732944e-05
1.075295039999999972e+03 0.000000000000000000e+00 8.209333587574434664e-05
1.075981569999999920e+03 0.000000000000000000e+00 8.189452955152610927e-05
1.076667969999999968e+03 0.000000000000000000e+00 8.169576087289092032e-05
1.077354370000000017e+03 0.000000000000000000e+00 8.042163149678027744e-05
1.078040770000000066e+03 0.000000000000000000e+00 7.814779653215851848e-05
1.078727169999999887e+03 0.000000000000000000e+00 7.587396156753751847e-05
1.079413569999999936e+03 0.000000000000000000e+00 7.517844857462573148e-05
1.080099979999999960e+03 0.000000000000000000e+00 7.451911056578162376e-05
1.080786250000000109e+03 0.000000000000000000e+00 7.343301346024711754e-05
1.081472659999999905e+03 0.000000000000000000e+00 7.179667429441784308e-05
1.082158940000000030e+03 0.000000000000000000e+00 7.016064503679359692e-05
1.082845209999999952e+03 0.000000000000000000e+00 6.938008866883642301e-05
1.083531369999999924e+03 0.000000000000000000e+00 6.869860950370042523e-05
1.084217650000000049e+03 0.000000000000000000e+00 6.792687081650054662e-05
1.084903929999999946e+03 0.000000000000000000e+00 6.699137850344509461e-05
1.085590089999999918e+03 0.000000000000000000e+00 6.605604976659395502e-05
1.086276249999999891e+03 0.000000000000000000e+00 6.508986431936731145e-05
1.086962399999999889e+03 0.000000000000000000e+00 6.411663834485808642e-05
1.087648560000000089e+03 0.000000000000000000e+00 6.334081013406299703e-05
1.088334589999999935e+03 0.000000000000000000e+00 6.309099052064142744e-05
1.089020749999999907e+03 0.000000000000000000e+00 6.284112356738081847e-05
1.089706789999999955e+03 0.000000000000000000e+00 6.200637359617555027e-05
1.090392820000000029e+03 0.000000000000000000e+00 6.095673780309055157e-05
1.091078860000000077e+03 0.000000000000000000e+00 6.010383789902023132e-05
1.091764889999999923e+03 0.000000000000000000e+00 6.009242881431278694e-05
1.092450810000000047e+03 0.000000000000000000e+00 6.008102155897041181e-05
1.093136839999999893e+03 0.000000000000000000e+00 5.979954682617404413e-05
1.093822750000000042e+03 0.000000000000000000e+00 5.937113098439660578e-05
1.094508669999999938e+03 0.000000000000000000e+00 5.891510359204240899e-05
1.095194580000000087e+03 0.000000000000000000e+00 5.822556472718309293e-05
1.095880490000000009e+03 0.000000000000000000e+00 5.753602586232400048e-05
1.096566409999999905e+03 0.000000000000000000e+00 5.792228465198074358e-05
1.097252199999999903e+03 0.000000000000000000e+00 5.914184308392365962e-05
1.097937989999999900e+03 0.000000000000000000e+00 6.034828967344716782e-05
1.098623779999999897e+03 0.000000000000000000e+00 6.093833221094915078e-05
1.099309569999999894e+03 0.000000000000000000e+00 6.152837474845112696e-05
1.099995359999999891e+03 0.000000000000000000e+00 6.200221472815452164e-05
1.100681149999999889e+03 0.000000000000000000e+00 6.234948015717923034e-05
1.101366819999999962e+03 0.000000000000000000e+00 6.269668482146332838e-05
1.102052490000000034e+03 0.000000000000000000e+00 6.319333883116290494e-05
1.102738160000000107e+03 0.000000000000000000e+00 6.370025783548813856e-05
1.103423829999999953e+03 0.000000000000000000e+00 6.485733936196076644e-05
1.104109500000000025e+03 0.000000000000000000e+00 6.701896751161481153e-05
1.104795170000000098e+03 0.000000000000000000e+00 6.918059566126885662e-05
1.105480710000000045e+03 0.000000000000000000e+00 7.055964631179145264e-05
1.106166259999999966e+03 0.000000000000000000e+00 7.180057446400353095e-05
1.106851809999999887e+03 0.000000000000000000e+00 7.324730678757770800e-05
1.107537350000000060e+03 0.000000000000000000e+00 7.515939347154015676e-05
1.108222899999999981e+03 0.000000000000000000e+00 7.707150804718850110e-05
1.108908449999999903e+03 0.000000000000000000e+00 7.990641275568823390e-05
1.109593869999999924e+03 0.000000000000000000e+00 8.302679623048057032e-05
1.110279299999999921e+03 0.000000000000000000e+00 8.588379955685807715e-05
1.110964719999999943e+03 0.000000000000000000e+00 8.780459334625277472e-05
1.111650149999999940e+03 0.000000000000000000e+00 8.972541515925029263e-05
1.112335569999999962e+03 0.000000000000000000e+00 9.277065026339663064e-05
1.113020999999999958e+03 0.000000000000000000e+00 9.635518838882977223e-05
1.113706300000000056e+03 0.000000000000000000e+00 9.996661344370564781e-05
1.114391599999999926e+03 0.000000000000000000e+00 1.037593209508851793e-04
1.115076900000000023e+03 0.000000000000000000e+00 1.075520284580659848e-04
1.115762210000000096e+03 0.000000000000000000e+00 1.103993021026078745e-04
1.116447509999999966e+03 0.000000000000000000e+00 1.125845244108913170e-04
1.117132689999999911e+03 0.000000000000000000e+00 1.148108810416536077e-04
1.117817990000000009e+03 0.000000000000000000e+00 1.179474448751306450e-04
1.118503169999999955e+03 0.000000000000000000e+00 1.210834594781093885e-04
1.119188349999999900e+03 0.000000000000000000e+00 1.243110075030543805e-04
1.119873540000000048e+03 0.000000000000000000e+00 1.276304336305918792e-04
1.120558590000000095e+03 0.000000000000000000e+00 1.309491815233942123e-04
1.121243770000000040e+03 0.000000000000000000e+00 1.343004473813529229e-04
1.121928830000000062e+03 0.000000000000000000e+00 1.376526438720789610e-04
1.122613890000000083e+03 0.000000000000000000e+00 1.407444371431760882e-04
1.123298950000000104e+03 0.000000000000000000e+00 1.434612448488240509e-04
1.123984009999999898e+03 0.000000000000000000e+00 1.461780525544711191e-04
1.124669069999999920e+03 0.000000000000000000e+00 1.484668295349147289e-04
1.125354000000000042e+03 0.000000000000000000e+00 1.506883448191524298e-04
1.126039060000000063e+03 0.000000000000000000e+00 1.526242188116212685e-04
1.126723999999999933e+03 0.000000000000000000e+00 1.539510476873946591e-04
1.127408940000000030e+03 0.000000000000000000e+00 1.552778765631685105e-04
1.128093869999999924e+03 0.000000000000000000e+00 1.565949478518572767e-04
1.128778690000000097e+03 0.000000000000000000e+00 1.579089736199957488e-04
1.129463619999999992e+03 0.000000000000000000e+00 1.589683714567740854e-04
1.130148439999999937e+03 0.000000000000000000e+00 1.591706661915316093e-04
1.130833249999999907e+03 0.000000000000000000e+00 1.593729579723051249e-04
1.131518070000000080e+03 0.000000000000000000e+00 1.597301494293446207e-04
1.132202880000000050e+03 0.000000000000000000e+00 1.601590865644992982e-04
1.132887699999999995e+03 0.000000000000000000e+00 1.605618170385090431e-04
1.133572390000000041e+03 0.000000000000000000e+00 1.608002379874154245e-04
1.134257080000000087e+03 0.000000000000000000e+00 1.610386589363218331e-04
1.134941769999999906e+03 0.000000000000000000e+00 1.606697950035562890e-04
1.135626459999999952e+03 0.000000000000000000e+00 1.598819219665370604e-04
1.136311159999999973e+03 0.000000000000000000e+00 1.590763429738400493e-04
1.136995850000000019e+03 0.000000000000000000e+00 1.579008175495375248e-04
1.137680419999999913e+03 0.000000000000000000e+00 1.567254981499339019e-04
1.138364990000000034e+03 0.000000000000000000e+00 1.558978012281366551e-04
1.139049559999999929e+03 0.000000000000000000e+00 1.554187201500564449e-04
1.139734130000000050e+03 0.000000000000000000e+00 1.549396390719760450e-04
1.140418699999999944e+03 0.000000000000000000e+00 1.532326541709174404e-04
1.141103149999999914e+03 0.000000000000000000e+00 1.514650763524115495e-04
1.141787720000000036e+03 0.000000000000000000e+00 1.504006501504391786e-04
1.142472170000000006e+03 0.000000000000000000e+00 1.503653142988919673e-04
1.143156619999999975e+03 0.000000000000000000e+00 1.503299784473447831e-04
1.143841059999999970e+03 0.000000000000000000e+00 1.513693500740503624e-04
1.144525509999999940e+03 0.000000000000000000e+00 1.525849884905334467e-04
1.145209839999999986e+03 0.000000000000000000e+00 1.537517847226090896e-04
1.145894289999999955e+03 0.000000000000000000e+00 1.548116160740502332e-04
1.146578610000000026e+03 0.000000000000000000e+00 1.558712461279888656e-04
1.147262940000000071e+03 0.000000000000000000e+00 1.572663242846825029e-04
1.147947269999999889e+03 0.000000000000000000e+00 1.587643017139558346e-04
1.148631470000000036e+03 0.000000000000000000e+00 1.604147220789829231e-04
1.149315800000000081e+03 0.000000000000000000e+00 1.626144975333888626e-04
1.150000000000000000e+03 0.000000000000000000e+00 1.648138551034270948e-04
1.150684199999999919e+03 0.000000000000000000e+00 1.674040654643551944e-04
1.151368410000000040e+03 0.000000000000000000e+00 1.701865715938432884e-04
1.152052609999999959e+03 0.000000000000000000e+00 1.729330042228324304e-04
1.152736820000000080e+03 0.000000000000000000e+00 1.754215200743029725e-04
1.153420900000000074e+03 0.000000000000000000e+00 1.779095631073975372e-04
1.154104980000000069e+03 0.000000000000000000e+00 1.798206371238023884e-04
1.154789060000000063e+03 0.000000000000000000e+00 1.813045408337459765e-04
1.155473140000000058e+03 0.000000000000000000e+00 1.827976458363739145e-04
1.156157230000000027e+03 0.000000000000000000e+00 1.846277289236662787e-04
1.156841310000000021e+03 0.000000000000000000e+00 1.864577852588780304e-04
1.157525270000000091e+03 0.000000000000000000e+00 1.879061818867529190e-04
1.158209229999999934e+03 0.000000000000000000e+00 1.889389640734483373e-04
1.158893190000000004e+03 0.000000000000000000e+00 1.899717462601440809e-04
1.159577150000000074e+03 0.000000000000000000e+00 1.895381898072492368e-04
1.160261109999999917e+03 0.000000000000000000e+00 1.889943311025532526e-04
1.160945069999999987e+03 0.000000000000000000e+00 1.882505525581035428e-04
1.161628909999999905e+03 0.000000000000000000e+00 1.871829598267837381e-04
1.162312740000000076e+03 0.000000000000000000e+00 1.861153827071962451e-04
1.162996579999999994e+03 0.000000000000000000e+00 1.851834628033000290e-04
1.163680419999999913e+03 0.000000000000000000e+00 1.842787599635306497e-04
1.164364260000000058e+03 0.000000000000000000e+00 1.826677427731627373e-04
1.165047970000000078e+03 0.000000000000000000e+00 1.792767327016162537e-04
1.165731809999999996e+03 0.000000000000000000e+00 1.758850778664873202e-04
1.166415529999999990e+03 0.000000000000000000e+00 1.726146318091453097e-04
1.167099240000000009e+03 0.000000000000000000e+00 1.693877489277182454e-04
1.167782840000000078e+03 0.000000000000000000e+00 1.662265880848597035e-04
1.168466550000000097e+03 0.000000000000000000e+00 1.633511867329434002e-04
1.169150270000000091e+03 0.000000000000000000e+00 1.604757433251650760e-04
1.169833859999999959e+03 0.000000000000000000e+00 1.570862880868553627e-04
1.170517460000000028e+03 0.000000000000000000e+00 1.534026012352913092e-04
1.171201049999999896e+03 0.000000000000000000e+00 1.496980097335553269e-04
1.171884639999999990e+03 0.000000000000000000e+00 1.457723834189800368e-04
1.172568119999999908e+03 0.000000000000000000e+00 1.418473887972254385e-04
1.173251710000000003e+03 0.000000000000000000e+00 1.388952729512509747e-04
1.173935179999999946e+03 0.000000000000000000e+00 1.367835947820232156e-04
1.174618649999999889e+03 0.000000000000000000e+00 1.346719166127954294e-04
1.175302120000000059e+03 0.000000000000000000e+00 1.315941810430605759e-04
1.175985599999999977e+03 0.000000000000000000e+00 1.285034577690396065e-04
1.176668949999999995e+03 0.000000000000000000e+00 1.251684246291200520e-04
1.177352419999999938e+03 0.000000000000000000e+00 1.215169459664073047e-04
1.178035769999999957e+03 0.000000000000000000e+00 1.178661084107501030e-04
1.178719119999999975e+03 0.000000000000000000e+00 1.163051073547695971e-04
1.179402469999999994e+03 0.000000000000000000e+00 1.150114808095572893e-04
1.180085690000000113e+03 0.000000000000000000e+00 1.137300241144092647e-04
1.180769039999999904e+03 0.000000000000000000e+00 1.124718652498970275e-04
1.181452269999999999e+03 0.000000000000000000e+00 1.112139273249668090e-04
1.182135500000000093e+03 0.000000000000000000e+00 1.089398206805708050e-04
1.182818729999999960e+03 0.000000000000000000e+00 1.063880938323332051e-04
1.183501950000000079e+03 0.000000000000000000e+00 1.042262264021701247e-04
1.184185179999999946e+03 0.000000000000000000e+00 1.033362547178734496e-04
1.184868289999999888e+03 0.000000000000000000e+00 1.024464393449244155e-04
1.185551390000000083e+03 0.000000000000000000e+00 1.002152903787984417e-04
1.186234500000000025e+03 0.000000000000000000e+00 9.736356930469929885e-05
1.186917599999999993e+03 0.000000000000000000e+00 9.468367812360014809e-05
1.187600709999999935e+03 0.000000000000000000e+00 9.312759019470622207e-05
1.188283809999999903e+03 0.000000000000000000e+00 9.157152504527571089e-05
1.188966799999999921e+03 0.000000000000000000e+00 9.055436069460428498e-05
1.189649779999999964e+03 0.000000000000000000e+00 8.992529377225895080e-05
1.190332760000000007e+03 0.000000000000000000e+00 8.926756164295061001e-05
1.191015750000000025e+03 0.000000000000000000e+00 8.767793294081174305e-05
1.191698730000000069e+03 0.000000000000000000e+00 8.608832751322591020e-05
1.192381589999999960e+03 0.000000000000000000e+00 8.461550441685252745e-05
1.193064579999999978e+03 0.000000000000000000e+00 8.326955585572950568e-05
1.193747440000000097e+03 0.000000000000000000e+00 8.192386348183149591e-05
1.194430299999999988e+03 0.000000000000000000e+00 8.098524658810935884e-05
1.195113160000000107e+03 0.000000000000000000e+00 8.007890749897939356e-05
1.195795900000000074e+03 0.000000000000000000e+00 7.916126202402302655e-05
1.196478759999999966e+03 0.000000000000000000e+00 7.822429333852824718e-05
1.197161499999999933e+03 0.000000000000000000e+00 7.728748930792933255e-05
1.197844239999999900e+03 0.000000000000000000e+00 7.572212650529849647e-05
1.198526980000000094e+03 0.000000000000000000e+00 7.402091232676991626e-05
1.199209720000000061e+03 0.000000000000000000e+00 7.258319904937719324e-05
1.199892329999999902e+03 0.000000000000000000e+00 7.185810741976274361e-05
1.200575070000000096e+03 0.000000000000000000e+00 7.113287769971289945e-05
1.201257689999999911e+03 0.000000000000000000e+00 6.954213978006018614e-05
1.201940309999999954e+03 0.000000000000000000e+00 6.761049245191642855e-05
1.202622920000000022e+03 0.000000000000000000e+00 6.588467828564628561e-05
1.203305540000000065e+03 0.000000000000000000e+00 6.520266692926862358e-05
1.203988039999999955e+03 0.000000000000000000e+00 6.452077546589565186e-05
1.204670650000000023e+03 0.000000000000000000e+00 6.325324557083467580e-05
1.205353149999999914e+03 0.000000000000000000e+00 6.161439791997382336e-05
1.206035640000000058e+03 0.000000000000000000e+00 6.009034356954981291e-05
1.206718139999999948e+03 0.000000000000000000e+00 6.040211014326887686e-05
1.207400509999999940e+03 0.000000000000000000e+00 6.071381733287870464e-05
1.208083010000000058e+03 0.000000000000000000e+00 6.043970145966895733e-05
1.208765380000000050e+03 0.000000000000000000e+00 5.959251003509497696e-05
1.209447750000000042e+03 0.000000000000000000e+00 5.874531861052098981e-05
1.210130130000000008e+03 0.000000000000000000e+00 5.719189532228327339e-05
1.210812500000000000e+03 0.000000000000000000e+00 5.560320679433469716e-05
1.211494750000000067e+03 0.000000000000000000e+00 5.484015709059547231e-05
1.212177120000000059e+03 0.000000000000000000e+00 5.532227432393990995e-05
1.212859380000000101e+03 0.000000000000000000e+00 5.580431383860439266e-05
1.213541629999999941e+03 0.000000000000000000e+00 5.468641184195188341e-05
1.214223880000000008e+03 0.000000000000000000e+00 5.327516493018744830e-05
1.214906009999999924e+03 0.000000000000000000e+00 5.218141762311814916e-05
1.215588259999999991e+03 0.000000000000000000e+00 5.185995465331199483e-05
1.216270389999999907e+03 0.000000000000000000e+00 5.153854822517887002e-05
1.216952510000000075e+03 0.000000000000000000e+00 5.119866501109210567e-05
1.217634639999999990e+03 0.000000000000000000e+00 5.085217948383882281e-05
1.218316769999999906e+03 0.000000000000000000e+00 5.056399274232880296e-05
1.218998900000000049e+03 0.000000000000000000e+00 5.053658710740479860e-05
1.219680910000000040e+03 0.000000000000000000e+00 5.050918629366766031e-05
1.220363039999999955e+03 0.000000000000000000e+00 4.949873218265648373e-05
1.221045039999999972e+03 0.000000000000000000e+00 4.790704816471922284e-05
1.221727049999999963e+03 0.000000000000000000e+00 4.642226500201797329e-05
1.222408940000000030e+03 0.000000000000000000e+00 4.627706624150148515e-05
1.223090940000000046e+03 0.000000000000000000e+00 4.613184405805220066e-05
1.223772830000000113e+03 0.000000000000000000e+00 4.610790661997519059e-05
1.224454709999999977e+03 0.000000000000000000e+00 4.619636143898862515e-05
1.225136600000000044e+03 0.000000000000000000e+00 4.628481755522181727e-05
1.225818479999999909e+03 0.000000000000000000e+00 4.542056111342104228e-05
1.226500369999999975e+03 0.000000000000000000e+00 4.452073540005772461e-05
1.227182129999999916e+03 0.000000000000000000e+00 4.362780267432994418e-05
1.227864010000000007e+03 0.000000000000000000e+00 4.274442866320875267e-05
1.228545779999999922e+03 0.000000000000000000e+00 4.186119715684114375e-05
1.229227540000000090e+03 0.000000000000000000e+00 4.182955172672058673e-05
1.229909180000000106e+03 0.000000000000000000e+00 4.194379825873853062e-05
1.230590940000000046e+03 0.000000000000000000e+00 4.182273221205076415e-05
1.231272580000000062e+03 0.000000000000000000e+00 4.114772231965105673e-05
1.231954349999999977e+03 0.000000000000000000e+00 4.047258369172240523e-05
1.232635989999999993e+03 0.000000000000000000e+00 4.044461120162322918e-05
1.233317630000000008e+03 0.000000000000000000e+00 4.064063008018825731e-05
1.233999150000000100e+03 0.000000000000000000e+00 4.066712627705143963e-05
1.234680789999999888e+03 0.000000000000000000e+00 3.995577439631313308e-05
1.235362300000000005e+03 0.000000000000000000e+00 3.924455818212060692e-05
1.236043820000000096e+03 0.000000000000000000e+00 3.941860623758674343e-05
1.236725339999999960e+03 0.000000000000000000e+00 4.011071191012239938e-05
1.237406860000000052e+03 0.000000000000000000e+00 4.074036848694127029e-05
1.238088379999999916e+03 0.000000000000000000e+00 4.059836783546147822e-05
1.238769780000000083e+03 0.000000000000000000e+00 4.045639218703095229e-05
1.239451170000000047e+03 0.000000000000000000e+00 4.009564006936073508e-05
1.240132569999999987e+03 0.000000000000000000e+00 3.953153007357348639e-05
1.240813959999999952e+03 0.000000000000000000e+00 3.896742835647708768e-05
1.241495359999999891e+03 0.000000000000000000e+00 3.870403062334249242e-05
1.242176760000000058e+03 0.000000000000000000e+00 3.845250683082859165e-05
1.242858030000000099e+03 0.000000000000000000e+00 3.848330905842256198e-05
1.243539309999999887e+03 0.000000000000000000e+00 3.892799364334485225e-05
1.244220579999999927e+03 0.000000000000000000e+00 3.937267170107459875e-05
1.244901859999999942e+03 0.000000000000000000e+00 3.924551382258466715e-05
1.245583129999999983e+03 0.000000000000000000e+00 3.901633058425638784e-05
1.246264280000000099e+03 0.000000000000000000e+00 3.908999272964178194e-05
1.246945429999999988e+03 0.000000000000000000e+00 3.989936560147453538e-05
1.247626590000000078e+03 0.000000000000000000e+00 4.070875035575444991e-05
1.248307739999999967e+03 0.000000000000000000e+00 4.123402078386004417e-05
1.248988890000000083e+03 0.000000000000000000e+00 4.165636147095915811e-05
1.249670039999999972e+03 0.000000000000000000e+00 4.202599563542822682e-05
1.250351069999999936e+03 0.000000000000000000e+00 4.215032959630450799e-05
1.251032099999999900e+03 0.000000000000000000e+00 4.227466355718078239e-05
1.251713130000000092e+03 0.000000000000000000e+00 4.279906407036532045e-05
1.252394170000000031e+03 0.000000000000000000e+00 4.356942833561798755e-05
1.253075199999999995e+03 0.000000000000000000e+00 4.430829557160340332e-05
1.253756100000000060e+03 0.000000000000000000e+00 4.457097047281260727e-05
1.254437130000000025e+03 0.000000000000000000e+00 4.483369552490613143e-05
1.255118040000000065e+03 0.000000000000000000e+00 4.488086044907440170e-05
1.255798950000000104e+03 0.000000000000000000e+00 4.471588132005464286e-05
1.256479739999999993e+03 0.000000000000000000e+00 4.455093126608959865e-05
1.257160640000000058e+03 0.000000000000000000e+00 4.582031536919712494e-05
1.257841429999999946e+03 0.000000000000000000e+00 4.717157682945719840e-05
1.258522220000000061e+03 0.000000000000000000e+00 4.826703731321901967e-05
1.259202999999999975e+03 0.000000000000000000e+00 4.895843994310139334e-05
1.259883790000000090e+03 0.000000000000000000e+00 4.964985272902013860e-05
1.260564579999999978e+03 0.000000000000000000e+00 5.005159391889902519e-05
1.261245239999999967e+03 0.000000000000000000e+00 5.039356986888318533e-05
1.261926030000000083e+03 0.000000000000000000e+00 5.066776512724368870e-05
1.262606690000000071e+03 0.000000000000000000e+00 5.075921285734194094e-05
1.263287350000000060e+03 0.000000000000000000e+00 5.085066058744019995e-05
1.263968020000000024e+03 0.000000000000000000e+00 5.120340592105001882e-05
1.264648560000000089e+03 0.000000000000000000e+00 5.166176828556452017e-05
1.265329220000000078e+03 0.000000000000000000e+00 5.217658726214317405e-05
1.266009769999999889e+03 0.000000000000000000e+00 5.300300047649032130e-05
1.266690309999999954e+03 0.000000000000000000e+00 5.382940154752406160e-05
1.267370850000000019e+03 0.000000000000000000e+00 5.435693885072759508e-05
1.268051269999999931e+03 0.000000000000000000e+00 5.468006366003713313e-05
1.268731809999999996e+03 0.000000000000000000e+00 5.498936200907159592e-05
1.269412229999999909e+03 0.000000000000000000e+00 5.491356247702073776e-05
1.270092650000000049e+03 0.000000000000000000e+00 5.483776294496985927e-05
1.270773069999999962e+03 0.000000000000000000e+00 5.507197031080295996e-05
1.271453490000000102e+03 0.000000000000000000e+00 5.564824079135716976e-05
1.272133910000000014e+03 0.000000000000000000e+00 5.622451127191118304e-05
1.272814210000000003e+03 0.000000000000000000e+00 5.608588403524757598e-05
1.273494509999999991e+03 0.000000000000000000e+00 5.588157391292812939e-05
1.274174800000000005e+03 0.000000000000000000e+00 5.574568915611500993e-05
1.274855099999999993e+03 0.000000000000000000e+00 5.573357984472900446e-05
1.275535399999999981e+03 0.000000000000000000e+00 5.572147053334299222e-05
1.276215580000000045e+03 0.000000000000000000e+00 5.601806772523019350e-05
1.276895870000000059e+03 0.000000000000000000e+00 5.639386781807648083e-05
1.277576049999999896e+03 0.000000000000000000e+00 5.679540518665680376e-05
1.278256229999999960e+03 0.000000000000000000e+00 5.728054131864244487e-05
1.278936279999999897e+03 0.000000000000000000e+00 5.776558472855860231e-05
1.279616459999999961e+03 0.000000000000000000e+00 5.767890736847645580e-05
1.280296509999999898e+03 0.000000000000000000e+00 5.731763795726786426e-05
1.280976560000000063e+03 0.000000000000000000e+00 5.700529010814139484e-05
1.281656739999999900e+03 0.000000000000000000e+00 5.706856429843892582e-05
1.282336669999999913e+03 0.000000000000000000e+00 5.713181523232262649e-05
1.283016720000000078e+03 0.000000000000000000e+00 5.719594847590947669e-05
1.283696779999999990e+03 0.000000000000000000e+00 5.726078264248648088e-05
1.284376710000000003e+03 0.000000000000000000e+00 5.732560441538990715e-05
1.285056640000000016e+03 0.000000000000000000e+00 5.767915494849333444e-05
1.285736570000000029e+03 0.000000000000000000e+00 5.803447831120305027e-05
1.286416500000000042e+03 0.000000000000000000e+00 5.817397229194946065e-05
1.287096309999999903e+03 0.000000000000000000e+00 5.803069684213384654e-05
1.287776249999999891e+03 0.000000000000000000e+00 5.788739399376791208e-05
1.288456050000000005e+03 0.000000000000000000e+00 5.772777775776053003e-05
1.289135860000000093e+03 0.000000000000000000e+00 5.756575192619407453e-05
1.289815669999999955e+03 0.000000000000000000e+00 5.729191208349507231e-05
1.290495359999999891e+03 0.000000000000000000e+00 5.676961739756545687e-05
1.291175169999999980e+03 0.000000000000000000e+00 5.624723049994759158e-05
1.291854859999999917e+03 0.000000000000000000e+00 5.588654790036174476e-05
1.292534550000000081e+03 0.000000000000000000e+00 5.558009791948314990e-05
1.293214230000000043e+03 0.000000000000000000e+00 5.524450988250313699e-05
1.293893919999999980e+03 0.000000000000000000e+00 5.478232983131045547e-05
1.294573489999999993e+03 0.000000000000000000e+00 5.432023137850248675e-05
1.295253169999999955e+03 0.000000000000000000e+00 5.411112127398545312e-05
1.295932739999999967e+03 0.000000000000000000e+00 5.405374120782212825e-05
1.296612300000000005e+03 0.000000000000000000e+00 5.398532625983937504e-05
1.297291870000000017e+03 0.000000000000000000e+00 5.375388674771289503e-05
1.297971309999999903e+03 0.000000000000000000e+00 5.352249150937219731e-05
1.298650879999999916e+03 0.000000000000000000e+00 5.296621846938590007e-05
1.299330320000000029e+03 0.000000000000000000e+00 5.208655909699626849e-05
1.300009769999999889e+03 0.000000000000000000e+00 5.120688677777763035e-05
1.300689210000000003e+03 0.000000000000000000e+00 5.139954214382153541e-05
1.301368649999999889e+03 0.000000000000000000e+00 5.166217268995085477e-05
1.302047970000000078e+03 0.000000000000000000e+00 5.161026013247435384e-05
1.302727290000000039e+03 0.000000000000000000e+00 5.103663033937127938e-05
1.303406739999999900e+03 0.000000000000000000e+00 5.046289077197472887e-05
1.304085939999999937e+03 0.000000000000000000e+00 5.003447775718108866e-05
1.304765259999999898e+03 0.000000000000000000e+00 4.963923592142934833e-05
1.305444580000000087e+03 0.000000000000000000e+00 4.921319834838119487e-05
1.306123779999999897e+03 0.000000000000000000e+00 4.869510828396756780e-05
1.306802979999999934e+03 0.000000000000000000e+00 4.817701821955376455e-05
1.307482299999999896e+03 0.000000000000000000e+00 4.751558530375655387e-05
1.308161380000000008e+03 0.000000000000000000e+00 4.678924426920647402e-05
1.308840580000000045e+03 0.000000000000000000e+00 4.608603847014836432e-05
1.309519780000000083e+03 0.000000000000000000e+00 4.554688149046472173e-05
1.310198849999999993e+03 0.000000000000000000e+00 4.500782770631616347e-05
1.310877930000000106e+03 0.000000000000000000e+00 4.459250879531416473e-05
1.311557009999999991e+03 0.000000000000000000e+00 4.427415357674370565e-05
1.312236079999999902e+03 0.000000000000000000e+00 4.395580304621026706e-05
1.312915040000000090e+03 0.000000000000000000e+00 4.352631507077096276e-05
1.313594119999999975e+03 0.000000000000000000e+00 4.309646990583761161e-05
1.314273069999999962e+03 0.000000000000000000e+00 4.265028076190099205e-05
1.314952029999999922e+03 0.000000000000000000e+00 4.218261692286614216e-05
1.315630979999999909e+03 0.000000000000000000e+00 4.171495997177517506e-05
1.316309809999999970e+03 0.000000000000000000e+00 4.129893311324721631e-05
1.316988769999999931e+03 0.000000000000000000e+00 4.089055609951114921e-05
1.317667599999999993e+03 0.000000000000000000e+00 4.052682238258172248e-05
1.318346440000000030e+03 0.000000000000000000e+00 4.026438696090724553e-05
1.319025270000000091e+03 0.000000000000000000e+00 4.000195540517203488e-05
1.319704099999999926e+03 0.000000000000000000e+00 3.960310726916224867e-05
1.320382810000000063e+03 0.000000000000000000e+00 3.915667029810228377e-05
1.321061519999999973e+03 0.000000000000000000e+00 3.874771909780012528e-05
1.321740360000000010e+03 0.000000000000000000e+00 3.851370069639169875e-05
1.322419069999999920e+03 0.000000000000000000e+00 3.827972711024491524e-05
1.323097659999999905e+03 0.000000000000000000e+00 3.765249582336614069e-05
1.323776370000000043e+03 0.000000000000000000e+00 3.677593626504548595e-05
1.324454960000000028e+03 0.000000000000000000e+00 3.594256797444051946e-05
1.325133669999999938e+03 0.000000000000000000e+00 3.597571190789889024e-05
1.325812259999999924e+03 0.000000000000000000e+00 3.600884998131098034e-05
1.326490720000000010e+03 0.000000000000000000e+00 3.561721568941677467e-05
1.327169309999999996e+03 0.000000000000000000e+00 3.476960128542489148e-05
1.327847899999999981e+03 0.000000000000000000e+00 3.392198688143300829e-05
1.328526370000000043e+03 0.000000000000000000e+00 3.360350262868903252e-05
1.329204829999999902e+03 0.000000000000000000e+00 3.333264004531980945e-05
1.329883299999999963e+03 0.000000000000000000e+00 3.311492410504562038e-05
1.330561770000000024e+03 0.000000000000000000e+00 3.299524155920943497e-05
1.331240109999999959e+03 0.000000000000000000e+00 3.287558194545716825e-05
1.331918580000000020e+03 0.000000000000000000e+00 3.291528803869945164e-05
1.332596919999999955e+03 0.000000000000000000e+00 3.299830920394126462e-05
1.333275270000000091e+03 0.000000000000000000e+00 3.289596184703990456e-05
1.333953610000000026e+03 0.000000000000000000e+00 3.213946992375795873e-05
1.334631840000000011e+03 0.000000000000000000e+00 3.138310067363625776e-05
1.335310179999999946e+03 0.000000000000000000e+00 3.087518035076376082e-05
1.335988399999999956e+03 0.000000000000000000e+00 3.049833873197683299e-05
1.336666629999999941e+03 0.000000000000000000e+00 3.017107738070580583e-05
1.337344849999999951e+03 0.000000000000000000e+00 3.035188632325064756e-05
1.338022950000000037e+03 0.000000000000000000e+00 3.053266327459338246e-05
1.338701170000000047e+03 0.000000000000000000e+00 3.009342456847118147e-05
1.339379269999999906e+03 0.000000000000000000e+00 2.908771170292706197e-05
1.340057369999999992e+03 0.000000000000000000e+00 2.808199883738260027e-05
1.340735470000000078e+03 0.000000000000000000e+00 2.793293051781469354e-05
1.341413569999999936e+03 0.000000000000000000e+00 2.782305406086855548e-05
1.342091550000000097e+03 0.000000000000000000e+00 2.761073298511636061e-05
1.342769649999999956e+03 0.000000000000000000e+00 2.723782821474606618e-05
1.343447629999999890e+03 0.000000000000000000e+00 2.686498943548684253e-05
1.344125610000000052e+03 0.000000000000000000e+00 2.687210517281100471e-05
1.344803589999999986e+03 0.000000000000000000e+00 2.696093196661570972e-05
1.345481449999999995e+03 0.000000000000000000e+00 2.698021717101006971e-05
1.346159419999999955e+03 0.000000000000000000e+00 2.679750159282826135e-05
1.346837279999999964e+03 0.000000000000000000e+00 2.661481566007853792e-05
1.347515139999999974e+03 0.000000000000000000e+00 2.623055329400133517e-05
1.348192990000000009e+03 0.000000000000000000e+00 2.575530982975839317e-05
1.348870850000000019e+03 0.000000000000000000e+00 2.532299242295341974e-05
1.349548579999999902e+03 0.000000000000000000e+00 2.519991836646426282e-05
1.350226319999999987e+03 0.000000000000000000e+00 2.507684249400032311e-05
1.350904170000000022e+03 0.000000000000000000e+00 2.484899070673600511e-05
1.351581789999999955e+03 0.000000000000000000e+00 2.453707197686990461e-05
1.352259520000000066e+03 0.000000000000000000e+00 2.422510261234080720e-05
1.352937259999999924e+03 0.000000000000000000e+00 2.405956932678837836e-05
1.353614870000000110e+03 0.000000000000000000e+00 2.389601884836103611e-05
1.354292480000000069e+03 0.000000000000000000e+00 2.366555894399000775e-05
1.354970090000000027e+03 0.000000000000000000e+00 2.334232937119688946e-05
1.355647709999999961e+03 0.000000000000000000e+00 2.301909502826206494e-05
1.356325319999999920e+03 0.000000000000000000e+00 2.345261740821203794e-05
1.357002809999999954e+03 0.000000000000000000e+00 2.401832398196100942e-05
1.357680299999999988e+03 0.000000000000000000e+00 2.430028895846397590e-05
1.358357790000000023e+03 0.000000000000000000e+00 2.386297154035107117e-05
1.359035280000000057e+03 0.000000000000000000e+00 2.342565412223816644e-05
1.359712770000000091e+03 0.000000000000000000e+00 2.343990129131290112e-05
1.360390139999999974e+03 0.000000000000000000e+00 2.363414601288801669e-05
1.361067630000000008e+03 0.000000000000000000e+00 2.379937326167607780e-05
1.361744999999999891e+03 0.000000000000000000e+00 2.379509041257200959e-05
1.362422360000000026e+03 0.000000000000000000e+00 2.379080762669555260e-05
1.363099609999999984e+03 0.000000000000000000e+00 2.362098499888303321e-05
1.363776980000000094e+03 0.000000000000000000e+00 2.333018141843025799e-05
1.364454220000000078e+03 0.000000000000000000e+00 2.304436398596222528e-05
1.365131470000000036e+03 0.000000000000000000e+00 2.331218927472531095e-05
1.365808719999999994e+03 0.000000000000000000e+00 2.358001456348840001e-05
1.366485959999999977e+03 0.000000000000000000e+00 2.377555545005881015e-05
1.367163209999999935e+03 0.000000000000000000e+00 2.387909691585918419e-05
1.367840329999999994e+03 0.000000000000000000e+00 2.398261850659046555e-05
