9.306945799999999736e+02 0.000000000000000000e+00 3.386623000000000064e-03
9.313851899999999659e+02 0.000000000000000000e+00 3.195265999999999992e-03
9.320757399999999961e+02 0.000000000000000000e+00 2.965970000000000065e-03
9.327663000000000011e+02 0.000000000000000000e+00 2.557638000000000099e-03
9.334568500000000313e+02 0.000000000000000000e+00 2.302311000000000028e-03
9.341473999999999478e+02 0.000000000000000000e+00 2.316401000000000050e-03
9.348378900000000158e+02 0.000000000000000000e+00 2.344564999999999844e-03
9.355283799999999701e+02 0.000000000000000000e+00 2.375364000000000034e-03
9.362188700000000381e+02 0.000000000000000000e+00 2.324451999999999855e-03
9.369093000000000302e+02 0.000000000000000000e+00 2.134832000000000136e-03
9.375997300000000223e+02 0.000000000000000000e+00 2.123991999999999894e-03
9.382901600000000144e+02 0.000000000000000000e+00 2.090442999999999989e-03
9.389805300000000443e+02 0.000000000000000000e+00 2.114160999999999818e-03
9.396708999999999605e+02 0.000000000000000000e+00 2.054923000000000166e-03
9.403612699999999904e+02 0.000000000000000000e+00 2.143154999999999887e-03
9.410515699999999697e+02 0.000000000000000000e+00 2.047972999999999807e-03
9.417418800000000374e+02 0.000000000000000000e+00 1.998413000000000099e-03
9.424321899999999914e+02 0.000000000000000000e+00 1.890724000000000094e-03
9.431224999999999454e+02 0.000000000000000000e+00 1.860728999999999985e-03
9.438127399999999625e+02 0.000000000000000000e+00 1.836486999999999929e-03
9.445029899999999543e+02 0.000000000000000000e+00 1.891094999999999972e-03
9.451931799999999839e+02 0.000000000000000000e+00 1.910037999999999970e-03
9.458833600000000388e+02 0.000000000000000000e+00 1.889992000000000061e-03
9.465735499999999547e+02 0.000000000000000000e+00 1.860646999999999995e-03
9.472637300000000096e+02 0.000000000000000000e+00 1.890334999999999932e-03
9.479538599999999633e+02 0.000000000000000000e+00 1.894066000000000022e-03
9.486439800000000560e+02 0.000000000000000000e+00 1.953205999999999866e-03
9.493341100000000097e+02 0.000000000000000000e+00 2.019838999999999836e-03
9.500241700000000264e+02 0.000000000000000000e+00 2.159287000000000185e-03
9.507142300000000432e+02 0.000000000000000000e+00 2.251463999999999896e-03
9.514043000000000347e+02 0.000000000000000000e+00 2.328197000000000166e-03
9.520943600000000515e+02 0.000000000000000000e+00 2.466778000000000200e-03
9.527843599999999924e+02 0.000000000000000000e+00 2.658159000000000216e-03
9.534743700000000217e+02 0.000000000000000000e+00 2.749806999999999946e-03
9.541643100000000004e+02 0.000000000000000000e+00 2.896982000000000203e-03
9.548542499999999791e+02 0.000000000000000000e+00 2.962016000000000041e-03
9.555441899999999578e+02 0.000000000000000000e+00 3.128310999999999939e-03
9.562341300000000501e+02 0.000000000000000000e+00 3.225876999999999824e-03
9.569240099999999529e+02 0.000000000000000000e+00 3.390161000000000042e-03
9.576138899999999694e+02 0.000000000000000000e+00 3.601549999999999804e-03
9.583037699999999859e+02 0.000000000000000000e+00 3.838422000000000188e-03
9.589935900000000402e+02 0.000000000000000000e+00 3.974487999999999979e-03
9.596834099999999808e+02 0.000000000000000000e+00 4.115909000000000061e-03
9.603731699999999591e+02 0.000000000000000000e+00 4.276501000000000260e-03
9.610629900000000134e+02 0.000000000000000000e+00 4.469456000000000123e-03
9.617527499999999918e+02 0.000000000000000000e+00 4.505519999999999838e-03
9.624424999999999955e+02 0.000000000000000000e+00 4.585991999999999673e-03
9.631322000000000116e+02 0.000000000000000000e+00 4.797573999999999762e-03
9.638219000000000278e+02 0.000000000000000000e+00 5.021644999999999928e-03
9.645116000000000440e+02 0.000000000000000000e+00 5.102637999999999618e-03
9.652012300000000096e+02 0.000000000000000000e+00 5.327199000000000344e-03
9.658908699999999499e+02 0.000000000000000000e+00 5.416233999999999806e-03
9.665805100000000039e+02 0.000000000000000000e+00 5.589936000000000210e-03
9.672701399999999694e+02 0.000000000000000000e+00 5.621575000000000183e-03
9.679597199999999475e+02 0.000000000000000000e+00 5.719183000000000079e-03
9.686492899999999509e+02 0.000000000000000000e+00 5.794683999999999599e-03
9.693388700000000426e+02 0.000000000000000000e+00 5.830133999999999837e-03
9.700283799999999701e+02 0.000000000000000000e+00 5.774449000000000075e-03
9.707178999999999860e+02 0.000000000000000000e+00 5.892658999999999744e-03
9.714073499999999513e+02 0.000000000000000000e+00 5.997513000000000323e-03
9.720968599999999924e+02 0.000000000000000000e+00 6.155851000000000378e-03
9.727863200000000461e+02 0.000000000000000000e+00 6.190738999999999791e-03
9.734757100000000491e+02 0.000000000000000000e+00 6.295653000000000013e-03
9.741651600000000144e+02 0.000000000000000000e+00 6.435322999999999738e-03
9.748545500000000175e+02 0.000000000000000000e+00 6.619245999999999637e-03
9.755438799999999446e+02 0.000000000000000000e+00 6.826091999999999750e-03
9.762332800000000361e+02 0.000000000000000000e+00 6.908537000000000185e-03
9.769226099999999633e+02 0.000000000000000000e+00 7.015719000000000122e-03
9.776119400000000041e+02 0.000000000000000000e+00 7.166773000000000414e-03
9.783012099999999691e+02 0.000000000000000000e+00 7.460765000000000279e-03
9.789904800000000478e+02 0.000000000000000000e+00 7.733674999999999751e-03
9.796797500000000127e+02 0.000000000000000000e+00 8.014709000000000069e-03
9.803690199999999777e+02 0.000000000000000000e+00 8.313450999999999480e-03
9.810582299999999805e+02 0.000000000000000000e+00 8.687487000000000681e-03
9.817474399999999832e+02 0.000000000000000000e+00 9.078180999999999404e-03
9.824365800000000490e+02 0.000000000000000000e+00 9.461771000000000764e-03
9.831257299999999759e+02 0.000000000000000000e+00 9.738584999999999256e-03
9.838148800000000165e+02 0.000000000000000000e+00 1.008809999999999915e-02
9.845040299999999434e+02 0.000000000000000000e+00 1.052669699999999979e-02
9.851931200000000217e+02 0.000000000000000000e+00 1.095002599999999986e-02
9.858822000000000116e+02 0.000000000000000000e+00 1.137206099999999928e-02
9.865712899999999763e+02 0.000000000000000000e+00 1.174637700000000055e-02
9.872603100000000040e+02 0.000000000000000000e+00 1.221345400000000032e-02
9.879493400000000065e+02 0.000000000000000000e+00 1.257552699999999954e-02
9.886383700000000090e+02 0.000000000000000000e+00 1.289662199999999995e-02
9.893273299999999608e+02 0.000000000000000000e+00 1.318381400000000030e-02
9.900163000000000011e+02 0.000000000000000000e+00 1.327812100000000037e-02
9.907052599999999529e+02 0.000000000000000000e+00 1.330976099999999981e-02
9.913941700000000310e+02 0.000000000000000000e+00 1.347341399999999953e-02
9.920830700000000206e+02 0.000000000000000000e+00 1.368841200000000050e-02
9.927719700000000103e+02 0.000000000000000000e+00 1.371688400000000037e-02
9.934608799999999746e+02 0.000000000000000000e+00 1.359355500000000022e-02
9.941497200000000021e+02 0.000000000000000000e+00 1.348934499999999981e-02
9.948385600000000295e+02 0.000000000000000000e+00 1.333035500000000033e-02
9.955273399999999810e+02 0.000000000000000000e+00 1.328949899999999976e-02
9.962161300000000210e+02 0.000000000000000000e+00 1.305441599999999924e-02
9.969049099999999726e+02 0.000000000000000000e+00 1.276965499999999955e-02
9.975936900000000378e+02 0.000000000000000000e+00 1.248124999999999929e-02
9.982824100000000271e+02 0.000000000000000000e+00 1.222946299999999945e-02
9.989711300000000165e+02 0.000000000000000000e+00 1.193080099999999956e-02
9.996597900000000436e+02 0.000000000000000000e+00 1.166190200000000003e-02
1.000348449999999957e+03 0.000000000000000000e+00 1.128890800000000028e-02
1.001037109999999984e+03 0.000000000000000000e+00 1.082810099999999970e-02
1.001725770000000011e+03 0.000000000000000000e+00 1.044969800000000032e-02
1.002414369999999963e+03 0.000000000000000000e+00 1.010852899999999978e-02
1.003102970000000028e+03 0.000000000000000000e+00 9.665910999999999254e-03
1.003791560000000004e+03 0.000000000000000000e+00 9.396453000000000791e-03
1.004480099999999993e+03 0.000000000000000000e+00 9.116383999999999946e-03
1.005168639999999982e+03 0.000000000000000000e+00 8.843767000000000642e-03
1.005857179999999971e+03 0.000000000000000000e+00 8.532523000000000191e-03
1.006545650000000023e+03 0.000000000000000000e+00 8.233109000000000607e-03
1.007234130000000050e+03 0.000000000000000000e+00 7.910959999999999867e-03
1.007922609999999963e+03 0.000000000000000000e+00 7.473964999999999949e-03
1.008611020000000053e+03 0.000000000000000000e+00 7.175617999999999927e-03
1.009299440000000004e+03 0.000000000000000000e+00 7.011388000000000342e-03
1.009987849999999980e+03 0.000000000000000000e+00 6.742263000000000076e-03
1.010676270000000045e+03 0.000000000000000000e+00 6.399557999999999636e-03
1.011364619999999945e+03 0.000000000000000000e+00 6.108627999999999628e-03
1.012052919999999972e+03 0.000000000000000000e+00 5.915494000000000308e-03
1.012741269999999986e+03 0.000000000000000000e+00 5.777894000000000432e-03
1.013429570000000012e+03 0.000000000000000000e+00 5.605770000000000371e-03
1.014117859999999951e+03 0.000000000000000000e+00 5.476047999999999853e-03
1.014806090000000040e+03 0.000000000000000000e+00 5.358733000000000073e-03
1.015494320000000016e+03 0.000000000000000000e+00 5.172338999999999756e-03
1.016182559999999967e+03 0.000000000000000000e+00 4.981970999999999969e-03
1.016870790000000056e+03 0.000000000000000000e+00 4.879386000000000313e-03
1.017558959999999956e+03 0.000000000000000000e+00 4.782195000000000369e-03
1.018247129999999970e+03 0.000000000000000000e+00 4.674466999999999858e-03
1.018935240000000022e+03 0.000000000000000000e+00 4.586965999999999613e-03
1.019623349999999959e+03 0.000000000000000000e+00 4.549624000000000376e-03
1.020311460000000011e+03 0.000000000000000000e+00 4.463037999999999901e-03
1.020999569999999949e+03 0.000000000000000000e+00 4.402320000000000365e-03
1.021687620000000038e+03 0.000000000000000000e+00 4.355429000000000071e-03
1.022375670000000014e+03 0.000000000000000000e+00 4.334158999999999755e-03
1.023063719999999989e+03 0.000000000000000000e+00 4.322544999999999686e-03
1.023751710000000003e+03 0.000000000000000000e+00 4.258772000000000078e-03
1.024439699999999903e+03 0.000000000000000000e+00 4.144199999999999794e-03
1.025127690000000030e+03 0.000000000000000000e+00 4.055101999999999665e-03
1.025815550000000030e+03 0.000000000000000000e+00 4.043459000000000116e-03
1.026503539999999930e+03 0.000000000000000000e+00 4.022275999999999976e-03
1.027191409999999905e+03 0.000000000000000000e+00 4.008122999999999721e-03
1.027879269999999906e+03 0.000000000000000000e+00 3.956109999999999662e-03
1.028567140000000109e+03 0.000000000000000000e+00 3.979540000000000161e-03
1.029255000000000109e+03 0.000000000000000000e+00 3.993057000000000377e-03
1.029942870000000084e+03 0.000000000000000000e+00 4.013092999999999695e-03
1.030630619999999908e+03 0.000000000000000000e+00 4.029025000000000314e-03
1.031318479999999909e+03 0.000000000000000000e+00 4.084146000000000304e-03
1.032006229999999960e+03 0.000000000000000000e+00 4.086326999999999841e-03
1.032693970000000036e+03 0.000000000000000000e+00 4.071283999999999667e-03
1.033381710000000112e+03 0.000000000000000000e+00 4.074564999999999611e-03
1.034069340000000011e+03 0.000000000000000000e+00 4.101314000000000001e-03
1.034757080000000087e+03 0.000000000000000000e+00 4.106178000000000258e-03
1.035444700000000012e+03 0.000000000000000000e+00 4.144611999999999775e-03
1.036132319999999936e+03 0.000000000000000000e+00 4.172147999999999655e-03
1.036820069999999987e+03 0.000000000000000000e+00 4.223062999999999990e-03
1.037507569999999987e+03 0.000000000000000000e+00 4.218961000000000239e-03
1.038195189999999911e+03 0.000000000000000000e+00 4.242502999999999899e-03
1.038882810000000063e+03 0.000000000000000000e+00 4.254960999999999813e-03
1.039570310000000063e+03 0.000000000000000000e+00 4.242258999999999960e-03
1.040257810000000063e+03 0.000000000000000000e+00 4.182418999999999720e-03
1.040945310000000063e+03 0.000000000000000000e+00 4.110209000000000085e-03
1.041632810000000063e+03 0.000000000000000000e+00 4.049991000000000181e-03
1.042320310000000063e+03 0.000000000000000000e+00 4.031382000000000021e-03
1.043007689999999911e+03 0.000000000000000000e+00 3.971462000000000256e-03
1.043695189999999911e+03 0.000000000000000000e+00 3.884839000000000174e-03
1.044382569999999987e+03 0.000000000000000000e+00 3.847488000000000036e-03
1.045069950000000063e+03 0.000000000000000000e+00 3.794439000000000145e-03
1.045757319999999936e+03 0.000000000000000000e+00 3.708837999999999892e-03
1.046444700000000012e+03 0.000000000000000000e+00 3.658882999999999927e-03
1.047131959999999935e+03 0.000000000000000000e+00 3.613513000000000055e-03
1.047819340000000011e+03 0.000000000000000000e+00 3.558724000000000089e-03
1.048506589999999960e+03 0.000000000000000000e+00 3.550063999999999911e-03
1.049193850000000111e+03 0.000000000000000000e+00 3.478652000000000046e-03
1.049881100000000060e+03 0.000000000000000000e+00 3.395389999999999867e-03
1.050568359999999984e+03 0.000000000000000000e+00 3.366664000000000115e-03
1.051255490000000009e+03 0.000000000000000000e+00 3.340645000000000159e-03
1.051942749999999933e+03 0.000000000000000000e+00 3.293100000000000194e-03
1.052629879999999957e+03 0.000000000000000000e+00 3.232925000000000208e-03
1.053317019999999957e+03 0.000000000000000000e+00 3.208588999999999972e-03
1.054004149999999981e+03 0.000000000000000000e+00 3.156017000000000110e-03
1.054691280000000006e+03 0.000000000000000000e+00 3.146860999999999929e-03
1.055378300000000081e+03 0.000000000000000000e+00 3.121525999999999901e-03
1.056065430000000106e+03 0.000000000000000000e+00 3.117790000000000058e-03
1.056752439999999979e+03 0.000000000000000000e+00 3.042143000000000191e-03
1.057439450000000079e+03 0.000000000000000000e+00 2.988792000000000098e-03
1.058126459999999952e+03 0.000000000000000000e+00 2.905543000000000015e-03
1.058813480000000027e+03 0.000000000000000000e+00 2.883954000000000205e-03
1.059500489999999900e+03 0.000000000000000000e+00 2.853777000000000050e-03
1.060187380000000076e+03 0.000000000000000000e+00 2.827515000000000063e-03
1.060874270000000024e+03 0.000000000000000000e+00 2.742796000000000036e-03
1.061561159999999973e+03 0.000000000000000000e+00 2.694211000000000175e-03
1.062248049999999921e+03 0.000000000000000000e+00 2.710193000000000064e-03
1.062934940000000097e+03 0.000000000000000000e+00 2.760364999999999867e-03
1.063621830000000045e+03 0.000000000000000000e+00 2.798863999999999866e-03
1.064308590000000095e+03 0.000000000000000000e+00 2.794451999999999787e-03
1.064995480000000043e+03 0.000000000000000000e+00 2.790754999999999798e-03
1.065682250000000067e+03 0.000000000000000000e+00 2.749670000000000065e-03
1.066369020000000091e+03 0.000000000000000000e+00 2.761557999999999895e-03
1.067055659999999989e+03 0.000000000000000000e+00 2.747961000000000154e-03
1.067742430000000013e+03 0.000000000000000000e+00 2.710113000000000105e-03
1.068429080000000113e+03 0.000000000000000000e+00 2.646716999999999820e-03
1.069115839999999935e+03 0.000000000000000000e+00 2.633453000000000009e-03
1.069802490000000034e+03 0.000000000000000000e+00 2.630551000000000070e-03
1.070489139999999907e+03 0.000000000000000000e+00 2.633025000000000209e-03
1.071175780000000032e+03 0.000000000000000000e+00 2.608543999999999967e-03
1.071862300000000005e+03 0.000000000000000000e+00 2.598862999999999868e-03
1.072548950000000104e+03 0.000000000000000000e+00 2.604487999999999855e-03
1.073235470000000078e+03 0.000000000000000000e+00 2.614776000000000079e-03
1.073922000000000025e+03 0.000000000000000000e+00 2.612788000000000003e-03
1.074608519999999999e+03 0.000000000000000000e+00 2.587891000000000150e-03
1.075295039999999972e+03 0.000000000000000000e+00 2.571266000000000003e-03
1.075981569999999920e+03 0.000000000000000000e+00 2.500308000000000131e-03
1.076667969999999968e+03 0.000000000000000000e+00 2.472288999999999910e-03
1.077354370000000017e+03 0.000000000000000000e+00 2.427316000000000109e-03
1.078040770000000066e+03 0.000000000000000000e+00 2.393231999999999911e-03
1.078727169999999887e+03 0.000000000000000000e+00 2.352822000000000073e-03
1.079413569999999936e+03 0.000000000000000000e+00 2.307589999999999988e-03
1.080099979999999960e+03 0.000000000000000000e+00 2.259759999999999980e-03
1.080786250000000109e+03 0.000000000000000000e+00 2.240785999999999820e-03
1.081472659999999905e+03 0.000000000000000000e+00 2.202227000000000177e-03
1.082158940000000030e+03 0.000000000000000000e+00 2.190643999999999838e-03
1.082845209999999952e+03 0.000000000000000000e+00 2.183457000000000193e-03
1.083531369999999924e+03 0.000000000000000000e+00 2.187968000000000204e-03
1.084217650000000049e+03 0.000000000000000000e+00 2.121726999999999901e-03
1.084903929999999946e+03 0.000000000000000000e+00 2.076872000000000006e-03
1.085590089999999918e+03 0.000000000000000000e+00 2.046505000000000112e-03
1.086276249999999891e+03 0.000000000000000000e+00 2.036875000000000057e-03
1.086962399999999889e+03 0.000000000000000000e+00 2.036003000000000205e-03
1.087648560000000089e+03 0.000000000000000000e+00 2.005369999999999809e-03
1.088334589999999935e+03 0.000000000000000000e+00 1.991557000000000136e-03
1.089020749999999907e+03 0.000000000000000000e+00 1.963049000000000131e-03
1.089706789999999955e+03 0.000000000000000000e+00 1.973515999999999812e-03
1.090392820000000029e+03 0.000000000000000000e+00 1.990944000000000134e-03
1.091078860000000077e+03 0.000000000000000000e+00 1.975226999999999972e-03
1.091764889999999923e+03 0.000000000000000000e+00 1.957753000000000011e-03
1.092450810000000047e+03 0.000000000000000000e+00 1.925108999999999935e-03
1.093136839999999893e+03 0.000000000000000000e+00 1.937378999999999924e-03
1.093822750000000042e+03 0.000000000000000000e+00 1.939713000000000027e-03
1.094508669999999938e+03 0.000000000000000000e+00 1.926393999999999893e-03
1.095194580000000087e+03 0.000000000000000000e+00 1.901162000000000078e-03
1.095880490000000009e+03 0.000000000000000000e+00 1.864685999999999948e-03
1.096566409999999905e+03 0.000000000000000000e+00 1.860235000000000014e-03
1.097252199999999903e+03 0.000000000000000000e+00 1.859009000000000009e-03
1.097937989999999900e+03 0.000000000000000000e+00 1.892012999999999898e-03
1.098623779999999897e+03 0.000000000000000000e+00 1.924286000000000095e-03
1.099309569999999894e+03 0.000000000000000000e+00 1.923543999999999905e-03
1.099995359999999891e+03 0.000000000000000000e+00 1.956301000000000134e-03
1.100681149999999889e+03 0.000000000000000000e+00 1.987796999999999915e-03
1.101366819999999962e+03 0.000000000000000000e+00 2.026655999999999944e-03
1.102052490000000034e+03 0.000000000000000000e+00 2.066205000000000212e-03
1.102738160000000107e+03 0.000000000000000000e+00 2.134430000000000095e-03
1.103423829999999953e+03 0.000000000000000000e+00 2.190665000000000060e-03
1.104109500000000025e+03 0.000000000000000000e+00 2.237223999999999897e-03
1.104795170000000098e+03 0.000000000000000000e+00 2.267101000000000099e-03
1.105480710000000045e+03 0.000000000000000000e+00 2.331445000000000132e-03
1.106166259999999966e+03 0.000000000000000000e+00 2.421172999999999988e-03
1.106851809999999887e+03 0.000000000000000000e+00 2.502234999999999789e-03
1.107537350000000060e+03 0.000000000000000000e+00 2.578516999999999788e-03
1.108222899999999981e+03 0.000000000000000000e+00 2.673131999999999939e-03
1.108908449999999903e+03 0.000000000000000000e+00 2.742529999999999968e-03
1.109593869999999924e+03 0.000000000000000000e+00 2.769609000000000133e-03
1.110279299999999921e+03 0.000000000000000000e+00 2.819594999999999827e-03
1.110964719999999943e+03 0.000000000000000000e+00 2.901707999999999805e-03
1.111650149999999940e+03 0.000000000000000000e+00 3.013894000000000035e-03
1.112335569999999962e+03 0.000000000000000000e+00 3.153291999999999814e-03
1.113020999999999958e+03 0.000000000000000000e+00 3.243743999999999794e-03
1.113706300000000056e+03 0.000000000000000000e+00 3.343403999999999907e-03
1.114391599999999926e+03 0.000000000000000000e+00 3.447561999999999936e-03
1.115076900000000023e+03 0.000000000000000000e+00 3.538097999999999937e-03
1.115762210000000096e+03 0.000000000000000000e+00 3.620587000000000198e-03
1.116447509999999966e+03 0.000000000000000000e+00 3.728402999999999926e-03
1.117132689999999911e+03 0.000000000000000000e+00 3.822522999999999980e-03
1.117817990000000009e+03 0.000000000000000000e+00 3.898088999999999981e-03
1.118503169999999955e+03 0.000000000000000000e+00 3.983617000000000061e-03
1.119188349999999900e+03 0.000000000000000000e+00 4.071202999999999801e-03
1.119873540000000048e+03 0.000000000000000000e+00 4.178806000000000187e-03
1.120558590000000095e+03 0.000000000000000000e+00 4.258791999999999960e-03
1.121243770000000040e+03 0.000000000000000000e+00 4.340784999999999783e-03
1.121928830000000062e+03 0.000000000000000000e+00 4.473170999999999745e-03
1.122613890000000083e+03 0.000000000000000000e+00 4.602145999999999668e-03
1.123298950000000104e+03 0.000000000000000000e+00 4.670193999999999908e-03
1.123984009999999898e+03 0.000000000000000000e+00 4.713026000000000368e-03
1.124669069999999920e+03 0.000000000000000000e+00 4.740773999999999683e-03
1.125354000000000042e+03 0.000000000000000000e+00 4.763288000000000071e-03
1.126039060000000063e+03 0.000000000000000000e+00 4.816210999999999930e-03
1.126723999999999933e+03 0.000000000000000000e+00 4.824944999999999755e-03
1.127408940000000030e+03 0.000000000000000000e+00 4.812224999999999836e-03
1.128093869999999924e+03 0.000000000000000000e+00 4.769080000000000194e-03
1.128778690000000097e+03 0.000000000000000000e+00 4.761991000000000140e-03
1.129463619999999992e+03 0.000000000000000000e+00 4.760895999999999705e-03
1.130148439999999937e+03 0.000000000000000000e+00 4.755271000000000151e-03
1.130833249999999907e+03 0.000000000000000000e+00 4.764962000000000190e-03
1.131518070000000080e+03 0.000000000000000000e+00 4.732624999999999853e-03
1.132202880000000050e+03 0.000000000000000000e+00 4.711037000000000384e-03
1.132887699999999995e+03 0.000000000000000000e+00 4.747656000000000272e-03
1.133572390000000041e+03 0.000000000000000000e+00 4.712003999999999672e-03
1.134257080000000087e+03 0.000000000000000000e+00 4.625854999999999898e-03
1.134941769999999906e+03 0.000000000000000000e+00 4.566536999999999853e-03
1.135626459999999952e+03 0.000000000000000000e+00 4.558239999999999861e-03
1.136311159999999973e+03 0.000000000000000000e+00 4.526699000000000347e-03
1.136995850000000019e+03 0.000000000000000000e+00 4.483573000000000246e-03
1.137680419999999913e+03 0.000000000000000000e+00 4.434610000000000288e-03
1.138364990000000034e+03 0.000000000000000000e+00 4.395656999999999863e-03
1.139049559999999929e+03 0.000000000000000000e+00 4.367318999999999715e-03
1.139734130000000050e+03 0.000000000000000000e+00 4.355567000000000293e-03
1.140418699999999944e+03 0.000000000000000000e+00 4.358014000000000332e-03
1.141103149999999914e+03 0.000000000000000000e+00 4.402460999999999874e-03
1.141787720000000036e+03 0.000000000000000000e+00 4.401676000000000200e-03
1.142472170000000006e+03 0.000000000000000000e+00 4.435699000000000412e-03
1.143156619999999975e+03 0.000000000000000000e+00 4.480432999999999812e-03
1.143841059999999970e+03 0.000000000000000000e+00 4.575156000000000361e-03
1.144525509999999940e+03 0.000000000000000000e+00 4.649234000000000352e-03
1.145209839999999986e+03 0.000000000000000000e+00 4.708473999999999819e-03
1.145894289999999955e+03 0.000000000000000000e+00 4.745105999999999803e-03
1.146578610000000026e+03 0.000000000000000000e+00 4.817641999999999584e-03
1.147262940000000071e+03 0.000000000000000000e+00 4.900606000000000059e-03
1.147947269999999889e+03 0.000000000000000000e+00 4.947095000000000312e-03
1.148631470000000036e+03 0.000000000000000000e+00 4.984788999999999887e-03
1.149315800000000081e+03 0.000000000000000000e+00 5.062434000000000205e-03
1.150000000000000000e+03 0.000000000000000000e+00 5.165966999999999608e-03
1.150684199999999919e+03 0.000000000000000000e+00 5.252015999999999976e-03
1.151368410000000040e+03 0.000000000000000000e+00 5.288440999999999628e-03
1.152052609999999959e+03 0.000000000000000000e+00 5.340115000000000313e-03
1.152736820000000080e+03 0.000000000000000000e+00 5.393802999999999966e-03
1.153420900000000074e+03 0.000000000000000000e+00 5.452399000000000134e-03
1.154104980000000069e+03 0.000000000000000000e+00 5.501418999999999580e-03
1.154789060000000063e+03 0.000000000000000000e+00 5.596687999999999837e-03
1.155473140000000058e+03 0.000000000000000000e+00 5.650485999999999703e-03
1.156157230000000027e+03 0.000000000000000000e+00 5.666446999999999803e-03
1.156841310000000021e+03 0.000000000000000000e+00 5.660240999999999884e-03
1.157525270000000091e+03 0.000000000000000000e+00 5.679306000000000285e-03
1.158209229999999934e+03 0.000000000000000000e+00 5.729040999999999821e-03
1.158893190000000004e+03 0.000000000000000000e+00 5.733633000000000132e-03
1.159577150000000074e+03 0.000000000000000000e+00 5.690345000000000299e-03
1.160261109999999917e+03 0.000000000000000000e+00 5.649948000000000123e-03
1.160945069999999987e+03 0.000000000000000000e+00 5.625881000000000111e-03
1.161628909999999905e+03 0.000000000000000000e+00 5.580558000000000220e-03
1.162312740000000076e+03 0.000000000000000000e+00 5.509535000000000300e-03
1.162996579999999994e+03 0.000000000000000000e+00 5.445301999999999955e-03
1.163680419999999913e+03 0.000000000000000000e+00 5.381209999999999986e-03
1.164364260000000058e+03 0.000000000000000000e+00 5.318416999999999763e-03
1.165047970000000078e+03 0.000000000000000000e+00 5.231404000000000262e-03
1.165731809999999996e+03 0.000000000000000000e+00 5.166435999999999945e-03
1.166415529999999990e+03 0.000000000000000000e+00 5.090439000000000422e-03
1.167099240000000009e+03 0.000000000000000000e+00 5.013354000000000248e-03
1.167782840000000078e+03 0.000000000000000000e+00 4.929812999999999903e-03
1.168466550000000097e+03 0.000000000000000000e+00 4.842247000000000044e-03
1.169150270000000091e+03 0.000000000000000000e+00 4.784192999999999953e-03
1.169833859999999959e+03 0.000000000000000000e+00 4.712337999999999943e-03
1.170517460000000028e+03 0.000000000000000000e+00 4.648249000000000131e-03
1.171201049999999896e+03 0.000000000000000000e+00 4.562624999999999841e-03
1.171884639999999990e+03 0.000000000000000000e+00 4.499440000000000384e-03
1.172568119999999908e+03 0.000000000000000000e+00 4.390933999999999983e-03
1.173251710000000003e+03 0.000000000000000000e+00 4.294624000000000358e-03
1.173935179999999946e+03 0.000000000000000000e+00 4.202431000000000395e-03
1.174618649999999889e+03 0.000000000000000000e+00 4.145100999999999994e-03
1.175302120000000059e+03 0.000000000000000000e+00 4.075190000000000236e-03
1.175985599999999977e+03 0.000000000000000000e+00 4.021659999999999818e-03
1.176668949999999995e+03 0.000000000000000000e+00 3.962977999999999813e-03
1.177352419999999938e+03 0.000000000000000000e+00 3.892113999999999904e-03
1.178035769999999957e+03 0.000000000000000000e+00 3.814750999999999906e-03
1.178719119999999975e+03 0.000000000000000000e+00 3.772198999999999951e-03
1.179402469999999994e+03 0.000000000000000000e+00 3.719632999999999967e-03
1.180085690000000113e+03 0.000000000000000000e+00 3.662592000000000104e-03
1.180769039999999904e+03 0.000000000000000000e+00 3.563377999999999858e-03
1.181452269999999999e+03 0.000000000000000000e+00 3.518789000000000031e-03
1.182135500000000093e+03 0.000000000000000000e+00 3.470810999999999862e-03
1.182818729999999960e+03 0.000000000000000000e+00 3.414775000000000102e-03
1.183501950000000079e+03 0.000000000000000000e+00 3.360258999999999989e-03
1.184185179999999946e+03 0.000000000000000000e+00 3.281548999999999924e-03
1.184868289999999888e+03 0.000000000000000000e+00 3.237686999999999943e-03
1.185551390000000083e+03 0.000000000000000000e+00 3.191353000000000072e-03
1.186234500000000025e+03 0.000000000000000000e+00 3.117209000000000126e-03
1.186917599999999993e+03 0.000000000000000000e+00 3.049520999999999916e-03
1.187600709999999935e+03 0.000000000000000000e+00 2.985160000000000157e-03
1.188283809999999903e+03 0.000000000000000000e+00 2.965736999999999974e-03
1.188966799999999921e+03 0.000000000000000000e+00 2.938998999999999865e-03
1.189649779999999964e+03 0.000000000000000000e+00 2.880426000000000167e-03
1.190332760000000007e+03 0.000000000000000000e+00 2.856674000000000019e-03
1.191015750000000025e+03 0.000000000000000000e+00 2.854161000000000024e-03
1.191698730000000069e+03 0.000000000000000000e+00 2.841422000000000132e-03
1.192381589999999960e+03 0.000000000000000000e+00 2.780111000000000041e-03
1.193064579999999978e+03 0.000000000000000000e+00 2.739623999999999965e-03
1.193747440000000097e+03 0.000000000000000000e+00 2.712543999999999893e-03
1.194430299999999988e+03 0.000000000000000000e+00 2.687299000000000198e-03
1.195113160000000107e+03 0.000000000000000000e+00 2.643181000000000089e-03
1.195795900000000074e+03 0.000000000000000000e+00 2.631242000000000216e-03
1.196478759999999966e+03 0.000000000000000000e+00 2.578251000000000154e-03
1.197161499999999933e+03 0.000000000000000000e+00 2.518148000000000001e-03
1.197844239999999900e+03 0.000000000000000000e+00 2.467770000000000206e-03
1.198526980000000094e+03 0.000000000000000000e+00 2.453924000000000123e-03
1.199209720000000061e+03 0.000000000000000000e+00 2.436947999999999979e-03
1.199892329999999902e+03 0.000000000000000000e+00 2.414092000000000061e-03
1.200575070000000096e+03 0.000000000000000000e+00 2.388683999999999859e-03
1.201257689999999911e+03 0.000000000000000000e+00 2.375612999999999943e-03
1.201940309999999954e+03 0.000000000000000000e+00 2.335428000000000070e-03
1.202622920000000022e+03 0.000000000000000000e+00 2.290401999999999976e-03
1.203305540000000065e+03 0.000000000000000000e+00 2.252355000000000156e-03
1.203988039999999955e+03 0.000000000000000000e+00 2.235939000000000156e-03
1.204670650000000023e+03 0.000000000000000000e+00 2.207386999999999891e-03
1.205353149999999914e+03 0.000000000000000000e+00 2.205949999999999925e-03
1.206035640000000058e+03 0.000000000000000000e+00 2.179072000000000214e-03
1.206718139999999948e+03 0.000000000000000000e+00 2.165194999999999967e-03
1.207400509999999940e+03 0.000000000000000000e+00 2.134081999999999819e-03
1.208083010000000058e+03 0.000000000000000000e+00 2.118745000000000003e-03
1.208765380000000050e+03 0.000000000000000000e+00 2.093002999999999964e-03
1.209447750000000042e+03 0.000000000000000000e+00 2.072950000000000053e-03
1.210130130000000008e+03 0.000000000000000000e+00 2.015631999999999840e-03
1.210812500000000000e+03 0.000000000000000000e+00 1.991035999999999848e-03
1.211494750000000067e+03 0.000000000000000000e+00 1.981685999999999864e-03
1.212177120000000059e+03 0.000000000000000000e+00 1.993683999999999908e-03
1.212859380000000101e+03 0.000000000000000000e+00 1.987139000000000180e-03
1.213541629999999941e+03 0.000000000000000000e+00 1.953479000000000153e-03
1.214223880000000008e+03 0.000000000000000000e+00 1.934895999999999968e-03
1.214906009999999924e+03 0.000000000000000000e+00 1.912178999999999962e-03
1.215588259999999991e+03 0.000000000000000000e+00 1.872904000000000105e-03
1.216270389999999907e+03 0.000000000000000000e+00 1.846792000000000095e-03
1.216952510000000075e+03 0.000000000000000000e+00 1.852113999999999974e-03
1.217634639999999990e+03 0.000000000000000000e+00 1.856692000000000065e-03
1.218316769999999906e+03 0.000000000000000000e+00 1.828979000000000108e-03
1.218998900000000049e+03 0.000000000000000000e+00 1.804168999999999998e-03
1.219680910000000040e+03 0.000000000000000000e+00 1.783050000000000000e-03
1.220363039999999955e+03 0.000000000000000000e+00 1.789304999999999932e-03
1.221045039999999972e+03 0.000000000000000000e+00 1.778943999999999968e-03
1.221727049999999963e+03 0.000000000000000000e+00 1.750021999999999949e-03
1.222408940000000030e+03 0.000000000000000000e+00 1.707135000000000033e-03
1.223090940000000046e+03 0.000000000000000000e+00 1.696648999999999944e-03
1.223772830000000113e+03 0.000000000000000000e+00 1.710967999999999994e-03
1.224454709999999977e+03 0.000000000000000000e+00 1.703148999999999939e-03
1.225136600000000044e+03 0.000000000000000000e+00 1.672546999999999923e-03
1.225818479999999909e+03 0.000000000000000000e+00 1.664653000000000096e-03
1.226500369999999975e+03 0.000000000000000000e+00 1.659125999999999917e-03
1.227182129999999916e+03 0.000000000000000000e+00 1.675969000000000026e-03
1.227864010000000007e+03 0.000000000000000000e+00 1.660557000000000005e-03
1.228545779999999922e+03 0.000000000000000000e+00 1.652155999999999894e-03
1.229227540000000090e+03 0.000000000000000000e+00 1.636277999999999908e-03
1.229909180000000106e+03 0.000000000000000000e+00 1.618889999999999999e-03
1.230590940000000046e+03 0.000000000000000000e+00 1.588021000000000007e-03
1.231272580000000062e+03 0.000000000000000000e+00 1.585999999999999953e-03
1.231954349999999977e+03 0.000000000000000000e+00 1.590063000000000067e-03
1.232635989999999993e+03 0.000000000000000000e+00 1.598362999999999997e-03
1.233317630000000008e+03 0.000000000000000000e+00 1.601758999999999909e-03
1.233999150000000100e+03 0.000000000000000000e+00 1.603520999999999896e-03
1.234680789999999888e+03 0.000000000000000000e+00 1.584410000000000072e-03
1.235362300000000005e+03 0.000000000000000000e+00 1.552589999999999960e-03
1.236043820000000096e+03 0.000000000000000000e+00 1.546931999999999995e-03
1.236725339999999960e+03 0.000000000000000000e+00 1.550165999999999957e-03
1.237406860000000052e+03 0.000000000000000000e+00 1.538740999999999937e-03
1.238088379999999916e+03 0.000000000000000000e+00 1.506567000000000106e-03
1.238769780000000083e+03 0.000000000000000000e+00 1.485098000000000017e-03
1.239451170000000047e+03 0.000000000000000000e+00 1.470804999999999942e-03
1.240132569999999987e+03 0.000000000000000000e+00 1.457835999999999898e-03
1.240813959999999952e+03 0.000000000000000000e+00 1.459893000000000085e-03
1.241495359999999891e+03 0.000000000000000000e+00 1.463251000000000048e-03
1.242176760000000058e+03 0.000000000000000000e+00 1.474833999999999954e-03
1.242858030000000099e+03 0.000000000000000000e+00 1.460855999999999960e-03
1.243539309999999887e+03 0.000000000000000000e+00 1.454468999999999901e-03
1.244220579999999927e+03 0.000000000000000000e+00 1.458220999999999996e-03
1.244901859999999942e+03 0.000000000000000000e+00 1.465135999999999912e-03
1.245583129999999983e+03 0.000000000000000000e+00 1.469531999999999956e-03
1.246264280000000099e+03 0.000000000000000000e+00 1.465890000000000075e-03
1.246945429999999988e+03 0.000000000000000000e+00 1.464037000000000064e-03
1.247626590000000078e+03 0.000000000000000000e+00 1.467706000000000045e-03
1.248307739999999967e+03 0.000000000000000000e+00 1.455261999999999918e-03
1.248988890000000083e+03 0.000000000000000000e+00 1.467964999999999895e-03
1.249670039999999972e+03 0.000000000000000000e+00 1.497047999999999955e-03
1.250351069999999936e+03 0.000000000000000000e+00 1.532319000000000086e-03
1.251032099999999900e+03 0.000000000000000000e+00 1.530391999999999994e-03
1.251713130000000092e+03 0.000000000000000000e+00 1.527523000000000032e-03
1.252394170000000031e+03 0.000000000000000000e+00 1.533159999999999992e-03
1.253075199999999995e+03 0.000000000000000000e+00 1.555722999999999958e-03
1.253756100000000060e+03 0.000000000000000000e+00 1.556204999999999958e-03
1.254437130000000025e+03 0.000000000000000000e+00 1.570692000000000052e-03
1.255118040000000065e+03 0.000000000000000000e+00 1.582938000000000097e-03
1.255798950000000104e+03 0.000000000000000000e+00 1.598959999999999965e-03
1.256479739999999993e+03 0.000000000000000000e+00 1.598650999999999978e-03
1.257160640000000058e+03 0.000000000000000000e+00 1.589551999999999935e-03
1.257841429999999946e+03 0.000000000000000000e+00 1.580559999999999951e-03
1.258522220000000061e+03 0.000000000000000000e+00 1.575830000000000069e-03
1.259202999999999975e+03 0.000000000000000000e+00 1.580611999999999902e-03
1.259883790000000090e+03 0.000000000000000000e+00 1.579880000000000086e-03
1.260564579999999978e+03 0.000000000000000000e+00 1.588234000000000000e-03
1.261245239999999967e+03 0.000000000000000000e+00 1.595113000000000000e-03
1.261926030000000083e+03 0.000000000000000000e+00 1.621033999999999930e-03
1.262606690000000071e+03 0.000000000000000000e+00 1.651017999999999973e-03
1.263287350000000060e+03 0.000000000000000000e+00 1.656336999999999914e-03
1.263968020000000024e+03 0.000000000000000000e+00 1.687448999999999937e-03
1.264648560000000089e+03 0.000000000000000000e+00 1.691919999999999969e-03
1.265329220000000078e+03 0.000000000000000000e+00 1.714208999999999958e-03
1.266009769999999889e+03 0.000000000000000000e+00 1.737772999999999965e-03
1.266690309999999954e+03 0.000000000000000000e+00 1.754025999999999893e-03
1.267370850000000019e+03 0.000000000000000000e+00 1.764216999999999999e-03
1.268051269999999931e+03 0.000000000000000000e+00 1.788627000000000099e-03
1.268731809999999996e+03 0.000000000000000000e+00 1.799018000000000101e-03
1.269412229999999909e+03 0.000000000000000000e+00 1.807730999999999921e-03
1.270092650000000049e+03 0.000000000000000000e+00 1.840959000000000085e-03
1.270773069999999962e+03 0.000000000000000000e+00 1.854886999999999942e-03
1.271453490000000102e+03 0.000000000000000000e+00 1.872399000000000069e-03
1.272133910000000014e+03 0.000000000000000000e+00 1.871943000000000044e-03
1.272814210000000003e+03 0.000000000000000000e+00 1.893588000000000085e-03
1.273494509999999991e+03 0.000000000000000000e+00 1.918667999999999893e-03
1.274174800000000005e+03 0.000000000000000000e+00 1.931035000000000000e-03
1.274855099999999993e+03 0.000000000000000000e+00 1.938971000000000054e-03
1.275535399999999981e+03 0.000000000000000000e+00 1.959100000000000077e-03
1.276215580000000045e+03 0.000000000000000000e+00 1.990792999999999816e-03
1.276895870000000059e+03 0.000000000000000000e+00 2.008227000000000016e-03
1.277576049999999896e+03 0.000000000000000000e+00 2.020736999999999881e-03
1.278256229999999960e+03 0.000000000000000000e+00 2.026276999999999939e-03
1.278936279999999897e+03 0.000000000000000000e+00 2.028789000000000026e-03
1.279616459999999961e+03 0.000000000000000000e+00 2.036902000000000157e-03
1.280296509999999898e+03 0.000000000000000000e+00 2.037708000000000054e-03
1.280976560000000063e+03 0.000000000000000000e+00 2.032392999999999960e-03
1.281656739999999900e+03 0.000000000000000000e+00 2.035364000000000010e-03
1.282336669999999913e+03 0.000000000000000000e+00 2.035139999999999953e-03
1.283016720000000078e+03 0.000000000000000000e+00 2.034228999999999812e-03
1.283696779999999990e+03 0.000000000000000000e+00 2.038504999999999918e-03
1.284376710000000003e+03 0.000000000000000000e+00 2.028892999999999929e-03
1.285056640000000016e+03 0.000000000000000000e+00 2.035083000000000031e-03
1.285736570000000029e+03 0.000000000000000000e+00 2.047061000000000193e-03
1.286416500000000042e+03 0.000000000000000000e+00 2.056116000000000194e-03
1.287096309999999903e+03 0.000000000000000000e+00 2.041279000000000010e-03
1.287776249999999891e+03 0.000000000000000000e+00 2.027290000000000168e-03
1.288456050000000005e+03 0.000000000000000000e+00 2.047958999999999804e-03
1.289135860000000093e+03 0.000000000000000000e+00 2.062556000000000112e-03
1.289815669999999955e+03 0.000000000000000000e+00 2.062315999999999802e-03
1.290495359999999891e+03 0.000000000000000000e+00 2.050567000000000101e-03
1.291175169999999980e+03 0.000000000000000000e+00 2.057504999999999837e-03
1.291854859999999917e+03 0.000000000000000000e+00 2.072318000000000077e-03
1.292534550000000081e+03 0.000000000000000000e+00 2.077681999999999966e-03
1.293214230000000043e+03 0.000000000000000000e+00 2.076287999999999918e-03
1.293893919999999980e+03 0.000000000000000000e+00 2.073488000000000067e-03
1.294573489999999993e+03 0.000000000000000000e+00 2.088810999999999880e-03
1.295253169999999955e+03 0.000000000000000000e+00 2.068807000000000198e-03
1.295932739999999967e+03 0.000000000000000000e+00 2.056763999999999988e-03
1.296612300000000005e+03 0.000000000000000000e+00 2.054555999999999917e-03
1.297291870000000017e+03 0.000000000000000000e+00 2.053694000000000006e-03
1.297971309999999903e+03 0.000000000000000000e+00 2.041878000000000009e-03
1.298650879999999916e+03 0.000000000000000000e+00 2.020604000000000063e-03
1.299330320000000029e+03 0.000000000000000000e+00 2.007516999999999895e-03
1.300009769999999889e+03 0.000000000000000000e+00 1.998331999999999799e-03
1.300689210000000003e+03 0.000000000000000000e+00 1.984880999999999972e-03
1.301368649999999889e+03 0.000000000000000000e+00 1.966345999999999893e-03
1.302047970000000078e+03 0.000000000000000000e+00 1.947916000000000057e-03
1.302727290000000039e+03 0.000000000000000000e+00 1.937988000000000080e-03
1.303406739999999900e+03 0.000000000000000000e+00 1.923086000000000066e-03
1.304085939999999937e+03 0.000000000000000000e+00 1.910023000000000059e-03
1.304765259999999898e+03 0.000000000000000000e+00 1.893097000000000052e-03
1.305444580000000087e+03 0.000000000000000000e+00 1.888354999999999981e-03
1.306123779999999897e+03 0.000000000000000000e+00 1.869573999999999932e-03
1.306802979999999934e+03 0.000000000000000000e+00 1.856901999999999902e-03
1.307482299999999896e+03 0.000000000000000000e+00 1.828077999999999908e-03
1.308161380000000008e+03 0.000000000000000000e+00 1.797229999999999921e-03
1.308840580000000045e+03 0.000000000000000000e+00 1.778398999999999952e-03
1.309519780000000083e+03 0.000000000000000000e+00 1.758854000000000016e-03
1.310198849999999993e+03 0.000000000000000000e+00 1.740790000000000089e-03
1.310877930000000106e+03 0.000000000000000000e+00 1.710273000000000002e-03
1.311557009999999991e+03 0.000000000000000000e+00 1.688569999999999915e-03
1.312236079999999902e+03 0.000000000000000000e+00 1.680281999999999956e-03
1.312915040000000090e+03 0.000000000000000000e+00 1.675625000000000031e-03
1.313594119999999975e+03 0.000000000000000000e+00 1.648465000000000000e-03
1.314273069999999962e+03 0.000000000000000000e+00 1.609280000000000042e-03
1.314952029999999922e+03 0.000000000000000000e+00 1.585922999999999933e-03
1.315630979999999909e+03 0.000000000000000000e+00 1.585852000000000008e-03
1.316309809999999970e+03 0.000000000000000000e+00 1.569571999999999981e-03
1.316988769999999931e+03 0.000000000000000000e+00 1.551698999999999917e-03
1.317667599999999993e+03 0.000000000000000000e+00 1.527485000000000084e-03
1.318346440000000030e+03 0.000000000000000000e+00 1.510562000000000016e-03
1.319025270000000091e+03 0.000000000000000000e+00 1.510505000000000094e-03
1.319704099999999926e+03 0.000000000000000000e+00 1.511240000000000066e-03
1.320382810000000063e+03 0.000000000000000000e+00 1.499022000000000028e-03
1.321061519999999973e+03 0.000000000000000000e+00 1.487641999999999957e-03
1.321740360000000010e+03 0.000000000000000000e+00 1.476167999999999925e-03
1.322419069999999920e+03 0.000000000000000000e+00 1.449039000000000056e-03
1.323097659999999905e+03 0.000000000000000000e+00 1.429577999999999925e-03
1.323776370000000043e+03 0.000000000000000000e+00 1.416366000000000066e-03
1.324454960000000028e+03 0.000000000000000000e+00 1.399524999999999988e-03
1.325133669999999938e+03 0.000000000000000000e+00 1.388382999999999978e-03
1.325812259999999924e+03 0.000000000000000000e+00 1.368005000000000046e-03
1.326490720000000010e+03 0.000000000000000000e+00 1.358796999999999913e-03
1.327169309999999996e+03 0.000000000000000000e+00 1.352785000000000012e-03
1.327847899999999981e+03 0.000000000000000000e+00 1.348919999999999980e-03
1.328526370000000043e+03 0.000000000000000000e+00 1.333620999999999895e-03
1.329204829999999902e+03 0.000000000000000000e+00 1.325367000000000038e-03
1.329883299999999963e+03 0.000000000000000000e+00 1.305876999999999993e-03
1.330561770000000024e+03 0.000000000000000000e+00 1.274088999999999951e-03
1.331240109999999959e+03 0.000000000000000000e+00 1.227053000000000085e-03
1.331918580000000020e+03 0.000000000000000000e+00 1.231338000000000007e-03
1.332596919999999955e+03 0.000000000000000000e+00 1.258505000000000040e-03
1.333275270000000091e+03 0.000000000000000000e+00 1.265964000000000065e-03
1.333953610000000026e+03 0.000000000000000000e+00 1.265370000000000036e-03
1.334631840000000011e+03 0.000000000000000000e+00 1.266032999999999959e-03
1.335310179999999946e+03 0.000000000000000000e+00 1.252779000000000089e-03
1.335988399999999956e+03 0.000000000000000000e+00 1.239209000000000014e-03
1.336666629999999941e+03 0.000000000000000000e+00 1.218637999999999970e-03
1.337344849999999951e+03 0.000000000000000000e+00 1.200013999999999898e-03
1.338022950000000037e+03 0.000000000000000000e+00 1.169675000000000012e-03
1.338701170000000047e+03 0.000000000000000000e+00 1.137346999999999924e-03
1.339379269999999906e+03 0.000000000000000000e+00 1.131538000000000075e-03
1.340057369999999992e+03 0.000000000000000000e+00 1.125368999999999979e-03
1.340735470000000078e+03 0.000000000000000000e+00 1.133289999999999905e-03
1.341413569999999936e+03 0.000000000000000000e+00 1.139169999999999896e-03
1.342091550000000097e+03 0.000000000000000000e+00 1.147697999999999947e-03
1.342769649999999956e+03 0.000000000000000000e+00 1.149602000000000002e-03
1.343447629999999890e+03 0.000000000000000000e+00 1.146915000000000087e-03
1.344125610000000052e+03 0.000000000000000000e+00 1.123319999999999918e-03
1.344803589999999986e+03 0.000000000000000000e+00 1.109324000000000074e-03
1.345481449999999995e+03 0.000000000000000000e+00 1.102120999999999960e-03
1.346159419999999955e+03 0.000000000000000000e+00 1.080599999999999920e-03
1.346837279999999964e+03 0.000000000000000000e+00 1.059007000000000047e-03
1.347515139999999974e+03 0.000000000000000000e+00 1.033512000000000102e-03
1.348192990000000009e+03 0.000000000000000000e+00 1.018756999999999909e-03
1.348870850000000019e+03 0.000000000000000000e+00 1.004113000000000054e-03
1.349548579999999902e+03 0.000000000000000000e+00 1.004593999999999930e-03
1.350226319999999987e+03 0.000000000000000000e+00 9.881379999999999504e-04
1.350904170000000022e+03 0.000000000000000000e+00 9.906920000000000483e-04
1.351581789999999955e+03 0.000000000000000000e+00 9.805869999999999951e-04
1.352259520000000066e+03 0.000000000000000000e+00 9.987380000000000996e-04
1.352937259999999924e+03 0.000000000000000000e+00 1.018622000000000060e-03
1.353614870000000110e+03 0.000000000000000000e+00 1.042310000000000068e-03
1.354292480000000069e+03 0.000000000000000000e+00 1.036419999999999919e-03
1.354970090000000027e+03 0.000000000000000000e+00 1.048076999999999906e-03
1.355647709999999961e+03 0.000000000000000000e+00 1.061801000000000021e-03
1.356325319999999920e+03 0.000000000000000000e+00 1.083413999999999992e-03
1.357002809999999954e+03 0.000000000000000000e+00 1.090239999999999916e-03
1.357680299999999988e+03 0.000000000000000000e+00 1.089024999999999976e-03
1.358357790000000023e+03 0.000000000000000000e+00 1.066560999999999941e-03
1.359035280000000057e+03 0.000000000000000000e+00 1.046138999999999966e-03
1.359712770000000091e+03 0.000000000000000000e+00 1.026060999999999987e-03
1.360390139999999974e+03 0.000000000000000000e+00 1.023704999999999971e-03
1.361067630000000008e+03 0.000000000000000000e+00 1.007370000000000054e-03
1.361744999999999891e+03 0.000000000000000000e+00 9.968069999999999448e-04
1.362422360000000026e+03 0.000000000000000000e+00 9.813790000000001054e-04
1.363099609999999984e+03 0.000000000000000000e+00 9.722310000000000500e-04
1.363776980000000094e+03 0.000000000000000000e+00 9.557549999999999726e-04
1.364454220000000078e+03 0.000000000000000000e+00 9.524680000000000429e-04
1.365131470000000036e+03 0.000000000000000000e+00 9.168040000000000130e-04
1.365808719999999994e+03 0.000000000000000000e+00 8.907500000000000487e-04
1.366485959999999977e+03 0.000000000000000000e+00 8.457239999999999550e-04
1.367163209999999935e+03 0.000000000000000000e+00 8.120840000000000263e-04
1.367840329999999994e+03 0.000000000000000000e+00 7.953180000000000449e-04
