9.306945799999999736e+02 7.690468196892376033e-06 7.690468196892376033e-06
9.313851899999999659e+02 8.454933283302933569e-06 8.308234392422438790e-06
9.320757399999999961e+02 9.219331953204671270e-06 8.925946916601509325e-06
9.327663000000000011e+02 1.015019476989959453e-05 9.543668386005728572e-06
9.334568500000000313e+02 1.112709995560796604e-05 1.016138091018479911e-05
9.341473999999999478e+02 1.173298943810653573e-05 1.077909343436376800e-05
9.348378900000000158e+02 1.126595217716408199e-05 1.139675228719184800e-05
9.355283799999999701e+02 1.079891491622170618e-05 1.201441114001982637e-05
9.362188700000000381e+02 9.537716681510295867e-06 1.263206999284790299e-05
9.369093000000000302e+02 7.983513193138339737e-06 1.324967517432489082e-05
9.375997300000000223e+02 7.527766162972980839e-06 1.386728035580187527e-05
9.382901600000000144e+02 1.136439682665485738e-05 1.448488553727885972e-05
9.389805300000000443e+02 1.520069407805789969e-05 1.504773651058180960e-05
9.396708999999999605e+02 1.580858939426268948e-05 1.466933295047489726e-05
9.403612699999999904e+02 1.487586438135317337e-05 1.429092939036792224e-05
9.410515699999999697e+02 1.367015089526561710e-05 1.391256419845369492e-05
9.417418800000000374e+02 1.091525299471035219e-05 1.353419352536903030e-05
9.424321899999999914e+02 8.160355094155539589e-06 1.315582285228442836e-05
9.431224999999999454e+02 8.362193495523207140e-06 1.277745217919982473e-05
9.438127399999999625e+02 1.035515724221272140e-05 1.239911987430790780e-05
9.445029899999999543e+02 1.197993656523730373e-05 1.202078208824561626e-05
9.451931799999999839e+02 1.011378605076413940e-05 1.164247718920563172e-05
9.458833600000000388e+02 8.247662574505229541e-06 1.126417777133602519e-05
9.465735499999999547e+02 8.662250258591488013e-06 1.088587287229610503e-05
9.472637300000000096e+02 1.081329293871342693e-05 1.054464273700113686e-05
9.479538599999999633e+02 1.288714612411509384e-05 1.051641501911703642e-05
9.486439800000000560e+02 1.311541302685965910e-05 1.048818771025323184e-05
9.493341100000000097e+02 1.334368323724491863e-05 1.045995999236913139e-05
9.500241700000000264e+02 1.325944751126501853e-05 1.043173513762712232e-05
9.507142300000000432e+02 1.287773052038929479e-05 1.040351028288511156e-05
9.514043000000000347e+02 1.249600799786429673e-05 1.037528501912280493e-05
9.520943600000000515e+02 1.266520108482397121e-05 1.034706016438079586e-05
9.527843599999999924e+02 1.284318834952963117e-05 1.031883776376058061e-05
9.534743700000000217e+02 1.199884121204225191e-05 1.029061495412006610e-05
9.541643100000000004e+02 9.935482764369894782e-06 1.026239500762164297e-05
9.548542499999999791e+02 7.872124316697535964e-06 1.023417506112322153e-05
9.555441899999999578e+02 1.083255849551010034e-05 1.022298787870736787e-05
9.562341300000000501e+02 1.418436049633209784e-05 1.030614581276678425e-05
9.569240099999999529e+02 1.495484552168505040e-05 1.038929651507263049e-05
9.576138899999999694e+02 1.184061008970647147e-05 1.047244721737849028e-05
9.583037699999999859e+02 8.726374657727894242e-06 1.055559791968435007e-05
9.589935900000000402e+02 1.046221477816733686e-05 1.063874139023666513e-05
9.596834099999999808e+02 1.291977539732208085e-05 1.072188486078896664e-05
9.603731699999999591e+02 1.468165665075100700e-05 1.080502109958772342e-05
9.610629900000000134e+02 1.510238786535774855e-05 1.088816457014003849e-05
9.617527499999999918e+02 1.552308248509495024e-05 1.097130080893879527e-05
9.624424999999999955e+02 1.386829022903371094e-05 1.105443584244529601e-05
9.631322000000000116e+02 1.173440843153584535e-05 1.113756484949050975e-05
9.638219000000000278e+02 1.153571149841109001e-05 1.133068241170833007e-05
9.645116000000000440e+02 1.623332301295868810e-05 1.197494960300472893e-05
9.652012300000000096e+02 2.093045775092768914e-05 1.261915140543144135e-05
9.658908699999999499e+02 2.063307915473160125e-05 1.326336254912522061e-05
9.665805100000000039e+02 1.870424103429745678e-05 1.390757369281910660e-05
9.672701399999999694e+02 1.749003535737927984e-05 1.455177549524581733e-05
9.679597199999999475e+02 1.874752970381723214e-05 1.519593059133708371e-05
9.686492899999999509e+02 2.000500581459951978e-05 1.584007634616128326e-05
9.693388700000000426e+02 1.978682495153193119e-05 1.648423144225265468e-05
9.700283799999999701e+02 1.892001932814537873e-05 1.712832114947423123e-05
9.707178999999999860e+02 1.825668789039780728e-05 1.777242019796298475e-05
9.714073499999999513e+02 1.862503834280602717e-05 1.841645385758205181e-05
9.720968599999999924e+02 1.899342085124031728e-05 1.915725936316187437e-05
9.727863200000000461e+02 1.951202579990911687e-05 2.021262588833717938e-05
9.734757100000000491e+02 2.011706385233526476e-05 2.126788526348663962e-05
9.741651600000000144e+02 2.098343542834090101e-05 2.232323648151527098e-05
9.748545500000000175e+02 2.409161588886311292e-05 2.337849585666473460e-05
9.755438799999999446e+02 2.719952583367163043e-05 2.443366338893485429e-05
9.762332800000000361e+02 2.802389708705116462e-05 2.548893807123098817e-05
9.769226099999999633e+02 2.715254537633587559e-05 2.654410560350111125e-05
9.776119400000000041e+02 2.631227887388807801e-05 2.759927313577140374e-05
9.783012099999999691e+02 2.615738538635806009e-05 2.865434882516235907e-05
9.789904800000000478e+02 2.600249189882801167e-05 2.970942451455348720e-05
9.796797500000000127e+02 2.830977451083636166e-05 3.076450020394443915e-05
9.803690199999999777e+02 3.295799704661226071e-05 3.179205746457395540e-05
9.810582299999999805e+02 3.760581496104678371e-05 3.274520612989575768e-05
9.817474399999999832e+02 3.795358165027334983e-05 3.369835479521755996e-05
9.824365800000000490e+02 3.822103857210252848e-05 3.465140665346095645e-05
9.831257299999999759e+02 3.833275793760515271e-05 3.560447234128679745e-05
9.838148800000000165e+02 3.825453454179271619e-05 3.655753802911280108e-05
9.845040299999999434e+02 3.817631114598029322e-05 3.751060371693864208e-05
9.851931200000000217e+02 3.895587561095100311e-05 3.846358642726884028e-05
9.858822000000000116e+02 3.981071517955961006e-05 3.941655530801626872e-05
9.865712899999999763e+02 4.081497306502387419e-05 4.036953801834631107e-05
9.872603100000000040e+02 4.205489988684161205e-05 4.132242392159793409e-05
9.879493400000000065e+02 4.329484470417207690e-05 4.227532365443216424e-05
9.886383700000000090e+02 4.260540049987476965e-05 4.278577691590142239e-05
9.893273299999999608e+02 4.159233134480224699e-05 4.226994627297563128e-05
9.900163000000000011e+02 4.087685611465724056e-05 4.175410814295846252e-05
9.907052599999999529e+02 4.078088450011696042e-05 4.123827750003267141e-05
9.913941700000000310e+02 4.068491985053939873e-05 4.072248429256334164e-05
9.920830700000000206e+02 4.023717181696935823e-05 4.020669857218538276e-05
9.927719700000000103e+02 3.969727246425173848e-05 3.969091285180743065e-05
9.934608799999999746e+02 3.928308368091595952e-05 3.917511964433818220e-05
9.941497200000000021e+02 3.922582463924877090e-05 3.865937884650805554e-05
9.948385600000000295e+02 3.916856559758158228e-05 3.814363804867793565e-05
9.955273399999999810e+02 3.843277077258197701e-05 3.762794217339573608e-05
9.962161300000000210e+02 3.744360865815558805e-05 3.711223881102215208e-05
9.969049099999999726e+02 3.642524840842623215e-05 3.653522926063165310e-05
9.975936900000000378e+02 3.528680020008449211e-05 3.583272218269604868e-05
9.982824100000000271e+02 3.414845116258480231e-05 3.513027630053374654e-05
9.989711300000000165e+02 3.381317771375041617e-05 3.442783041837144440e-05
9.996597900000000436e+02 3.388582101832783886e-05 3.372544573198231580e-05
1.000348449999999957e+03 3.384530394040199979e-05 3.302306104559330239e-05
1.001037109999999984e+03 3.304938599505355537e-05 3.232067635920418057e-05
1.001725770000000011e+03 3.225346804970511094e-05 3.161829167281505196e-05
1.002414369999999963e+03 3.110674332804154473e-05 3.091596818219921887e-05
1.003102970000000028e+03 2.972348266460941808e-05 3.021364469158327058e-05
1.003791560000000004e+03 2.842527642326445904e-05 2.951133140026294721e-05
1.004480099999999993e+03 2.836725085255117565e-05 2.880906910542029443e-05
1.005168639999999982e+03 2.830922528183789564e-05 2.812324794876366820e-05
1.005857179999999971e+03 2.816445192726489777e-05 2.746780997872632930e-05
1.006545650000000023e+03 2.794302216722520531e-05 2.681243864339120198e-05
1.007234130000000050e+03 2.772158919092686306e-05 2.615705778881291998e-05
1.007922609999999963e+03 2.675141311342269044e-05 2.550167693423474301e-05
1.008611020000000053e+03 2.577933830217973875e-05 2.484636271435867259e-05
1.009299440000000004e+03 2.530887644131902780e-05 2.419103897523955252e-05
1.009987849999999980e+03 2.541859499485964896e-05 2.353572475536359052e-05
1.010676270000000045e+03 2.552831514219691154e-05 2.288040101624435864e-05
1.011364619999999945e+03 2.323833544699041950e-05 2.222514391182755857e-05
1.012052919999999972e+03 2.076778125691463656e-05 2.156993440362654890e-05
1.012741269999999986e+03 1.981487515085820497e-05 2.091467729920964042e-05
1.013429570000000012e+03 2.117873582006318453e-05 2.038604970623292880e-05
1.014117859999999951e+03 2.254257667435197675e-05 2.007297306205361193e-05
1.014806090000000040e+03 2.157890708321603040e-05 1.975992370956617444e-05
1.015494320000000016e+03 2.024211117129064887e-05 1.944687435707878777e-05
1.016182559999999967e+03 1.951792663463459008e-05 1.913382045597608505e-05
1.016870790000000056e+03 2.005217151766575261e-05 1.882077110348864756e-05
1.017558959999999956e+03 2.058636982514356115e-05 1.850774904269324192e-05
1.018247129999999970e+03 2.071764660027255669e-05 1.819472698189778545e-05
1.018935240000000022e+03 2.074368353847583888e-05 1.788173221279425919e-05
1.019623349999999959e+03 2.033112823667013560e-05 1.756873744369078714e-05
1.020311460000000011e+03 1.865794061167560592e-05 1.725574267458726088e-05
1.020999569999999949e+03 1.698475298668135745e-05 1.694274790548378544e-05
1.021687620000000038e+03 1.683647571902784979e-05 1.678766908527108505e-05
1.022375670000000014e+03 1.727119099157262895e-05 1.688514670045315830e-05
1.023063719999999989e+03 1.773734974937871980e-05 1.698262431563523156e-05
1.023751710000000003e+03 1.833889800469791856e-05 1.708009343048025693e-05
1.024439699999999903e+03 1.894044626001701906e-05 1.717756254532526537e-05
1.025127690000000030e+03 1.912658312289227419e-05 1.727503166017030429e-05
1.025815550000000030e+03 1.909227657472330777e-05 1.737248235761837170e-05
1.026503539999999930e+03 1.912845310702891447e-05 1.746995147246338013e-05
1.027191409999999905e+03 1.969325778595620581e-05 1.756740358663428942e-05
1.027879269999999906e+03 2.025805425396170345e-05 1.766485428408235683e-05
1.028567140000000109e+03 1.981979451755593808e-05 1.776230639825329661e-05
1.029255000000000109e+03 1.866188503992995709e-05 1.785975709570136741e-05
1.029942870000000084e+03 1.753083211297932378e-05 1.788853473254392487e-05
1.030630619999999908e+03 1.694881539629414298e-05 1.781225909437535732e-05
1.031318479999999909e+03 1.636670559078462408e-05 1.773597125654090764e-05
1.032006229999999960e+03 1.634990230179403720e-05 1.765969561837231637e-05
1.032693970000000036e+03 1.687434063370898846e-05 1.758342108926425461e-05
1.033381710000000112e+03 1.739877896562393972e-05 1.750714656015619285e-05
1.034069340000000011e+03 1.783358899105744091e-05 1.743088423071401661e-05
1.034757080000000087e+03 1.826615203625345745e-05 1.735460970160595485e-05
1.035444700000000012e+03 1.801476150116500613e-05 1.727834848122430811e-05
1.036132319999999936e+03 1.688761294913825289e-05 1.720208726084266137e-05
1.036820069999999987e+03 1.576025130076191255e-05 1.712581162267407011e-05
1.037507569999999987e+03 1.644657545475729268e-05 1.704956371101881468e-05
1.038195189999999911e+03 1.732968589775831498e-05 1.690144648011544182e-05
1.038882810000000063e+03 1.793554052827355194e-05 1.664628202657548350e-05
1.039570310000000063e+03 1.806010915714606677e-05 1.639116210305859280e-05
1.040257810000000063e+03 1.818467778601858499e-05 1.613604217954170549e-05
1.040945310000000063e+03 1.681315358725208770e-05 1.588092225602481819e-05
1.041632810000000063e+03 1.513265971200213743e-05 1.562580233250792749e-05
1.042320310000000063e+03 1.432468314594574404e-05 1.537068240899104019e-05
1.043007689999999911e+03 1.563124304088884313e-05 1.511560701549722051e-05
1.043695189999999911e+03 1.693803102973573629e-05 1.486048709198033151e-05
1.044382569999999987e+03 1.611167050958509553e-05 1.460541169848642883e-05
1.045069950000000063e+03 1.459356599321314749e-05 1.435033630499252614e-05
1.045757319999999936e+03 1.358251087735387040e-05 1.409526462233394968e-05
1.046444700000000012e+03 1.439324804339897073e-05 1.395445010542685180e-05
1.047131959999999935e+03 1.520384367425240465e-05 1.398223841068152942e-05
1.047819340000000011e+03 1.556569357133400243e-05 1.401003156795238051e-05
1.048506589999999960e+03 1.571660843807531300e-05 1.403781946887237912e-05
1.049193850000000111e+03 1.587286660451844481e-05 1.406560777412706520e-05
1.049881100000000060e+03 1.606122784589296136e-05 1.409339567504706381e-05
1.050568359999999984e+03 1.624959182806399993e-05 1.412118398030174312e-05
1.051255490000000009e+03 1.579586795268926082e-05 1.414896702920557840e-05
1.051942749999999933e+03 1.492261568387959321e-05 1.417675533446025602e-05
1.052629879999999957e+03 1.410802638416555456e-05 1.420453838336409131e-05
1.053317019999999957e+03 1.410842035469187030e-05 1.423232183660260560e-05
1.054004149999999981e+03 1.410881431948470304e-05 1.426010488550644089e-05
1.054691280000000006e+03 1.445878274462174128e-05 1.428067113611612888e-05
1.055378300000000081e+03 1.512028263287505829e-05 1.429049897669167642e-05
1.056065430000000106e+03 1.578188843505762547e-05 1.430032839082034207e-05
1.056752439999999979e+03 1.433848497128338316e-05 1.431015608834560275e-05
1.057439450000000079e+03 1.287545286411436376e-05 1.431998378587086682e-05
1.058126459999999952e+03 1.247871406552429152e-05 1.432981148339612919e-05
1.058813480000000027e+03 1.337372142397538878e-05 1.433963932397167673e-05
1.059500489999999900e+03 1.426871575504188996e-05 1.434946702149693741e-05
1.060187380000000076e+03 1.371736161340373882e-05 1.435929300241880159e-05
1.060874270000000024e+03 1.302929735711501391e-05 1.436911898334066069e-05
1.061561159999999973e+03 1.291420731724176705e-05 1.437894496426252149e-05
1.062248049999999921e+03 1.375559885746648438e-05 1.438877094518438229e-05
1.062934940000000097e+03 1.459699039769147954e-05 1.435947012055577171e-05
1.063621830000000045e+03 1.399055995655215827e-05 1.427042679502406811e-05
1.064308590000000095e+03 1.310022289244896556e-05 1.418140032172825444e-05
1.064995480000000043e+03 1.237896378528219051e-05 1.409235699619655254e-05
1.065682250000000067e+03 1.205879339952665708e-05 1.400332922657490431e-05
1.066369020000000091e+03 1.173862301377112194e-05 1.391430145695325438e-05
1.067055659999999989e+03 1.079365496129537827e-05 1.382529053956752488e-05
1.067742430000000013e+03 9.648445266612605894e-06 1.373626276994587665e-05
1.068429080000000113e+03 9.224322994873870456e-06 1.364725055623428209e-05
1.069115839999999935e+03 1.138711531221683817e-05 1.355822408293849891e-05
1.069802490000000034e+03 1.354956120991639737e-05 1.346921186922690435e-05
1.070489139999999907e+03 1.374251756354770718e-05 1.338019965551533859e-05
1.071175780000000032e+03 1.300184272072937047e-05 1.323038059155315825e-05
1.071862300000000005e+03 1.242127143472117943e-05 1.298363803716262641e-05
1.072548950000000104e+03 1.283430962627026711e-05 1.273684875939608036e-05
1.073235470000000078e+03 1.324726961937043144e-05 1.249010620500554851e-05
1.073922000000000025e+03 1.342667080098470003e-05 1.224336005650918232e-05
1.074608519999999999e+03 1.344950526837928673e-05 1.199661750211865048e-05
1.075295039999999972e+03 1.339838216503018646e-05 1.174987494772811863e-05
1.075981569999999920e+03 1.216066516831304745e-05 1.150312879923175075e-05
1.076667969999999968e+03 1.092318254330500955e-05 1.125642937411131745e-05
1.077354370000000017e+03 1.035698445040216386e-05 1.100972994899088585e-05
1.078040770000000066e+03 1.041484384797865607e-05 1.076303052387045255e-05
1.078727169999999887e+03 1.047270324555512965e-05 1.051633109875010056e-05
1.079413569999999936e+03 1.027043719162807057e-05 1.039927213256278121e-05
1.080099979999999960e+03 1.006220447122297613e-05 1.050236481065435715e-05
1.080786250000000109e+03 9.926596449421805571e-06 1.060543646199090589e-05
1.081472659999999905e+03 9.884477543782225120e-06 1.070852914008244964e-05
1.082158940000000030e+03 9.842366615091873122e-06 1.081160229333006811e-05
1.082845209999999952e+03 1.021682146054831627e-05 1.091467394466658127e-05
1.083531369999999924e+03 1.063940149712802561e-05 1.101772907498127814e-05
1.084217650000000049e+03 1.119927707247575249e-05 1.112080222822889830e-05
1.084903929999999946e+03 1.200843659946019255e-05 1.122387538147648290e-05
1.085590089999999918e+03 1.281745464025360875e-05 1.132693051179117976e-05
1.086276249999999891e+03 1.249777954744488673e-05 1.142998564210587832e-05
1.086962399999999889e+03 1.192006190467111807e-05 1.153303927050950376e-05
1.087648560000000089e+03 1.148883189597252277e-05 1.162169000601419501e-05
1.088334589999999935e+03 1.144791655771135091e-05 1.168378200751304564e-05
1.089020749999999907e+03 1.140699346615370855e-05 1.174588577520317549e-05
1.089706789999999955e+03 1.127544697781017867e-05 1.180797868179367953e-05
1.090392820000000029e+03 1.111060537462329109e-05 1.187007068329255049e-05
1.091078860000000077e+03 1.097155746994748163e-05 1.193216358988305623e-05
1.091764889999999923e+03 1.094283804982185143e-05 1.199425559138190686e-05
1.092450810000000047e+03 1.091412323464965864e-05 1.205633763687278680e-05
1.093136839999999893e+03 1.138731374724319185e-05 1.211842963837163743e-05
1.093822750000000042e+03 1.213359919430636547e-05 1.218051077877088428e-05
1.094508669999999938e+03 1.277525962548445528e-05 1.224259282426174389e-05
1.095194580000000087e+03 1.253177727674063562e-05 1.230467396466099074e-05
1.095880490000000009e+03 1.228829492799689559e-05 1.240786181480953395e-05
1.096566409999999905e+03 1.220106045793948572e-05 1.259512016035626988e-05
1.097252199999999903e+03 1.223488245895434784e-05 1.278234301548881453e-05
1.097937989999999900e+03 1.228695886957116198e-05 1.296956587062135918e-05
1.098623779999999897e+03 1.319719782409088852e-05 1.315678872575390384e-05
1.099309569999999894e+03 1.410743677861061676e-05 1.334401158088644849e-05
1.099995359999999891e+03 1.429474781974653211e-05 1.353123443601899314e-05
1.100681149999999889e+03 1.369460394127349162e-05 1.371845729115153780e-05
1.101366819999999962e+03 1.309456507638386845e-05 1.390564738590174762e-05
1.102052490000000034e+03 1.339160668271572349e-05 1.409283748065195744e-05
1.102738160000000107e+03 1.375026465939890435e-05 1.428002757540216557e-05
1.103423829999999953e+03 1.420146403054806638e-05 1.446721767015231441e-05
1.104109500000000025e+03 1.479564633619246262e-05 1.462367667798242804e-05
1.104795170000000098e+03 1.538982864183686055e-05 1.470869089443691875e-05
1.105480710000000045e+03 1.534934132795466144e-05 1.479368899257188214e-05
1.106166259999999966e+03 1.519678108617447028e-05 1.487868833057757331e-05
1.106851809999999887e+03 1.494728671791227144e-05 1.496368766858326618e-05
1.107537350000000060e+03 1.447860332755997058e-05 1.504868576671825667e-05
1.108222899999999981e+03 1.400991310050407099e-05 1.513368510472394954e-05
1.108908449999999903e+03 1.467062801648708097e-05 1.521868444272964072e-05
1.109593869999999924e+03 1.568127376021233909e-05 1.530366766241583507e-05
1.110279299999999921e+03 1.639385853271616529e-05 1.538865212197275720e-05
1.110964719999999943e+03 1.604712498334119223e-05 1.547363534165895155e-05
1.111650149999999940e+03 1.570038637526427415e-05 1.555861980121587369e-05
1.112335569999999962e+03 1.561882117027352536e-05 1.573127572065564635e-05
1.113020999999999958e+03 1.566442398037993627e-05 1.614238809432458306e-05
1.113706300000000056e+03 1.578385531611349552e-05 1.655342249561335662e-05
1.114391599999999926e+03 1.638884877108336466e-05 1.696445689690199128e-05
1.115076900000000023e+03 1.699384222605343709e-05 1.737549129819076485e-05
1.115762210000000096e+03 1.717179981158215295e-05 1.778653169735492542e-05
1.116447509999999966e+03 1.705074792831753007e-05 1.819756609864356346e-05
1.117132689999999911e+03 1.698539555142585311e-05 1.860852852542742197e-05
1.117817990000000009e+03 1.814018559437767465e-05 1.901956292671619554e-05
1.118503169999999955e+03 1.929477342690292469e-05 1.943052535350005744e-05
1.119188349999999900e+03 2.002779267344422380e-05 1.984148778028391595e-05
1.119873540000000048e+03 2.033788351107471056e-05 2.025245620494330037e-05
1.120558590000000095e+03 2.064791099004949676e-05 2.059677545654619543e-05
1.121243770000000040e+03 2.104765934920065524e-05 2.072133924256029956e-05
1.121928830000000062e+03 2.145160472400623367e-05 2.084588121291382806e-05
1.122613890000000083e+03 2.128852490628609036e-05 2.097042318326735317e-05
1.123298950000000104e+03 2.030891807808527780e-05 2.109496515362088167e-05
1.123984009999999898e+03 1.932931124988479049e-05 2.121950712397436612e-05
1.124669069999999920e+03 2.009079516831577413e-05 2.134404909432789462e-05
1.125354000000000042e+03 2.112396673286840668e-05 2.146856743104913709e-05
1.126039060000000063e+03 2.191794889535498458e-05 2.159310940140266559e-05
1.126723999999999933e+03 2.220240969075325160e-05 2.171762955609557780e-05
1.127408940000000030e+03 2.248687048615161349e-05 2.184214971078853067e-05
1.128093869999999924e+03 2.231545690961508517e-05 2.196666804750973249e-05
1.128778690000000097e+03 2.201140431035075935e-05 2.207793307162935923e-05
1.129463619999999992e+03 2.193844470290472144e-05 2.213342868763627517e-05
1.130148439999999937e+03 2.264274462410908784e-05 2.218891539102765213e-05
1.130833249999999907e+03 2.334703426086031825e-05 2.224440128418125743e-05
1.131518070000000080e+03 2.321027450977858941e-05 2.229988798757265471e-05
1.132202880000000050e+03 2.268392308019317398e-05 2.235537388072625663e-05
1.132887699999999995e+03 2.222962154980302353e-05 2.241086058411763697e-05
1.133572390000000041e+03 2.222687204956851951e-05 2.246633675441793163e-05
1.134257080000000087e+03 2.222412254933401550e-05 2.252181292471822969e-05
1.134941769999999906e+03 2.230480665939590828e-05 2.257728909501850403e-05
1.135626459999999952e+03 2.244305756120586120e-05 2.263276526531880209e-05
1.136311159999999973e+03 2.258339007291776024e-05 2.268824224585687179e-05
1.136995850000000019e+03 2.276720093111140727e-05 2.273641716182304032e-05
1.137680419999999913e+03 2.295097957428364249e-05 2.274212261418140862e-05
1.138364990000000034e+03 2.282811323445718980e-05 2.274782806653977691e-05
1.139049559999999929e+03 2.239772564300151347e-05 2.275353351889814182e-05
1.139734130000000050e+03 2.196733805154569823e-05 2.275923897125651011e-05
1.140418699999999944e+03 2.240606093564732792e-05 2.276494442361487840e-05
1.141103149999999914e+03 2.288780637840759957e-05 2.277064887585012598e-05
1.141787720000000036e+03 2.311883280057731735e-05 2.277635432820849428e-05
1.142472170000000006e+03 2.298298608240693933e-05 2.278205878044374186e-05
1.143156619999999975e+03 2.284713936423656130e-05 2.278776323267898944e-05
1.143841059999999970e+03 2.282327748674524960e-05 2.279346760157064701e-05
1.144525509999999940e+03 2.281778041380249541e-05 2.279917205380589459e-05
1.145209839999999986e+03 2.280247952429593854e-05 2.282620608125075608e-05
1.145894289999999955e+03 2.276556802113348575e-05 2.305178072033783193e-05
1.146578610000000026e+03 2.272866352870286837e-05 2.327731251523897899e-05
1.147262940000000071e+03 2.293148120975274767e-05 2.350284760584673256e-05
1.147947269999999889e+03 2.320783763276334195e-05 2.372838269645441160e-05
1.148631470000000036e+03 2.354327467825453193e-05 2.395387494287623298e-05
1.149315800000000081e+03 2.409135365993411216e-05 2.417941003348398656e-05
1.150000000000000000e+03 2.463932852478747156e-05 2.440490227990573679e-05
1.150684199999999919e+03 2.485946393280480813e-05 2.463039452632748703e-05
1.151368410000000040e+03 2.491834049077112445e-05 2.485589006845591493e-05
1.152052609999999959e+03 2.500228041538179088e-05 2.508138231487766517e-05
1.152736820000000080e+03 2.526565488483553491e-05 2.530687785700609307e-05
1.153420900000000074e+03 2.552897931310153944e-05 2.552218882618735617e-05
1.154104980000000069e+03 2.550998117722052538e-05 2.551189196044189805e-05
1.154789060000000063e+03 2.528196000412420014e-05 2.550159509469643654e-05
1.155473140000000058e+03 2.506946210027689043e-05 2.549129822895097842e-05
1.156157230000000027e+03 2.542543151056515211e-05 2.548100121268415043e-05
1.156841310000000021e+03 2.578139571730696114e-05 2.547070434693869231e-05
1.157525270000000091e+03 2.596793879537757110e-05 2.546040928744964884e-05
1.158209229999999934e+03 2.596990076761673409e-05 2.545011422796060536e-05
1.158893190000000004e+03 2.597186273985589708e-05 2.543981916847156189e-05
1.159577150000000074e+03 2.581689947191986379e-05 2.542952410898251841e-05
1.160261109999999917e+03 2.565013183159100646e-05 2.541922904949347833e-05
1.160945069999999987e+03 2.550627022999050716e-05 2.540893399000443485e-05
1.161628909999999905e+03 2.539955019216654747e-05 2.539864073677180941e-05
1.162312740000000076e+03 2.529283171494207339e-05 2.510255874043707731e-05
1.162996579999999994e+03 2.493286927799442262e-05 2.480197496445100874e-05
1.163680419999999913e+03 2.452210437199331733e-05 2.450139118846494016e-05
1.164364260000000058e+03 2.401674080947559722e-05 2.420080741247876993e-05
1.165047970000000078e+03 2.327303287475586109e-05 2.390028077835461208e-05
1.165731809999999996e+03 2.252918353208327625e-05 2.359969700236854012e-05
1.166415529999999990e+03 2.252485744221757619e-05 2.329916597271654950e-05
1.167099240000000009e+03 2.278729175387265863e-05 2.299863933859238826e-05
1.167782840000000078e+03 2.293397784804307950e-05 2.269816105527447560e-05
1.168466550000000097e+03 2.257268935621294136e-05 2.239763442115031436e-05
1.169150270000000091e+03 2.221139558014693154e-05 2.209710339149832374e-05
1.169833859999999959e+03 2.180625085511928431e-05 2.179662950370834211e-05
1.170517460000000028e+03 2.137599058295512781e-05 2.149863076689777900e-05
1.171201049999999896e+03 2.096452116046099289e-05 2.120084767571195892e-05
1.171884639999999990e+03 2.075115911478920365e-05 2.090306458452604059e-05
1.172568119999999908e+03 2.053783140230698538e-05 2.060532941115647744e-05
1.173251710000000003e+03 2.042657847801741783e-05 2.030754631997055910e-05
1.173935179999999946e+03 2.040344217124222172e-05 2.000981550276609974e-05
1.174618649999999889e+03 2.038030586446702561e-05 1.971208468556164039e-05
1.175302120000000059e+03 1.983551385960997601e-05 1.941435386835708616e-05
1.175985599999999977e+03 1.928372504517684589e-05 1.911661869498752301e-05
1.176668949999999995e+03 1.883976193335360269e-05 1.881894015176442775e-05
1.177352419999999938e+03 1.853465502758725069e-05 1.852120933455996839e-05
1.178035769999999957e+03 1.822960169085636377e-05 1.822353079133687314e-05
1.178719119999999975e+03 1.786299561194452069e-05 1.805546110756779394e-05
1.179402469999999994e+03 1.748851445078120922e-05 1.790955756223399330e-05
1.180085690000000113e+03 1.738314484629216274e-05 1.776368177348302193e-05
1.180769039999999904e+03 1.780893497619564397e-05 1.761777822814926533e-05
1.181452269999999999e+03 1.823465033502214062e-05 1.747190030427654334e-05
1.182135500000000093e+03 1.805719549149459476e-05 1.732602238040382135e-05
1.182818729999999960e+03 1.771495282157426512e-05 1.718014445653114679e-05
1.183501950000000079e+03 1.739156354037429448e-05 1.703426866778017543e-05
1.184185179999999946e+03 1.712966878922443477e-05 1.688839074390750087e-05
1.184868289999999888e+03 1.686782003630374680e-05 1.674253844149590497e-05
1.185551390000000083e+03 1.665260734668404580e-05 1.659668827420601565e-05
1.186234500000000025e+03 1.645896470605105996e-05 1.645083597179441975e-05
1.186917599999999993e+03 1.622759629994765420e-05 1.632417590893310905e-05
1.187600709999999935e+03 1.574940303212634716e-05 1.620287237101809702e-05
1.188283809999999903e+03 1.527121676454316394e-05 1.608157060885717236e-05
1.188966799999999921e+03 1.539973365587914050e-05 1.596028837999127650e-05
1.189649779999999964e+03 1.596530597297839623e-05 1.583900792687946801e-05
1.190332760000000007e+03 1.649961410769952300e-05 1.571772747376765951e-05
1.191015750000000025e+03 1.601755214921066358e-05 1.559644524490176026e-05
1.191698730000000069e+03 1.553549724883330162e-05 1.547516479178995177e-05
1.192381589999999960e+03 1.530049027702882333e-05 1.535390564772730009e-05
1.193064579999999978e+03 1.533498167871165036e-05 1.523262341886140084e-05
1.193747440000000097e+03 1.536946651531707382e-05 1.511136427479870851e-05
1.194430299999999988e+03 1.506448977956274563e-05 1.499010513073605515e-05
1.195113160000000107e+03 1.473259647714464106e-05 1.490916207136274151e-05
1.195795900000000074e+03 1.465438138637042600e-05 1.484508740614849231e-05
1.196478759999999966e+03 1.500001349871103334e-05 1.478100147901928057e-05
1.197161499999999933e+03 1.534558487260825039e-05 1.471692681380503137e-05
1.197844239999999900e+03 1.529262872164462704e-05 1.465285214859078048e-05
1.198526980000000094e+03 1.515353820267234355e-05 1.458877748337650925e-05
1.199209720000000061e+03 1.505422140462619021e-05 1.452470281816225836e-05
1.199892329999999902e+03 1.506244772781468476e-05 1.446064035335590401e-05
1.200575070000000096e+03 1.507067561766938254e-05 1.439656568814163279e-05
1.201257689999999911e+03 1.482427027080780138e-05 1.433250228484236476e-05
1.201940309999999954e+03 1.447758442911093786e-05 1.426843888154307640e-05
1.202622920000000022e+03 1.419399995372481129e-05 1.420437641673670003e-05
1.203305540000000065e+03 1.423043134725905618e-05 1.420351060685070333e-05
1.203988039999999955e+03 1.426685633639959938e-05 1.424073894844363617e-05
1.204670650000000023e+03 1.418010143052614667e-05 1.427797329020885018e-05
1.205353149999999914e+03 1.401519826106811121e-05 1.431520163180178133e-05
1.206035640000000058e+03 1.387924231227901540e-05 1.435242942792452220e-05
1.206718139999999948e+03 1.420628388144411135e-05 1.438965776951745335e-05
1.207400509999999940e+03 1.453326315697703388e-05 1.442687901999770752e-05
1.208083010000000058e+03 1.459262813437302361e-05 1.446410736159065222e-05
1.208765380000000050e+03 1.439013254190665885e-05 1.450132861207090470e-05
1.209447750000000042e+03 1.418763694944029239e-05 1.453854986255115888e-05
1.210130130000000008e+03 1.437566957830659864e-05 1.457577165850161689e-05
1.210812500000000000e+03 1.458321331008198579e-05 1.461299290898187106e-05
1.211494750000000067e+03 1.461558976634238916e-05 1.463563990960594866e-05
1.212177120000000059e+03 1.438373484990054565e-05 1.464577864854006405e-05
1.212859380000000101e+03 1.415191730913582341e-05 1.465591575308040081e-05
1.213541629999999941e+03 1.401209526036983599e-05 1.466605270903948311e-05
1.214223880000000008e+03 1.388913978581544406e-05 1.467618966499856880e-05
1.214906009999999924e+03 1.392647254026184870e-05 1.468632483798262142e-05
1.215588259999999991e+03 1.435404569863983226e-05 1.469646179394170542e-05
1.216270389999999907e+03 1.478154365177183242e-05 1.470659696692575804e-05
1.216952510000000075e+03 1.478465315164283371e-05 1.471673199132856129e-05
1.217634639999999990e+03 1.463627121398295169e-05 1.472686716431261390e-05
1.218316769999999906e+03 1.453924943357910512e-05 1.473700233729666482e-05
1.218998900000000049e+03 1.467197100842534030e-05 1.474713751028072083e-05
1.219680910000000040e+03 1.480466923495233767e-05 1.472155712454066082e-05
1.220363039999999955e+03 1.489163919725862336e-05 1.465186436087106640e-05
1.221045039999999972e+03 1.495153286542005890e-05 1.458218487921409415e-05
1.221727049999999963e+03 1.501654865049614215e-05 1.451250437586384471e-05
1.222408940000000030e+03 1.514570118680460630e-05 1.444283613283294193e-05
1.223090940000000046e+03 1.527487455752769475e-05 1.437315665117596968e-05
1.223772830000000113e+03 1.514077966860162663e-05 1.430348840814506522e-05
1.224454709999999977e+03 1.476269402626986327e-05 1.423382118680746166e-05
1.225136600000000044e+03 1.438460283918462451e-05 1.416415294377655889e-05
1.225818479999999909e+03 1.416725184917240678e-05 1.409448572243895533e-05
1.226500369999999975e+03 1.395589652719929190e-05 1.402481747940805087e-05
1.227182129999999916e+03 1.386844801692813187e-05 1.395516251838979398e-05
1.227864010000000007e+03 1.396003397997747081e-05 1.389677828959114937e-05
1.228545779999999922e+03 1.405160516849763987e-05 1.385914180210690384e-05
1.229227540000000090e+03 1.371388060005706041e-05 1.382150586666347120e-05
1.229909180000000106e+03 1.330267133584180381e-05 1.378387655570997459e-05
1.230590940000000046e+03 1.315331231235442707e-05 1.374624062026655551e-05
1.231272580000000062e+03 1.362053655091979318e-05 1.370861130931305890e-05
1.231954349999999977e+03 1.408784989685997199e-05 1.367097482182881337e-05
1.232635989999999993e+03 1.392782195935171308e-05 1.363334551087531845e-05
1.233317630000000008e+03 1.355065190159385610e-05 1.359571619992182184e-05
1.233999150000000100e+03 1.324904306209210832e-05 1.355809351345824940e-05
1.234680789999999888e+03 1.327604156581649776e-05 1.352046420250476634e-05
1.235362300000000005e+03 1.330303492048057090e-05 1.348284206808202035e-05
1.236043820000000096e+03 1.352624352135384122e-05 1.344716481414537396e-05
1.236725339999999960e+03 1.386427591314061821e-05 1.341724974461098358e-05
1.237406860000000052e+03 1.413749060298559670e-05 1.338733467507658303e-05
1.238088379999999916e+03 1.360978019294085778e-05 1.335741960554219434e-05
1.238769780000000083e+03 1.308216270056404653e-05 1.332750980336361851e-05
1.239451170000000047e+03 1.298391177993175737e-05 1.329760044013137171e-05
1.240132569999999987e+03 1.328474436437031141e-05 1.326769063795280604e-05
1.240813959999999952e+03 1.358557253388982102e-05 1.323778127472055755e-05
1.241495359999999891e+03 1.345211942455188143e-05 1.320787147254199357e-05
1.242176760000000058e+03 1.330151808688803379e-05 1.317796167036341774e-05
1.242858030000000099e+03 1.319503160136216889e-05 1.314805757448699566e-05
1.243539309999999887e+03 1.315318353576262167e-05 1.311815303966426488e-05
1.244220579999999927e+03 1.311133608441954153e-05 1.310981807289702457e-05
1.244901859999999942e+03 1.354475116907050417e-05 1.322577263776793470e-05
1.245583129999999983e+03 1.406295559020526734e-05 1.334172550062844535e-05
1.246264280000000099e+03 1.442452770481990104e-05 1.345765793936410804e-05
1.246945429999999988e+03 1.440575963822667757e-05 1.357359037809973345e-05
1.247626590000000078e+03 1.438699129609844751e-05 1.368952451884579731e-05
1.248307739999999967e+03 1.399361285133089625e-05 1.380545695758142102e-05
1.248988890000000083e+03 1.346451382388171922e-05 1.392138939631708371e-05
1.249670039999999972e+03 1.309401854497652888e-05 1.403732183505270912e-05
1.250351069999999936e+03 1.346154660542841758e-05 1.415323384966348656e-05
1.251032099999999900e+03 1.382907466588030459e-05 1.426914586427426401e-05
1.251713130000000092e+03 1.417677714333677536e-05 1.438505787888508041e-05
1.252394170000000031e+03 1.451229619896458580e-05 1.449597269147177695e-05
1.253075199999999995e+03 1.479220216480522957e-05 1.448245084460696414e-05
1.253756100000000060e+03 1.423128180284807339e-05 1.446893157889142643e-05
1.254437130000000025e+03 1.367025434785670002e-05 1.445540973202661193e-05
1.255118040000000065e+03 1.352971219454264087e-05 1.444189026776113037e-05
1.255798950000000104e+03 1.380298331109432553e-05 1.442837080349564881e-05
1.256479739999999993e+03 1.407620626778049679e-05 1.441485372182950359e-05
1.257160640000000058e+03 1.432137040063922781e-05 1.440133445611396587e-05
1.257841429999999946e+03 1.456488671239567128e-05 1.438781737444781895e-05
1.258522220000000061e+03 1.468869630790979292e-05 1.437430029278166864e-05
1.259202999999999975e+03 1.462342539824876558e-05 1.436078340966546726e-05
1.259883790000000090e+03 1.455815352982116212e-05 1.434726632799931696e-05
1.260564579999999978e+03 1.435123916912570394e-05 1.433374924633317173e-05
1.261245239999999967e+03 1.411517805622235038e-05 1.438010442351983706e-05
1.261926030000000083e+03 1.397654933904379528e-05 1.443135158179152860e-05
1.262606690000000071e+03 1.410043365716835557e-05 1.448258895418125616e-05
1.263287350000000060e+03 1.422431797529291585e-05 1.453382632657098541e-05
1.263968020000000024e+03 1.426389572284288277e-05 1.458506445172086170e-05
1.264648560000000089e+03 1.426936637339974620e-05 1.463629279098879095e-05
1.265329220000000078e+03 1.437161882957707781e-05 1.468753016337851851e-05
1.266009769999999889e+03 1.500891431544005303e-05 1.473875925540658125e-05
1.266690309999999954e+03 1.564620043688498733e-05 1.478998759467451050e-05
1.267370850000000019e+03 1.569588645162568039e-05 1.484121593394244145e-05
1.268051269999999931e+03 1.534384841875035646e-05 1.489243524008855545e-05
1.268731809999999996e+03 1.499751380581006502e-05 1.494366357935648640e-05
1.269412229999999909e+03 1.481114072958192794e-05 1.492973125430691778e-05
1.270092650000000049e+03 1.462476765335372987e-05 1.490009924183641790e-05
1.270773069999999962e+03 1.469212515681615743e-05 1.487046722936592818e-05
1.271453490000000102e+03 1.503945021255357413e-05 1.484083521689542999e-05
1.272133910000000014e+03 1.538677526829087733e-05 1.481120320442494027e-05
1.272814210000000003e+03 1.477200623985780938e-05 1.478157641790532614e-05
1.273494509999999991e+03 1.406883564678896017e-05 1.475194963138571032e-05
1.274174800000000005e+03 1.386171810144426296e-05 1.472232328036200263e-05
1.274855099999999993e+03 1.455194885044679667e-05 1.469269649384238680e-05
1.275535399999999981e+03 1.524217959944932869e-05 1.466306970732277267e-05
1.276215580000000045e+03 1.508144522507974157e-05 1.463344814675403243e-05
1.276895870000000059e+03 1.470251997553618920e-05 1.460382179573032305e-05
1.277576049999999896e+03 1.450069222036817904e-05 1.464027878400408984e-05
1.278256229999999960e+03 1.487255179979678598e-05 1.470750474263187964e-05
1.278936279999999897e+03 1.524434030723654633e-05 1.477471785263925930e-05
1.279616459999999961e+03 1.504095053890711851e-05 1.484194381126704740e-05
1.280296509999999898e+03 1.456134098543236770e-05 1.490915692127442705e-05
1.280976560000000063e+03 1.415162521695032877e-05 1.497637003128182873e-05
1.281656739999999900e+03 1.427856417896698493e-05 1.504359598990959481e-05
1.282336669999999913e+03 1.440545648459785670e-05 1.511079723965200029e-05
1.283016720000000078e+03 1.468462068213821062e-05 1.517801034965940196e-05
1.283696779999999990e+03 1.508612383419336505e-05 1.524522444802219387e-05
1.284376710000000003e+03 1.548755023506520265e-05 1.531242569776459765e-05
1.285056640000000016e+03 1.544498244612612362e-05 1.537962694750700482e-05
1.285736570000000029e+03 1.539968847901147851e-05 1.542275827977623870e-05
1.286416500000000042e+03 1.546408383757748802e-05 1.544649921460381606e-05
1.287096309999999903e+03 1.567216507668299020e-05 1.547023595942332528e-05
1.287776249999999891e+03 1.588028610714359572e-05 1.549397724341823940e-05
1.288456050000000005e+03 1.580593251579488710e-05 1.551771363907041864e-05
1.289135860000000093e+03 1.568997667970997573e-05 1.554145038388993802e-05
1.289815669999999955e+03 1.565639736324468537e-05 1.556518712870945062e-05
1.290495359999999891e+03 1.580590324120510558e-05 1.558891968352090523e-05
1.291175169999999980e+03 1.595543551458899413e-05 1.561265642834042461e-05
1.291854859999999917e+03 1.583106819974573827e-05 1.563638898315187922e-05
1.292534550000000081e+03 1.561479649349511095e-05 1.566012153796334400e-05
1.293214230000000043e+03 1.551139164395218755e-05 1.568385374360746186e-05
1.293893919999999980e+03 1.589823322396228069e-05 1.576045453514970043e-05
1.294573489999999993e+03 1.628500650667570913e-05 1.590985369398997015e-05
1.295253169999999955e+03 1.638069726085075771e-05 1.605927703563328455e-05
1.295932739999999967e+03 1.630184846244945703e-05 1.620867619447355427e-05
1.296612300000000005e+03 1.627229341465011989e-05 1.635807315487719066e-05
1.297291870000000017e+03 1.697090509543662596e-05 1.650747231371746038e-05
1.297971309999999903e+03 1.766938313359824866e-05 1.665684289288136454e-05
1.298650879999999916e+03 1.800020447236651218e-05 1.680624205172163426e-05
1.299330320000000029e+03 1.796469027410233196e-05 1.695561263088558925e-05
1.300009769999999889e+03 1.792917555314008988e-05 1.710498540848613013e-05
1.300689210000000003e+03 1.776544712418232091e-05 1.725435598765008173e-05
1.301368649999999889e+03 1.759335192233532749e-05 1.740372656681398589e-05
1.302047970000000078e+03 1.749979561057647082e-05 1.751339741656181393e-05
1.302727290000000039e+03 1.753647669938714404e-05 1.752230224019041767e-05
1.303406739999999900e+03 1.757316480777848731e-05 1.753120876791587312e-05
1.304085939999999937e+03 1.789200036001084668e-05 1.754011201853200464e-05
1.304765259999999898e+03 1.827553710684595161e-05 1.754901684216061177e-05
1.305444580000000087e+03 1.837377108619427346e-05 1.755792166578922230e-05
1.306123779999999897e+03 1.761848316096476530e-05 1.756682491640535043e-05
1.306802979999999934e+03 1.686319523573500304e-05 1.757572816702147856e-05
1.307482299999999896e+03 1.674957385401893196e-05 1.758463299065008570e-05
1.308161380000000008e+03 1.692784337753632862e-05 1.759353466825374160e-05
1.308840580000000045e+03 1.711680242815452854e-05 1.760243791886987311e-05
1.309519780000000083e+03 1.738091912514861333e-05 1.761134116948600463e-05
1.310198849999999993e+03 1.764498526977131696e-05 1.761975736465951105e-05
1.310877930000000106e+03 1.767547296442137028e-05 1.762518053615279792e-05
1.311557009999999991e+03 1.752292775552302629e-05 1.763060370764608478e-05
1.312236079999999902e+03 1.737038479297575364e-05 1.763602679927880144e-05
1.312915040000000090e+03 1.764347142037024977e-05 1.764144901244526627e-05
1.313594119999999975e+03 1.791768299110359236e-05 1.764687218393855313e-05
1.314273069999999962e+03 1.789969956709634548e-05 1.765229431724444777e-05
1.314952029999999922e+03 1.749990354123252492e-05 1.765771653041091260e-05
1.315630979999999909e+03 1.710011340372773555e-05 1.766313866371680723e-05
1.316309809999999970e+03 1.709581703059421311e-05 1.766855983869587983e-05
1.316988769999999931e+03 1.715081336195695225e-05 1.767398205186234127e-05
1.317667599999999993e+03 1.730408406898374096e-05 1.767940322684141387e-05
1.318346440000000030e+03 1.768077443649866714e-05 1.768482448168105328e-05
1.319025270000000091e+03 1.805745925498338419e-05 1.753563019290130544e-05
1.319704099999999926e+03 1.773683250522076709e-05 1.738512851459959735e-05
1.320382810000000063e+03 1.717264534616070045e-05 1.723465344119359479e-05
1.321061519999999973e+03 1.670813760300733392e-05 1.708417836778763967e-05
1.321740360000000010e+03 1.670891766434536068e-05 1.693367447241123948e-05
1.322419069999999920e+03 1.670969757629918302e-05 1.678319939900528774e-05
1.323097659999999905e+03 1.662742417921916636e-05 1.663275093049508896e-05
1.323776370000000043e+03 1.649250887353458236e-05 1.648227585708908640e-05
1.324454960000000028e+03 1.635726693328482868e-05 1.633182738857888423e-05
1.325133669999999938e+03 1.621494298372827737e-05 1.618135231517293249e-05
1.325812259999999924e+03 1.607264419789988292e-05 1.603090384666273370e-05
1.326490720000000010e+03 1.589012874156960222e-05 1.588048420012292916e-05
1.327169309999999996e+03 1.566438415099402599e-05 1.574419290968263017e-05
1.327847899999999981e+03 1.543863956041844975e-05 1.561062400239855496e-05
1.328526370000000043e+03 1.529414233855905009e-05 1.547707871507478664e-05
1.329204829999999902e+03 1.515695726036341469e-05 1.534353539608108202e-05
1.329883299999999963e+03 1.510144142791162724e-05 1.520999010875731370e-05
1.330561770000000024e+03 1.519656371189868976e-05 1.507644482143354369e-05
1.331240109999999959e+03 1.529166776973436818e-05 1.494292512240014766e-05
1.331918580000000020e+03 1.517130887435187582e-05 1.480937983507637765e-05
1.332596919999999955e+03 1.499240410981670345e-05 1.467586013604298161e-05
1.333275270000000091e+03 1.479895571351935218e-05 1.454233846867951680e-05
1.333953610000000026e+03 1.455419686353425976e-05 1.440881876964612077e-05
1.334631840000000011e+03 1.430947770378339713e-05 1.427532072224300690e-05
1.335310179999999946e+03 1.407491731773432478e-05 1.417462960923994065e-05
1.335988399999999956e+03 1.384577267259811668e-05 1.408932804852509355e-05
1.336666629999999941e+03 1.366191301018852326e-05 1.400402523008324759e-05
1.337344849999999951e+03 1.394208893624399926e-05 1.391872366936840049e-05
1.338022950000000037e+03 1.422221528972552252e-05 1.383343720137756508e-05
1.338701170000000047e+03 1.412996794692096601e-05 1.374813564066271798e-05
1.339379269999999906e+03 1.369744517251028091e-05 1.366284917267191136e-05
1.340057369999999992e+03 1.326492239809945181e-05 1.357756270468107595e-05
1.340735470000000078e+03 1.321619305469920387e-05 1.349227623669024224e-05
1.341413569999999936e+03 1.318502242861519369e-05 1.340698976869943393e-05
1.342091550000000097e+03 1.317025023659011709e-05 1.332171839343261190e-05
1.342769649999999956e+03 1.318116072098966644e-05 1.323643192544180529e-05
1.343447629999999890e+03 1.319206927461480405e-05 1.316618878991762227e-05
1.344125610000000052e+03 1.308273905716921752e-05 1.310991250097565878e-05
1.344803589999999986e+03 1.294755091045767090e-05 1.305363621203371563e-05
1.345481449999999995e+03 1.290844610374796905e-05 1.299736988379071497e-05
1.346159419999999955e+03 1.314843074374795508e-05 1.294109442490701618e-05
1.346837279999999964e+03 1.338837644646400709e-05 1.288482809666401383e-05
1.347515139999999974e+03 1.306254878249999594e-05 1.282856176842101317e-05
1.348192990000000009e+03 1.248134939836026183e-05 1.277229627023625518e-05
1.348870850000000019e+03 1.199854555280701196e-05 1.271602994199325452e-05
1.349548579999999902e+03 1.222444097294533894e-05 1.265977440450745766e-05
1.350226319999999987e+03 1.245033972620193725e-05 1.260351803696339950e-05
1.350904170000000022e+03 1.252961682892242896e-05 1.254725253877864151e-05
1.351581789999999955e+03 1.249106507579291027e-05 1.245886238391361892e-05
1.352259520000000066e+03 1.245250706444661760e-05 1.231089150206718161e-05
1.352937259999999924e+03 1.244700333630535436e-05 1.216291843688994746e-05
1.353614870000000110e+03 1.244194105959212793e-05 1.201497375501371932e-05
1.354292480000000069e+03 1.236360991822094459e-05 1.186702907313754201e-05
1.354970090000000027e+03 1.218369177047344941e-05 1.171908439126136470e-05
1.355647709999999961e+03 1.200377096753864391e-05 1.157113752605433973e-05
1.356325319999999920e+03 1.148974770125829550e-05 1.142319284417816241e-05
1.357002809999999954e+03 1.091742239953015571e-05 1.127527436227219428e-05
1.357680299999999988e+03 1.048353566175674618e-05 1.112735588036622614e-05
1.358357790000000023e+03 1.040058943730612417e-05 1.097943739846025801e-05
1.359035280000000057e+03 1.031764321285550217e-05 1.083151891655428987e-05
1.359712770000000091e+03 1.083262524787668424e-05 1.071275587292802387e-05
1.360390139999999974e+03 1.158585878745153040e-05 1.072879257204638716e-05
1.361067630000000008e+03 1.210376628763858010e-05 1.074483211215844137e-05
1.361744999999999891e+03 1.124797516666145019e-05 1.076086881127680466e-05
1.362422360000000026e+03 1.039219667971150654e-05 1.077690527364570006e-05
1.363099609999999984e+03 1.023590182867142690e-05 1.079293913177037752e-05
1.363776980000000094e+03 1.059054983642574884e-05 1.080897583088874590e-05
1.364454220000000078e+03 1.094214431309653035e-05 1.082500945226395039e-05
1.365131470000000036e+03 1.095849411270125436e-05 1.084104331038862785e-05
1.365808719999999994e+03 1.097484391230597836e-05 1.085707716851330532e-05
1.366485959999999977e+03 1.096978532949292831e-05 1.087311078988850812e-05
1.367163209999999935e+03 1.093747727813416308e-05 1.088914464801318558e-05
1.367840329999999994e+03 1.090517542839470424e-05 1.090517542839470424e-05
