9.306945799999999736e+02 0.000000000000000000e+00 -7.634979090505082273e-06
9.313851899999999659e+02 0.000000000000000000e+00 -1.932172477483813263e-06
9.320757399999999961e+02 0.000000000000000000e+00 3.770138677324329896e-06
9.327663000000000011e+02 0.000000000000000000e+00 6.491432796835069637e-06
9.334568500000000313e+02 0.000000000000000000e+00 8.387848009448041844e-06
9.341473999999999478e+02 0.000000000000000000e+00 9.641596492734564466e-06
9.348378900000000158e+02 0.000000000000000000e+00 9.036822819242980195e-06
9.355283799999999701e+02 0.000000000000000000e+00 8.432049145751497568e-06
9.362188700000000381e+02 0.000000000000000000e+00 4.190421681371851614e-06
9.369093000000000302e+02 0.000000000000000000e+00 -1.393154283474486605e-06
9.375997300000000223e+02 0.000000000000000000e+00 -4.864332592769606322e-06
9.382901600000000144e+02 0.000000000000000000e+00 -8.101113606863963280e-08
9.389805300000000443e+02 0.000000000000000000e+00 4.701894638684525508e-06
9.396708999999999605e+02 0.000000000000000000e+00 4.545111337187470254e-06
9.403612699999999904e+02 0.000000000000000000e+00 2.031067210325289642e-06
9.410515699999999697e+02 0.000000000000000000e+00 1.767441153940739305e-07
9.417418800000000374e+02 0.000000000000000000e+00 2.063465343467544805e-06
9.424321899999999914e+02 0.000000000000000000e+00 3.950186571540703891e-06
9.431224999999999454e+02 0.000000000000000000e+00 1.720541442116234589e-06
9.438127399999999625e+02 0.000000000000000000e+00 -3.002509628805492160e-06
9.445029899999999543e+02 0.000000000000000000e+00 -6.903697913011263016e-06
9.451931799999999839e+02 0.000000000000000000e+00 -3.012356708780171798e-06
9.458833600000000388e+02 0.000000000000000000e+00 8.789281147268519792e-07
9.465735499999999547e+02 0.000000000000000000e+00 2.932518839012382061e-06
9.472637300000000096e+02 0.000000000000000000e+00 3.586891580031636542e-06
9.479538599999999633e+02 0.000000000000000000e+00 4.264915329009416935e-06
9.486439800000000560e+02 0.000000000000000000e+00 5.510690851960256243e-06
9.493341100000000097e+02 0.000000000000000000e+00 6.756484426489164561e-06
9.500241700000000264e+02 0.000000000000000000e+00 7.347383104584178151e-06
9.507142300000000432e+02 0.000000000000000000e+00 7.314947049400955686e-06
9.514043000000000347e+02 0.000000000000000000e+00 7.282510524170852265e-06
9.520943600000000515e+02 0.000000000000000000e+00 1.011480687373157300e-05
9.527843599999999924e+02 0.000000000000000000e+00 1.299266318039467413e-05
9.534743700000000217e+02 0.000000000000000000e+00 1.375412736071693916e-05
9.541643100000000004e+02 0.000000000000000000e+00 1.199174951083615972e-05
9.548542499999999791e+02 0.000000000000000000e+00 1.022937166095538027e-05
9.555441899999999578e+02 0.000000000000000000e+00 1.461755591790475368e-05
9.562341300000000501e+02 0.000000000000000000e+00 1.948488656381818646e-05
9.569240099999999529e+02 0.000000000000000000e+00 2.224624542639457332e-05
9.576138899999999694e+02 0.000000000000000000e+00 2.183852774634760269e-05
9.583037699999999859e+02 0.000000000000000000e+00 2.143081006630062868e-05
9.589935900000000402e+02 0.000000000000000000e+00 2.581441822619449778e-05
9.596834099999999808e+02 0.000000000000000000e+00 3.091103911441420458e-05
9.603731699999999591e+02 0.000000000000000000e+00 3.392446529797434030e-05
9.610629900000000134e+02 0.000000000000000000e+00 3.292127442254454221e-05
9.617527499999999918e+02 0.000000000000000000e+00 3.191817080386665076e-05
9.624424999999999955e+02 0.000000000000000000e+00 3.555206389752768489e-05
9.631322000000000116e+02 0.000000000000000000e+00 4.025633027266750685e-05
9.638219000000000278e+02 0.000000000000000000e+00 4.447512184598396935e-05
9.645116000000000440e+02 0.000000000000000000e+00 4.746558923329570115e-05
9.652012300000000096e+02 0.000000000000000000e+00 5.045575310789573146e-05
9.658908699999999499e+02 0.000000000000000000e+00 5.284676992288899519e-05
9.665805100000000039e+02 0.000000000000000000e+00 5.504206364758070142e-05
9.672701399999999694e+02 0.000000000000000000e+00 5.754899139286869669e-05
9.679597199999999475e+02 0.000000000000000000e+00 6.113370020566321185e-05
9.686492899999999509e+02 0.000000000000000000e+00 6.471835703451381022e-05
9.693388700000000426e+02 0.000000000000000000e+00 6.670761299950250063e-05
9.700283799999999701e+02 0.000000000000000000e+00 6.799537073821356825e-05
9.707178999999999860e+02 0.000000000000000000e+00 6.940055087264302650e-05
9.714073499999999513e+02 0.000000000000000000e+00 7.140078868341341871e-05
9.720968599999999924e+02 0.000000000000000000e+00 7.340120056666014708e-05
9.727863200000000461e+02 0.000000000000000000e+00 7.492914826395242589e-05
9.734757100000000491e+02 0.000000000000000000e+00 7.618506657264629753e-05
9.741651600000000144e+02 0.000000000000000000e+00 7.751018882819305325e-05
9.748545500000000175e+02 0.000000000000000000e+00 7.942805275380200407e-05
9.755438799999999446e+02 0.000000000000000000e+00 8.134574976106909486e-05
9.762332800000000361e+02 0.000000000000000000e+00 8.511394739246135261e-05
9.769226099999999633e+02 0.000000000000000000e+00 9.025551524194735616e-05
9.776119400000000041e+02 0.000000000000000000e+00 9.538444668851460743e-05
9.783012099999999691e+02 0.000000000000000000e+00 1.002343514485744827e-04
9.789904800000000478e+02 0.000000000000000000e+00 1.050842562086351441e-04
9.796797500000000127e+02 0.000000000000000000e+00 1.087748918582530605e-04
9.803690199999999777e+02 0.000000000000000000e+00 1.113633401608599941e-04
9.810582299999999805e+02 0.000000000000000000e+00 1.139515631426230491e-04
9.817474399999999832e+02 0.000000000000000000e+00 1.195163175408248373e-04
9.824365800000000490e+02 0.000000000000000000e+00 1.251360733946209499e-04
9.831257299999999759e+02 0.000000000000000000e+00 1.299709739515426293e-04
9.838148800000000165e+02 0.000000000000000000e+00 1.338485629914369407e-04
9.845040299999999434e+02 0.000000000000000000e+00 1.377261520313306288e-04
9.851931200000000217e+02 0.000000000000000000e+00 1.430999808291188720e-04
9.858822000000000116e+02 0.000000000000000000e+00 1.486050844465539478e-04
9.865712899999999763e+02 0.000000000000000000e+00 1.527585923079108246e-04
9.872603100000000040e+02 0.000000000000000000e+00 1.547786578596075291e-04
9.879493400000000065e+02 0.000000000000000000e+00 1.567987527292564608e-04
9.886383700000000090e+02 0.000000000000000000e+00 1.604501447301147983e-04
9.893273299999999608e+02 0.000000000000000000e+00 1.643748496790253626e-04
9.900163000000000011e+02 0.000000000000000000e+00 1.668252949611244028e-04
9.907052599999999529e+02 0.000000000000000000e+00 1.662068112229759609e-04
9.913941700000000310e+02 0.000000000000000000e+00 1.655883723701427916e-04
9.920830700000000206e+02 0.000000000000000000e+00 1.654812818701141737e-04
9.927719700000000103e+02 0.000000000000000000e+00 1.655081386045580626e-04
9.934608799999999746e+02 0.000000000000000000e+00 1.648280645858771752e-04
9.941497200000000021e+02 0.000000000000000000e+00 1.621412334168870607e-04
9.948385600000000295e+02 0.000000000000000000e+00 1.594544022478969463e-04
9.955273399999999810e+02 0.000000000000000000e+00 1.566144902828079928e-04
9.962161300000000210e+02 0.000000000000000000e+00 1.537172917065419433e-04
9.969049099999999726e+02 0.000000000000000000e+00 1.504860266009914516e-04
9.975936900000000378e+02 0.000000000000000000e+00 1.458812938373864917e-04
9.982824100000000271e+02 0.000000000000000000e+00 1.412769621945547660e-04
9.989711300000000165e+02 0.000000000000000000e+00 1.364651019182191462e-04
9.996597900000000436e+02 0.000000000000000000e+00 1.315482556399191945e-04
1.000348449999999957e+03 0.000000000000000000e+00 1.268126202835963420e-04
1.001037109999999984e+03 0.000000000000000000e+00 1.232866564096345586e-04
1.001725770000000011e+03 0.000000000000000000e+00 1.197606925356727888e-04
1.002414369999999963e+03 0.000000000000000000e+00 1.151989137688794412e-04
1.003102970000000028e+03 0.000000000000000000e+00 1.099386545393608660e-04
1.003791560000000004e+03 0.000000000000000000e+00 1.047776150975634763e-04
1.004480099999999993e+03 0.000000000000000000e+00 1.010627943765926925e-04
1.005168639999999982e+03 0.000000000000000000e+00 9.734797365562192228e-05
1.005857179999999971e+03 0.000000000000000000e+00 9.392433495292644245e-05
1.006545650000000023e+03 0.000000000000000000e+00 9.075840250144985458e-05
1.007234130000000050e+03 0.000000000000000000e+00 8.759242406492753936e-05
1.007922609999999963e+03 0.000000000000000000e+00 8.580229060144177109e-05
1.008611020000000053e+03 0.000000000000000000e+00 8.401600940140702438e-05
1.009299440000000004e+03 0.000000000000000000e+00 8.205840603422832696e-05
1.009987849999999980e+03 0.000000000000000000e+00 7.990271272689423521e-05
1.010676270000000045e+03 0.000000000000000000e+00 7.774698810546933742e-05
1.011364619999999945e+03 0.000000000000000000e+00 7.565540741793408592e-05
1.012052919999999972e+03 0.000000000000000000e+00 7.356879336951998021e-05
1.012741269999999986e+03 0.000000000000000000e+00 7.118216660525605042e-05
1.013429570000000012e+03 0.000000000000000000e+00 6.833802776180690020e-05
1.014117859999999951e+03 0.000000000000000000e+00 6.549393023956750950e-05
1.014806090000000040e+03 0.000000000000000000e+00 6.281585702456072163e-05
1.015494320000000016e+03 0.000000000000000000e+00 6.016436100090707348e-05
1.016182559999999967e+03 0.000000000000000000e+00 5.771036177223918135e-05
1.016870790000000056e+03 0.000000000000000000e+00 5.566216000871276491e-05
1.017558959999999956e+03 0.000000000000000000e+00 5.361413680773985185e-05
1.018247129999999970e+03 0.000000000000000000e+00 5.325193980081766840e-05
1.018935240000000022e+03 0.000000000000000000e+00 5.333005061542751835e-05
1.019623349999999959e+03 0.000000000000000000e+00 5.350408908516765663e-05
1.020311460000000011e+03 0.000000000000000000e+00 5.395384949367833266e-05
1.020999569999999949e+03 0.000000000000000000e+00 5.440360990218892737e-05
1.021687620000000038e+03 0.000000000000000000e+00 5.386252143668515815e-05
1.022375670000000014e+03 0.000000000000000000e+00 5.294259764759766634e-05
1.023063719999999989e+03 0.000000000000000000e+00 5.231693117523880291e-05
1.023751710000000003e+03 0.000000000000000000e+00 5.295871413353673294e-05
1.024439699999999903e+03 0.000000000000000000e+00 5.360049709183455454e-05
1.025127690000000030e+03 0.000000000000000000e+00 5.468463260974977481e-05
1.025815550000000030e+03 0.000000000000000000e+00 5.600326590948576783e-05
1.026503539999999930e+03 0.000000000000000000e+00 5.724853499235321177e-05
1.027191409999999905e+03 0.000000000000000000e+00 5.794152509072978086e-05
1.027879269999999906e+03 0.000000000000000000e+00 5.863450511467228546e-05
1.028567140000000109e+03 0.000000000000000000e+00 5.810466581697533645e-05
1.029255000000000109e+03 0.000000000000000000e+00 5.669750607032359612e-05
1.029942870000000084e+03 0.000000000000000000e+00 5.540884485341217346e-05
1.030630619999999908e+03 0.000000000000000000e+00 5.654093834501322627e-05
1.031318479999999909e+03 0.000000000000000000e+00 5.767321290572990613e-05
1.032006229999999960e+03 0.000000000000000000e+00 5.895678198451112349e-05
1.032693970000000036e+03 0.000000000000000000e+00 6.038538354581027035e-05
1.033381710000000112e+03 0.000000000000000000e+00 6.181398510710942398e-05
1.034069340000000011e+03 0.000000000000000000e+00 6.378116196906439964e-05
1.034757080000000087e+03 0.000000000000000000e+00 6.576259250881826587e-05
1.035444700000000012e+03 0.000000000000000000e+00 6.727917265137327762e-05
1.036132319999999936e+03 0.000000000000000000e+00 6.820091917625560791e-05
1.036820069999999987e+03 0.000000000000000000e+00 6.912283996460953813e-05
1.037507569999999987e+03 0.000000000000000000e+00 6.899145245164562507e-05
1.038195189999999911e+03 0.000000000000000000e+00 6.874583735968597779e-05
1.038882810000000063e+03 0.000000000000000000e+00 6.846980759310083032e-05
1.039570310000000063e+03 0.000000000000000000e+00 6.814104102196259782e-05
1.040257810000000063e+03 0.000000000000000000e+00 6.781227445082437888e-05
1.040945310000000063e+03 0.000000000000000000e+00 6.767823845971522882e-05
1.041632810000000063e+03 0.000000000000000000e+00 6.758441778359289959e-05
1.042320310000000063e+03 0.000000000000000000e+00 6.740355262531823278e-05
1.043007689999999911e+03 0.000000000000000000e+00 6.701178172469276237e-05
1.043695189999999911e+03 0.000000000000000000e+00 6.661994243029945636e-05
1.044382569999999987e+03 0.000000000000000000e+00 6.642043752267279971e-05
1.045069950000000063e+03 0.000000000000000000e+00 6.628328789346785643e-05
1.045757319999999936e+03 0.000000000000000000e+00 6.588167218798066658e-05
1.046444700000000012e+03 0.000000000000000000e+00 6.452978668504693064e-05
1.047131959999999935e+03 0.000000000000000000e+00 6.317813718877697798e-05
1.047819340000000011e+03 0.000000000000000000e+00 6.203170320095618073e-05
1.048506589999999960e+03 0.000000000000000000e+00 6.098199770487562290e-05
1.049193850000000111e+03 0.000000000000000000e+00 5.995716583967475858e-05
1.049881100000000060e+03 0.000000000000000000e+00 5.908195597127977662e-05
1.050568359999999984e+03 0.000000000000000000e+00 5.820673336792857089e-05
1.051255490000000009e+03 0.000000000000000000e+00 5.695249848179217961e-05
1.051942749999999933e+03 0.000000000000000000e+00 5.545031542732355574e-05
1.052629879999999957e+03 0.000000000000000000e+00 5.397852789380436391e-05
1.053317019999999957e+03 0.000000000000000000e+00 5.292623261801489195e-05
1.054004149999999981e+03 0.000000000000000000e+00 5.187395265635751676e-05
1.054691280000000006e+03 0.000000000000000000e+00 5.150028854740498231e-05
1.055378300000000081e+03 0.000000000000000000e+00 5.173155741840242095e-05
1.056065430000000106e+03 0.000000000000000000e+00 5.196286331827208336e-05
1.056752439999999979e+03 0.000000000000000000e+00 5.058651667166745190e-05
1.057439450000000079e+03 0.000000000000000000e+00 4.919517865267957667e-05
1.058126459999999952e+03 0.000000000000000000e+00 4.790662233115128467e-05
1.058813480000000027e+03 0.000000000000000000e+00 4.674256126415172606e-05
1.059500489999999900e+03 0.000000000000000000e+00 4.557851714077958355e-05
1.060187380000000076e+03 0.000000000000000000e+00 4.570433860627879340e-05
1.060874270000000024e+03 0.000000000000000000e+00 4.595207324692309711e-05
1.061561159999999973e+03 0.000000000000000000e+00 4.571608980179145811e-05
1.062248049999999921e+03 0.000000000000000000e+00 4.467262248434985476e-05
1.062934940000000097e+03 0.000000000000000000e+00 4.362915516690789905e-05
1.063621830000000045e+03 0.000000000000000000e+00 4.328481315220983339e-05
1.064308590000000095e+03 0.000000000000000000e+00 4.307768475958786666e-05
1.064995480000000043e+03 0.000000000000000000e+00 4.295421018548140811e-05
1.065682250000000067e+03 0.000000000000000000e+00 4.302903475287815112e-05
1.066369020000000091e+03 0.000000000000000000e+00 4.310385932027488735e-05
1.067055659999999989e+03 0.000000000000000000e+00 4.283268614596166183e-05
1.067742430000000013e+03 0.000000000000000000e+00 4.245068703872566305e-05
1.068429080000000113e+03 0.000000000000000000e+00 4.226039055763395485e-05
1.069115839999999935e+03 0.000000000000000000e+00 4.275776978137834034e-05
1.069802490000000034e+03 0.000000000000000000e+00 4.325506933869708844e-05
1.070489139999999907e+03 0.000000000000000000e+00 4.252036221176037445e-05
1.071175780000000032e+03 0.000000000000000000e+00 4.120163810298918360e-05
1.071862300000000005e+03 0.000000000000000000e+00 4.010640120275850716e-05
1.072548950000000104e+03 0.000000000000000000e+00 4.039777228163965244e-05
1.073235470000000078e+03 0.000000000000000000e+00 4.068908819669601602e-05
1.073922000000000025e+03 0.000000000000000000e+00 4.042392468282417548e-05
1.074608519999999999e+03 0.000000000000000000e+00 3.978574068891682283e-05
1.075295039999999972e+03 0.000000000000000000e+00 3.917164977461432403e-05
1.075981569999999920e+03 0.000000000000000000e+00 3.894410511045958703e-05
1.076667969999999968e+03 0.000000000000000000e+00 3.871660353372464476e-05
1.077354370000000017e+03 0.000000000000000000e+00 3.821271467600420081e-05
1.078040770000000066e+03 0.000000000000000000e+00 3.745188327794052579e-05
1.078727169999999887e+03 0.000000000000000000e+00 3.669105187987710826e-05
1.079413569999999936e+03 0.000000000000000000e+00 3.643003247541058009e-05
1.080099979999999960e+03 0.000000000000000000e+00 3.618046811863018578e-05
1.080786250000000109e+03 0.000000000000000000e+00 3.602675632341569034e-05
1.081472659999999905e+03 0.000000000000000000e+00 3.599644645674047934e-05
1.082158940000000030e+03 0.000000000000000000e+00 3.596614233048667832e-05
1.082845209999999952e+03 0.000000000000000000e+00 3.575912774283340208e-05
1.083531369999999924e+03 0.000000000000000000e+00 3.553170571197393447e-05
1.084217650000000049e+03 0.000000000000000000e+00 3.495142959343761676e-05
1.084903929999999946e+03 0.000000000000000000e+00 3.373021266141781031e-05
1.085590089999999918e+03 0.000000000000000000e+00 3.250920926619312257e-05
1.086276249999999891e+03 0.000000000000000000e+00 3.277976742729608086e-05
1.086962399999999889e+03 0.000000000000000000e+00 3.339132956412880072e-05
1.087648560000000089e+03 0.000000000000000000e+00 3.398719894683354715e-05
1.088334589999999935e+03 0.000000000000000000e+00 3.454112968021555424e-05
1.089020749999999907e+03 0.000000000000000000e+00 3.509516538130365152e-05
1.089706789999999955e+03 0.000000000000000000e+00 3.434805224081359401e-05
1.090392820000000029e+03 0.000000000000000000e+00 3.312295259326236062e-05
1.091078860000000077e+03 0.000000000000000000e+00 3.200944423157640818e-05
1.091764889999999923e+03 0.000000000000000000e+00 3.137328940495800534e-05
1.092450810000000047e+03 0.000000000000000000e+00 3.073723658121229680e-05
1.093136839999999893e+03 0.000000000000000000e+00 3.126306624769845046e-05
1.093822750000000042e+03 0.000000000000000000e+00 3.242124461151183222e-05
1.094508669999999938e+03 0.000000000000000000e+00 3.340593508900632427e-05
1.095194580000000087e+03 0.000000000000000000e+00 3.292290387049677400e-05
1.095880490000000009e+03 0.000000000000000000e+00 3.243987265198737958e-05
1.096566409999999905e+03 0.000000000000000000e+00 3.251956116696122512e-05
1.097252199999999903e+03 0.000000000000000000e+00 3.303515004289710438e-05
1.097937989999999900e+03 0.000000000000000000e+00 3.354983993187336160e-05
1.098623779999999897e+03 0.000000000000000000e+00 3.402226732356661726e-05
1.099309569999999894e+03 0.000000000000000000e+00 3.449469471525987293e-05
1.099995359999999891e+03 0.000000000000000000e+00 3.518618440779780699e-05
1.100681149999999889e+03 0.000000000000000000e+00 3.611628943570654662e-05
1.101366819999999962e+03 0.000000000000000000e+00 3.704623171320586421e-05
1.102052490000000034e+03 0.000000000000000000e+00 3.770987123501809722e-05
1.102738160000000107e+03 0.000000000000000000e+00 3.835521963385263728e-05
1.103423829999999953e+03 0.000000000000000000e+00 3.893163899173059870e-05
1.104109500000000025e+03 0.000000000000000000e+00 3.940155815469886937e-05
1.104795170000000098e+03 0.000000000000000000e+00 3.987147731766714005e-05
1.105480710000000045e+03 0.000000000000000000e+00 4.113165173319948190e-05
1.106166259999999966e+03 0.000000000000000000e+00 4.253143127118268928e-05
1.106851809999999887e+03 0.000000000000000000e+00 4.389250949721656465e-05
1.107537350000000060e+03 0.000000000000000000e+00 4.516605438090037778e-05
1.108222899999999981e+03 0.000000000000000000e+00 4.643961784183499222e-05
1.108908449999999903e+03 0.000000000000000000e+00 4.792800459167887686e-05
1.109593869999999924e+03 0.000000000000000000e+00 4.948269300725001988e-05
1.110279299999999921e+03 0.000000000000000000e+00 5.112272026392743548e-05
1.110964719999999943e+03 0.000000000000000000e+00 5.306592200379194605e-05
1.111650149999999940e+03 0.000000000000000000e+00 5.500915209418219358e-05
1.112335569999999962e+03 0.000000000000000000e+00 5.652856274203245498e-05
1.113020999999999958e+03 0.000000000000000000e+00 5.784475419234504095e-05
1.113706300000000056e+03 0.000000000000000000e+00 5.926615633573137978e-05
1.114391599999999926e+03 0.000000000000000000e+00 6.138107822509973827e-05
1.115076900000000023e+03 0.000000000000000000e+00 6.349600011446880827e-05
1.115762210000000096e+03 0.000000000000000000e+00 6.509818894794041602e-05
1.116447509999999966e+03 0.000000000000000000e+00 6.634132890497288534e-05
1.117132689999999911e+03 0.000000000000000000e+00 6.761315780575647685e-05
1.117817990000000009e+03 0.000000000000000000e+00 6.951867929256057711e-05
1.118503169999999955e+03 0.000000000000000000e+00 7.142386711151306868e-05
1.119188349999999900e+03 0.000000000000000000e+00 7.348921128312810584e-05
1.119873540000000048e+03 0.000000000000000000e+00 7.571526261942604569e-05
1.120558590000000095e+03 0.000000000000000000e+00 7.794085912248459520e-05
1.121243770000000040e+03 0.000000000000000000e+00 7.992940485002772888e-05
1.121928830000000062e+03 0.000000000000000000e+00 8.190630094015112007e-05
1.122613890000000083e+03 0.000000000000000000e+00 8.377175669138573323e-05
1.123298950000000104e+03 0.000000000000000000e+00 8.547673624516163111e-05
1.123984009999999898e+03 0.000000000000000000e+00 8.718171579893697334e-05
1.124669069999999920e+03 0.000000000000000000e+00 8.784972174022461096e-05
1.125354000000000042e+03 0.000000000000000000e+00 8.835570081822604629e-05
1.126039060000000063e+03 0.000000000000000000e+00 8.930109180148288308e-05
1.126723999999999933e+03 0.000000000000000000e+00 9.118112620200871611e-05
1.127408940000000030e+03 0.000000000000000000e+00 9.306116060253517256e-05
1.128093869999999924e+03 0.000000000000000000e+00 9.430209715462983344e-05
1.128778690000000097e+03 0.000000000000000000e+00 9.535685326448089443e-05
1.129463619999999992e+03 0.000000000000000000e+00 9.609364466923412274e-05
1.130148439999999937e+03 0.000000000000000000e+00 9.576054576617707488e-05
1.130833249999999907e+03 0.000000000000000000e+00 9.542745172715586400e-05
1.131518070000000080e+03 0.000000000000000000e+00 9.470509762945612342e-05
1.132202880000000050e+03 0.000000000000000000e+00 9.380244420767457102e-05
1.132887699999999995e+03 0.000000000000000000e+00 9.322009126634646858e-05
1.133572390000000041e+03 0.000000000000000000e+00 9.464472517356800174e-05
1.134257080000000087e+03 0.000000000000000000e+00 9.606935908078953490e-05
1.134941769999999906e+03 0.000000000000000000e+00 9.602304092702346053e-05
1.135626459999999952e+03 0.000000000000000000e+00 9.496180815233456378e-05
1.136311159999999973e+03 0.000000000000000000e+00 9.391981401985018986e-05
1.136995850000000019e+03 0.000000000000000000e+00 9.328040359861245845e-05
1.137680419999999913e+03 0.000000000000000000e+00 9.264110524159450152e-05
1.138364990000000034e+03 0.000000000000000000e+00 9.166928137895593513e-05
1.139049559999999929e+03 0.000000000000000000e+00 9.036398178589146520e-05
1.139734130000000050e+03 0.000000000000000000e+00 8.905868219282656159e-05
1.140418699999999944e+03 0.000000000000000000e+00 8.853270120526622697e-05
1.141103149999999914e+03 0.000000000000000000e+00 8.804545907448750521e-05
1.141787720000000036e+03 0.000000000000000000e+00 8.744508659284904839e-05
1.142472170000000006e+03 0.000000000000000000e+00 8.667947647599287195e-05
1.143156619999999975e+03 0.000000000000000000e+00 8.591386635913669551e-05
1.143841059999999970e+03 0.000000000000000000e+00 8.689116608146642891e-05
1.144525509999999940e+03 0.000000000000000000e+00 8.815431491409758951e-05
1.145209839999999986e+03 0.000000000000000000e+00 8.886955706828210692e-05
1.145894289999999955e+03 0.000000000000000000e+00 8.837792726020344614e-05
1.146578610000000026e+03 0.000000000000000000e+00 8.788639082910630672e-05
1.147262940000000071e+03 0.000000000000000000e+00 8.748111453492697805e-05
1.147947269999999889e+03 0.000000000000000000e+00 8.710230210849911328e-05
1.148631470000000036e+03 0.000000000000000000e+00 8.726712137431210693e-05
1.149315800000000081e+03 0.000000000000000000e+00 8.938601984431546871e-05
1.150000000000000000e+03 0.000000000000000000e+00 9.150451579389541157e-05
1.150684199999999919e+03 0.000000000000000000e+00 9.209907831028067791e-05
1.151368410000000040e+03 0.000000000000000000e+00 9.194403670763603488e-05
1.152052609999999959e+03 0.000000000000000000e+00 9.186808679405642072e-05
1.152736820000000080e+03 0.000000000000000000e+00 9.235833226700385394e-05
1.153420900000000074e+03 0.000000000000000000e+00 9.284848459323967050e-05
1.154104980000000069e+03 0.000000000000000000e+00 9.341397555328727646e-05
1.154789060000000063e+03 0.000000000000000000e+00 9.403524494573389260e-05
1.155473140000000058e+03 0.000000000000000000e+00 9.462070023648043861e-05
1.156157230000000027e+03 0.000000000000000000e+00 9.389463253082080431e-05
1.156841310000000021e+03 0.000000000000000000e+00 9.316857543878954084e-05
1.157525270000000091e+03 0.000000000000000000e+00 9.252601073982726900e-05
1.158209229999999934e+03 0.000000000000000000e+00 9.197430414617464639e-05
1.158893190000000004e+03 0.000000000000000000e+00 9.142259755252182048e-05
1.159577150000000074e+03 0.000000000000000000e+00 9.060776747476128234e-05
1.160261109999999917e+03 0.000000000000000000e+00 8.977314448422134946e-05
1.160945069999999987e+03 0.000000000000000000e+00 8.897428747875762870e-05
1.161628909999999905e+03 0.000000000000000000e+00 8.823352486327368639e-05
1.162312740000000076e+03 0.000000000000000000e+00 8.749277308018615245e-05
1.162996579999999994e+03 0.000000000000000000e+00 8.691413279366593057e-05
1.163680419999999913e+03 0.000000000000000000e+00 8.636801555474183138e-05
1.164364260000000058e+03 0.000000000000000000e+00 8.538132930773024228e-05
1.165047970000000078e+03 0.000000000000000000e+00 8.328435535255528078e-05
1.165731809999999996e+03 0.000000000000000000e+00 8.118698268065252651e-05
1.166415529999999990e+03 0.000000000000000000e+00 7.956264472218484097e-05
1.167099240000000009e+03 0.000000000000000000e+00 7.810886062802380766e-05
1.167782840000000078e+03 0.000000000000000000e+00 7.664206609467045638e-05
1.168466550000000097e+03 0.000000000000000000e+00 7.511688731482727614e-05
1.169150270000000091e+03 0.000000000000000000e+00 7.359168622759095348e-05
1.169833859999999959e+03 0.000000000000000000e+00 7.229984870193470567e-05
1.170517460000000028e+03 0.000000000000000000e+00 7.114124446859566484e-05
1.171201049999999896e+03 0.000000000000000000e+00 7.000232491929203160e-05
1.171884639999999990e+03 0.000000000000000000e+00 6.907082701769183823e-05
1.172568119999999908e+03 0.000000000000000000e+00 6.813947900823362405e-05
1.173251710000000003e+03 0.000000000000000000e+00 6.709113458628882161e-05
1.173935179999999946e+03 0.000000000000000000e+00 6.594216206338494217e-05
1.174618649999999889e+03 0.000000000000000000e+00 6.479318954048106274e-05
1.175302120000000059e+03 0.000000000000000000e+00 6.374552734714954367e-05
1.175985599999999977e+03 0.000000000000000000e+00 6.269920712191317104e-05
1.176668949999999995e+03 0.000000000000000000e+00 6.162722607985065269e-05
1.177352419999999938e+03 0.000000000000000000e+00 6.052170375677179686e-05
1.178035769999999957e+03 0.000000000000000000e+00 5.941637553537799682e-05
1.178719119999999975e+03 0.000000000000000000e+00 5.859709344653534879e-05
1.179402469999999994e+03 0.000000000000000000e+00 5.781440821336051331e-05
1.180085690000000113e+03 0.000000000000000000e+00 5.719970191172261861e-05
1.180769039999999904e+03 0.000000000000000000e+00 5.691623389706311693e-05
1.181452269999999999e+03 0.000000000000000000e+00 5.663281566093829626e-05
1.182135500000000093e+03 0.000000000000000000e+00 5.572063176859398421e-05
1.182818729999999960e+03 0.000000000000000000e+00 5.463666729857141058e-05
1.183501950000000079e+03 0.000000000000000000e+00 5.382033575845169117e-05
1.184185179999999946e+03 0.000000000000000000e+00 5.387718417000368263e-05
1.184868289999999888e+03 0.000000000000000000e+00 5.393402259691011745e-05
1.185551390000000083e+03 0.000000000000000000e+00 5.282157042168685588e-05
1.186234500000000025e+03 0.000000000000000000e+00 5.116816018243596843e-05
1.186917599999999993e+03 0.000000000000000000e+00 4.972823130270016042e-05
1.187600709999999935e+03 0.000000000000000000e+00 4.968472355456231488e-05
1.188283809999999903e+03 0.000000000000000000e+00 4.964121644333138516e-05
1.188966799999999921e+03 0.000000000000000000e+00 4.921635441736364606e-05
1.189649779999999964e+03 0.000000000000000000e+00 4.851673793363379608e-05
1.190332760000000007e+03 0.000000000000000000e+00 4.780983639946377643e-05
1.191015750000000025e+03 0.000000000000000000e+00 4.686609233764168478e-05
1.191698730000000069e+03 0.000000000000000000e+00 4.592236209365087849e-05
1.192381589999999960e+03 0.000000000000000000e+00 4.506702651585419670e-05
1.193064579999999978e+03 0.000000000000000000e+00 4.430782373108562843e-05
1.193747440000000097e+03 0.000000000000000000e+00 4.354876545262306318e-05
1.194430299999999988e+03 0.000000000000000000e+00 4.378308343108544261e-05
1.195113160000000107e+03 0.000000000000000000e+00 4.409616814021420763e-05
1.195795900000000074e+03 0.000000000000000000e+00 4.396091860653281961e-05
1.196478759999999966e+03 0.000000000000000000e+00 4.307646092223265148e-05
1.197161499999999933e+03 0.000000000000000000e+00 4.219215866499226926e-05
1.197844239999999900e+03 0.000000000000000000e+00 4.141191816242452899e-05
1.198526980000000094e+03 0.000000000000000000e+00 4.065416868723468650e-05
1.199209720000000061e+03 0.000000000000000000e+00 3.999278586035270974e-05
1.199892329999999902e+03 0.000000000000000000e+00 3.959204640217033760e-05
1.200575070000000096e+03 0.000000000000000000e+00 3.919123062496288442e-05
1.201257689999999911e+03 0.000000000000000000e+00 3.863169174016134358e-05
1.201940309999999954e+03 0.000000000000000000e+00 3.800961590217872622e-05
1.202622920000000022e+03 0.000000000000000000e+00 3.748225812422605231e-05
1.203305540000000065e+03 0.000000000000000000e+00 3.743524987450444599e-05
1.203988039999999955e+03 0.000000000000000000e+00 3.738824988851664635e-05
1.204670650000000023e+03 0.000000000000000000e+00 3.705723840103710570e-05
1.205353149999999914e+03 0.000000000000000000e+00 3.654607774511612299e-05
1.206035640000000058e+03 0.000000000000000000e+00 3.602849721838328215e-05
1.206718139999999948e+03 0.000000000000000000e+00 3.540809740334434585e-05
1.207400509999999940e+03 0.000000000000000000e+00 3.478781575969866003e-05
1.208083010000000058e+03 0.000000000000000000e+00 3.452000823506482614e-05
1.208765380000000050e+03 0.000000000000000000e+00 3.459716806430249316e-05
1.209447750000000042e+03 0.000000000000000000e+00 3.467432789354016017e-05
1.210130130000000008e+03 0.000000000000000000e+00 3.419949043591063520e-05
1.210812500000000000e+03 0.000000000000000000e+00 3.369707796823549821e-05
1.211494750000000067e+03 0.000000000000000000e+00 3.324936022296866815e-05
1.212177120000000059e+03 0.000000000000000000e+00 3.288395374148177664e-05
1.212859380000000101e+03 0.000000000000000000e+00 3.251860616456709761e-05
1.213541629999999941e+03 0.000000000000000000e+00 3.241004763018492160e-05
1.214223880000000008e+03 0.000000000000000000e+00 3.234856989290772224e-05
1.214906009999999924e+03 0.000000000000000000e+00 3.203166194913194763e-05
1.215588259999999991e+03 0.000000000000000000e+00 3.109272382295025987e-05
1.216270389999999907e+03 0.000000000000000000e+00 3.015395084528493165e-05
1.216952510000000075e+03 0.000000000000000000e+00 2.981756062535429564e-05
1.217634639999999990e+03 0.000000000000000000e+00 2.969619281354806127e-05
1.218316769999999906e+03 0.000000000000000000e+00 2.958233588824862390e-05
1.218998900000000049e+03 0.000000000000000000e+00 2.950207652882833509e-05
1.219680910000000040e+03 0.000000000000000000e+00 2.942183128859814342e-05
1.220363039999999955e+03 0.000000000000000000e+00 2.929950105771737289e-05
1.221045039999999972e+03 0.000000000000000000e+00 2.915231138955593323e-05
1.221727049999999963e+03 0.000000000000000000e+00 2.897635863278874433e-05
1.222408940000000030e+03 0.000000000000000000e+00 2.844017992144754124e-05
1.223090940000000046e+03 0.000000000000000000e+00 2.790391471571835498e-05
1.223772830000000113e+03 0.000000000000000000e+00 2.778676675948143986e-05
1.224454709999999977e+03 0.000000000000000000e+00 2.805800211158901173e-05
1.225136600000000044e+03 0.000000000000000000e+00 2.832924144145450903e-05
1.225818479999999909e+03 0.000000000000000000e+00 2.764852015552871290e-05
1.226500369999999975e+03 0.000000000000000000e+00 2.693226045328649031e-05
1.227182129999999916e+03 0.000000000000000000e+00 2.645666879685684263e-05
1.227864010000000007e+03 0.000000000000000000e+00 2.632868328439045587e-05
1.228545779999999922e+03 0.000000000000000000e+00 2.620071841838150643e-05
1.229227540000000090e+03 0.000000000000000000e+00 2.559201250209397976e-05
1.229909180000000106e+03 0.000000000000000000e+00 2.490105573653342478e-05
1.230590940000000046e+03 0.000000000000000000e+00 2.469602474845111360e-05
1.231272580000000062e+03 0.000000000000000000e+00 2.563516894657245156e-05
1.231954349999999977e+03 0.000000000000000000e+00 2.657449225499491761e-05
1.232635989999999993e+03 0.000000000000000000e+00 2.632132881205042705e-05
1.233317630000000008e+03 0.000000000000000000e+00 2.565541238227463038e-05
1.233999150000000100e+03 0.000000000000000000e+00 2.511151501288215080e-05
1.234680789999999888e+03 0.000000000000000000e+00 2.509821140235129184e-05
1.235362300000000005e+03 0.000000000000000000e+00 2.508491032903855932e-05
1.236043820000000096e+03 0.000000000000000000e+00 2.512788106845213596e-05
1.236725339999999960e+03 0.000000000000000000e+00 2.520378186012647964e-05
1.237406860000000052e+03 0.000000000000000000e+00 2.527605015403336161e-05
1.238088379999999916e+03 0.000000000000000000e+00 2.530343319977326877e-05
1.238769780000000083e+03 0.000000000000000000e+00 2.533081142398852328e-05
1.239451170000000047e+03 0.000000000000000000e+00 2.502913524807019336e-05
1.240132569999999987e+03 0.000000000000000000e+00 2.442160208339779899e-05
1.240813959999999952e+03 0.000000000000000000e+00 2.381407783468024564e-05
1.241495359999999891e+03 0.000000000000000000e+00 2.417220525436089299e-05
1.242176760000000058e+03 0.000000000000000000e+00 2.456846279995434076e-05
1.242858030000000099e+03 0.000000000000000000e+00 2.486743326593581808e-05
1.243539309999999887e+03 0.000000000000000000e+00 2.502387463266309605e-05
1.244220579999999927e+03 0.000000000000000000e+00 2.518031370310451833e-05
1.244901859999999942e+03 0.000000000000000000e+00 2.576555394571116502e-05
1.245583129999999983e+03 0.000000000000000000e+00 2.642729121405835031e-05
1.246264280000000099e+03 0.000000000000000000e+00 2.702323086293730996e-05
1.246945429999999988e+03 0.000000000000000000e+00 2.745958841122975012e-05
1.247626590000000078e+03 0.000000000000000000e+00 2.789595236571109022e-05
1.248307739999999967e+03 0.000000000000000000e+00 2.794827350553987896e-05
1.248988890000000083e+03 0.000000000000000000e+00 2.786145903096950524e-05
1.249670039999999972e+03 0.000000000000000000e+00 2.788953370874598387e-05
1.250351069999999936e+03 0.000000000000000000e+00 2.845216443107605628e-05
1.251032099999999900e+03 0.000000000000000000e+00 2.901479515340612530e-05
1.251713130000000092e+03 0.000000000000000000e+00 2.940820173201540060e-05
1.252394170000000031e+03 0.000000000000000000e+00 2.969757714129812854e-05
1.253075199999999995e+03 0.000000000000000000e+00 2.999414658891775312e-05
1.253756100000000060e+03 0.000000000000000000e+00 3.039949461355160131e-05
1.254437130000000025e+03 0.000000000000000000e+00 3.080492002876139860e-05
1.255118040000000065e+03 0.000000000000000000e+00 3.087045495014973143e-05
1.255798950000000104e+03 0.000000000000000000e+00 3.060148423743505591e-05
1.256479739999999993e+03 0.000000000000000000e+00 3.033256092670531909e-05
1.257160640000000058e+03 0.000000000000000000e+00 3.071181135903816714e-05
1.257841429999999946e+03 0.000000000000000000e+00 3.112809526276306841e-05
1.258522220000000061e+03 0.000000000000000000e+00 3.141815243452052820e-05
1.259202999999999975e+03 0.000000000000000000e+00 3.150882818925920082e-05
1.259883790000000090e+03 0.000000000000000000e+00 3.159950527593707105e-05
1.260564579999999978e+03 0.000000000000000000e+00 3.171450095211656892e-05
1.261245239999999967e+03 0.000000000000000000e+00 3.183448565685387141e-05
1.261926030000000083e+03 0.000000000000000000e+00 3.190093905845515127e-05
1.262606690000000071e+03 0.000000000000000000e+00 3.182316940764510132e-05
1.263287350000000060e+03 0.000000000000000000e+00 3.174539975683504460e-05
1.263968020000000024e+03 0.000000000000000000e+00 3.193531689493705426e-05
1.264648560000000089e+03 0.000000000000000000e+00 3.223346735028621851e-05
1.265329220000000078e+03 0.000000000000000000e+00 3.256560333742336750e-05
1.266009769999999889e+03 0.000000000000000000e+00 3.308528635164639369e-05
1.266690309999999954e+03 0.000000000000000000e+00 3.360496172964870325e-05
1.267370850000000019e+03 0.000000000000000000e+00 3.377932969961915794e-05
1.268051269999999931e+03 0.000000000000000000e+00 3.371759606011382620e-05
1.268731809999999996e+03 0.000000000000000000e+00 3.367471180851034425e-05
1.269412229999999909e+03 0.000000000000000000e+00 3.415490575124488563e-05
1.270092650000000049e+03 0.000000000000000000e+00 3.463509969397959642e-05
1.270773069999999962e+03 0.000000000000000000e+00 3.488347089091169026e-05
1.271453490000000102e+03 0.000000000000000000e+00 3.487604774573845029e-05
1.272133910000000014e+03 0.000000000000000000e+00 3.486862460056521033e-05
1.272814210000000003e+03 0.000000000000000000e+00 3.503758502350411098e-05
1.273494509999999991e+03 0.000000000000000000e+00 3.522275327967891104e-05
1.274174800000000005e+03 0.000000000000000000e+00 3.536967283655201695e-05
1.274855099999999993e+03 0.000000000000000000e+00 3.544740680319123194e-05
1.275535399999999981e+03 0.000000000000000000e+00 3.552514076983045370e-05
1.276215580000000045e+03 0.000000000000000000e+00 3.520462652941884425e-05
1.276895870000000059e+03 0.000000000000000000e+00 3.478194908611356446e-05
1.277576049999999896e+03 0.000000000000000000e+00 3.468744191860618245e-05
1.278256229999999960e+03 0.000000000000000000e+00 3.565615174736977525e-05
1.278936279999999897e+03 0.000000000000000000e+00 3.662467643061621185e-05
1.279616459999999961e+03 0.000000000000000000e+00 3.649330004903430201e-05
1.280296509999999898e+03 0.000000000000000000e+00 3.583364163224370884e-05
1.280976560000000063e+03 0.000000000000000000e+00 3.531331593922803889e-05
1.281656739999999900e+03 0.000000000000000000e+00 3.586286399940475945e-05
1.282336669999999913e+03 0.000000000000000000e+00 3.641221007332056525e-05
1.283016720000000078e+03 0.000000000000000000e+00 3.672088433971864928e-05
1.283696779999999990e+03 0.000000000000000000e+00 3.683610168393681490e-05
1.284376710000000003e+03 0.000000000000000000e+00 3.695129700325314680e-05
1.285056640000000016e+03 0.000000000000000000e+00 3.698615124776638769e-05
1.285736570000000029e+03 0.000000000000000000e+00 3.702051218833611753e-05
1.286416500000000042e+03 0.000000000000000000e+00 3.717030889075467455e-05
1.287096309999999903e+03 0.000000000000000000e+00 3.747130445426376873e-05
1.287776249999999891e+03 0.000000000000000000e+00 3.777235757712516689e-05
1.288456050000000005e+03 0.000000000000000000e+00 3.791853308083776485e-05
1.289135860000000093e+03 0.000000000000000000e+00 3.804190696704259000e-05
1.289815669999999955e+03 0.000000000000000000e+00 3.808217748198294633e-05
1.290495359999999891e+03 0.000000000000000000e+00 3.793774621606817778e-05
1.291175169999999980e+03 0.000000000000000000e+00 3.779328945065815303e-05
1.291854859999999917e+03 0.000000000000000000e+00 3.761845185321205772e-05
1.292534550000000081e+03 0.000000000000000000e+00 3.743341071826115793e-05
1.293214230000000043e+03 0.000000000000000000e+00 3.722697135124992159e-05
1.293893919999999980e+03 0.000000000000000000e+00 3.692756924038439001e-05
1.294573489999999993e+03 0.000000000000000000e+00 3.662821998928328236e-05
1.295253169999999955e+03 0.000000000000000000e+00 3.639640424661817622e-05
1.295932739999999967e+03 0.000000000000000000e+00 3.620513735940709559e-05
1.296612300000000005e+03 0.000000000000000000e+00 3.603527934664457408e-05
1.297291870000000017e+03 0.000000000000000000e+00 3.618163654234007604e-05
1.297971309999999903e+03 0.000000000000000000e+00 3.632796574027895840e-05
1.298650879999999916e+03 0.000000000000000000e+00 3.626000466567312988e-05
1.299330320000000029e+03 0.000000000000000000e+00 3.597862294096464044e-05
1.300009769999999889e+03 0.000000000000000000e+00 3.569723707487917848e-05
1.300689210000000003e+03 0.000000000000000000e+00 3.558182274213347217e-05
1.301368649999999889e+03 0.000000000000000000e+00 3.547723880994527461e-05
1.302047970000000078e+03 0.000000000000000000e+00 3.542564884876182256e-05
1.302727290000000039e+03 0.000000000000000000e+00 3.546193971322344606e-05
1.303406739999999900e+03 0.000000000000000000e+00 3.549823752258935664e-05
1.304085939999999937e+03 0.000000000000000000e+00 3.506286724161230173e-05
1.304765259999999898e+03 0.000000000000000000e+00 3.451936094624984401e-05
1.305444580000000087e+03 0.000000000000000000e+00 3.402530266190822468e-05
1.306123779999999897e+03 0.000000000000000000e+00 3.367925907219821775e-05
1.306802979999999934e+03 0.000000000000000000e+00 3.333321548248809562e-05
1.307482299999999896e+03 0.000000000000000000e+00 3.332638493833513975e-05
1.308161380000000008e+03 0.000000000000000000e+00 3.347383762955958854e-05
1.308840580000000045e+03 0.000000000000000000e+00 3.354742483738073816e-05
1.309519780000000083e+03 0.000000000000000000e+00 3.309994795192694591e-05
1.310198849999999993e+03 0.000000000000000000e+00 3.265255671428700699e-05
1.310877930000000106e+03 0.000000000000000000e+00 3.233853703809277589e-05
1.311557009999999991e+03 0.000000000000000000e+00 3.212903121410706764e-05
1.312236079999999902e+03 0.000000000000000000e+00 3.191952847526337132e-05
1.312915040000000090e+03 0.000000000000000000e+00 3.161246304516108092e-05
1.313594119999999975e+03 0.000000000000000000e+00 3.130509644809441046e-05
1.314273069999999962e+03 0.000000000000000000e+00 3.099658649350398954e-05
1.314952029999999922e+03 0.000000000000000000e+00 3.068650079539497787e-05
1.315630979999999909e+03 0.000000000000000000e+00 3.037641966435468107e-05
1.316309809999999970e+03 0.000000000000000000e+00 2.983341248694592010e-05
1.316988769999999931e+03 0.000000000000000000e+00 2.925536594028225424e-05
1.317667599999999993e+03 0.000000000000000000e+00 2.889331443350376283e-05
1.318346440000000030e+03 0.000000000000000000e+00 2.902199747830699574e-05
1.319025270000000091e+03 0.000000000000000000e+00 2.915067862747879716e-05
1.319704099999999926e+03 0.000000000000000000e+00 2.878750670156385262e-05
1.320382810000000063e+03 0.000000000000000000e+00 2.825256213886142659e-05
1.321061519999999973e+03 0.000000000000000000e+00 2.786339472323883654e-05
1.321740360000000010e+03 0.000000000000000000e+00 2.815474763299233125e-05
1.322419069999999920e+03 0.000000000000000000e+00 2.844604474774508222e-05
1.323097659999999905e+03 0.000000000000000000e+00 2.816425893765462293e-05
1.323776370000000043e+03 0.000000000000000000e+00 2.751931698504681147e-05
1.324454960000000028e+03 0.000000000000000000e+00 2.688004153625855007e-05
1.325133669999999938e+03 0.000000000000000000e+00 2.635246810132701222e-05
1.325812259999999924e+03 0.000000000000000000e+00 2.582498794454395139e-05
1.326490720000000010e+03 0.000000000000000000e+00 2.556252986264611647e-05
1.327169309999999996e+03 0.000000000000000000e+00 2.558436353634599948e-05
1.327847899999999981e+03 0.000000000000000000e+00 2.560619721004588249e-05
1.328526370000000043e+03 0.000000000000000000e+00 2.501232140920277741e-05
1.329204829999999902e+03 0.000000000000000000e+00 2.436303066978820535e-05
1.329883299999999963e+03 0.000000000000000000e+00 2.388210695083040359e-05
1.330561770000000024e+03 0.000000000000000000e+00 2.371174449959127990e-05
1.331240109999999959e+03 0.000000000000000000e+00 2.354141469109049495e-05
1.331918580000000020e+03 0.000000000000000000e+00 2.355864040738218104e-05
1.332596919999999955e+03 0.000000000000000000e+00 2.362685028492827227e-05
1.333275270000000091e+03 0.000000000000000000e+00 2.353525081232412359e-05
1.333953610000000026e+03 0.000000000000000000e+00 2.287970242749144269e-05
1.334631840000000011e+03 0.000000000000000000e+00 2.222426034675744049e-05
1.335310179999999946e+03 0.000000000000000000e+00 2.185455362681409868e-05
1.335988399999999956e+03 0.000000000000000000e+00 2.163554122789139412e-05
1.336666629999999941e+03 0.000000000000000000e+00 2.143128766427588228e-05
1.337344849999999951e+03 0.000000000000000000e+00 2.137829193973687846e-05
1.338022950000000037e+03 0.000000000000000000e+00 2.132530559192952489e-05
1.338701170000000047e+03 0.000000000000000000e+00 2.121793611045869087e-05
1.339379269999999906e+03 0.000000000000000000e+00 2.106090306713661586e-05
1.340057369999999992e+03 0.000000000000000000e+00 2.090387002381448664e-05
1.340735470000000078e+03 0.000000000000000000e+00 2.078820464965209139e-05
1.341413569999999936e+03 0.000000000000000000e+00 2.067443186444545565e-05
1.342091550000000097e+03 0.000000000000000000e+00 2.040402452695304255e-05
1.342769649999999956e+03 0.000000000000000000e+00 1.988811447891723462e-05
1.343447629999999890e+03 0.000000000000000000e+00 1.937229572892850796e-05
1.344125610000000052e+03 0.000000000000000000e+00 1.917775497524059827e-05
1.344803589999999986e+03 0.000000000000000000e+00 1.905230660855149885e-05
1.345481449999999995e+03 0.000000000000000000e+00 1.907590719739061383e-05
1.346159419999999955e+03 0.000000000000000000e+00 1.953250135011785934e-05
1.346837279999999964e+03 0.000000000000000000e+00 1.998902142086983312e-05
1.347515139999999974e+03 0.000000000000000000e+00 1.970102489917224895e-05
1.348192990000000009e+03 0.000000000000000000e+00 1.907697569448602219e-05
1.348870850000000019e+03 0.000000000000000000e+00 1.849015127207562974e-05
1.349548579999999902e+03 0.000000000000000000e+00 1.817156083470812783e-05
1.350226319999999987e+03 0.000000000000000000e+00 1.785296569649450892e-05
1.350904170000000022e+03 0.000000000000000000e+00 1.777082968069179240e-05
1.351581789999999955e+03 0.000000000000000000e+00 1.787869670712489124e-05
1.352259520000000066e+03 0.000000000000000000e+00 1.798658124392209332e-05
1.352937259999999924e+03 0.000000000000000000e+00 1.731767834742601833e-05
1.353614870000000110e+03 0.000000000000000000e+00 1.663855445605153199e-05
1.354292480000000069e+03 0.000000000000000000e+00 1.630943598007229822e-05
1.354970090000000027e+03 0.000000000000000000e+00 1.646559870138559968e-05
1.355647709999999961e+03 0.000000000000000000e+00 1.662176372730953216e-05
1.356325319999999920e+03 0.000000000000000000e+00 1.669306230157656414e-05
1.357002809999999954e+03 0.000000000000000000e+00 1.674951615786947546e-05
1.357680299999999988e+03 0.000000000000000000e+00 1.680288886185192946e-05
1.358357790000000023e+03 0.000000000000000000e+00 1.684845087246564981e-05
1.359035280000000057e+03 0.000000000000000000e+00 1.689401288307937015e-05
1.359712770000000091e+03 0.000000000000000000e+00 1.643852129603283734e-05
1.360390139999999974e+03 0.000000000000000000e+00 1.578338328719331959e-05
1.361067630000000008e+03 0.000000000000000000e+00 1.529749931253240734e-05
1.361744999999999891e+03 0.000000000000000000e+00 1.579976070746438898e-05
1.362422360000000026e+03 0.000000000000000000e+00 1.630201468752145674e-05
1.363099609999999984e+03 0.000000000000000000e+00 1.630954801068899498e-05
1.363776980000000094e+03 0.000000000000000000e+00 1.595567859351152079e-05
1.364454220000000078e+03 0.000000000000000000e+00 1.560659431611405884e-05
1.365131470000000036e+03 0.000000000000000000e+00 1.578722067365195548e-05
1.365808719999999994e+03 0.000000000000000000e+00 1.596784703118985213e-05
1.366485959999999977e+03 0.000000000000000000e+00 1.597994423296774153e-05
1.367163209999999935e+03 0.000000000000000000e+00 1.577753234493693251e-05
1.367840329999999994e+03 0.000000000000000000e+00 1.557515931042465019e-05
