9.306945799999999736e+02 -3.762122454666556990e-07 -3.762122454666556990e-07
9.313851899999999659e+02 9.227053871138914450e-07 2.818975186718212168e-07
9.320757399999999961e+02 2.221510170100738131e-06 9.399501064215643374e-07
9.327663000000000011e+02 1.895618900229617566e-06 1.598012223569411722e-06
9.334568500000000313e+02 1.120190513356561572e-06 2.256064811319155055e-06
9.341473999999999478e+02 3.902237545907470570e-07 2.914117399068789967e-06
9.348378900000000158e+02 -2.082172102778876194e-07 3.572112810429799080e-06
9.355283799999999701e+02 -8.066581751464236695e-07 4.230108221790699774e-06
9.362188700000000381e+02 -1.391593394168627861e-07 4.888103633151709311e-06
9.369093000000000302e+02 9.955239814801070609e-07 5.546041868123876633e-06
9.375997300000000223e+02 2.421978498749719017e-06 6.203980103096043954e-06
9.382901600000000144e+02 4.988571221462425439e-06 6.861918338068211276e-06
9.389805300000000443e+02 7.554940901197182817e-06 7.479673748930601004e-06
9.396708999999999605e+02 7.038669468810872944e-06 7.406970710626000791e-06
9.403612699999999904e+02 5.051335987762254712e-06 7.334267672321388720e-06
9.410515699999999697e+02 3.543933503781254220e-06 7.261572005734384395e-06
9.417418800000000374e+02 4.757956307415778001e-06 7.188875286044856570e-06
9.424321899999999914e+02 5.971979111050101035e-06 7.116178566355340604e-06
9.431224999999999454e+02 6.079597548017867515e-06 7.043481846665823791e-06
9.438127399999999625e+02 5.516962160328272520e-06 6.970792498693903712e-06
9.445029899999999543e+02 5.032348296676264269e-06 6.898102097619471145e-06
9.451931799999999839e+02 5.287524697319722645e-06 6.825418015160123672e-06
9.458833600000000388e+02 5.542697400772551844e-06 6.752734985803286993e-06
9.465735499999999547e+02 6.034626667159635283e-06 6.680050903343950531e-06
9.472637300000000096e+02 6.706802777795495344e-06 6.606435046420464870e-06
9.479538599999999633e+02 7.297075701804499857e-06 6.524948615549577685e-06
9.486439800000000560e+02 5.926287455686794043e-06 6.443463365418981670e-06
9.493341100000000097e+02 4.555479346527483927e-06 6.361976934548094484e-06
9.500241700000000264e+02 4.002710332712616038e-06 6.280498768859355610e-06
9.507142300000000432e+02 4.228576034049443580e-06 6.199020603170615889e-06
9.514043000000000347e+02 4.454445008517603064e-06 6.117541256741572292e-06
9.520943600000000515e+02 4.959853774084661756e-06 6.036063091052833418e-06
9.527843599999999924e+02 5.469688405652657192e-06 5.954592009805949990e-06
9.534743700000000217e+02 5.794626206636159810e-06 5.873119747818749134e-06
9.541643100000000004e+02 5.899039975121017751e-06 5.791655751013710142e-06
9.548542499999999791e+02 6.003453743605874845e-06 5.710191754208670303e-06
9.555441899999999578e+02 5.548327048632656278e-06 5.654734378919895805e-06
9.562341300000000501e+02 5.049610550339259831e-06 5.743328651630598654e-06
9.569240099999999529e+02 5.229897093851104677e-06 5.831915219821518046e-06
9.576138899999999694e+02 6.432090835211724042e-06 5.920501788012451838e-06
9.583037699999999859e+02 7.634284576572344255e-06 6.009088356203385630e-06
9.589935900000000402e+02 7.319476009371721761e-06 6.097667219874564764e-06
9.596834099999999808e+02 6.778931300379841812e-06 6.186246083545729500e-06
9.603731699999999591e+02 6.874897377879338929e-06 6.274817242697139578e-06
9.610629900000000134e+02 8.198381753150736629e-06 6.363396106368319559e-06
9.617527499999999918e+02 9.521751012793977138e-06 6.451967265519729637e-06
9.624424999999999955e+02 8.680368066867211738e-06 6.540537140584517045e-06
9.631322000000000116e+02 7.339229090192622316e-06 6.629100595216173313e-06
9.638219000000000278e+02 6.728988876958454371e-06 6.815196164436219051e-06
9.645116000000000440e+02 7.968032344942983358e-06 7.401347696303907783e-06
9.652012300000000096e+02 9.206950058189477881e-06 7.987439737657951906e-06
9.658908699999999499e+02 1.051833135775187206e-05 8.573540277656774571e-06
9.665805100000000039e+02 1.185337672211057330e-05 9.159640817655693797e-06
9.672701399999999694e+02 1.285903208085690040e-05 9.745732859009737073e-06
9.679597199999999475e+02 1.272541589440734875e-05 1.033178240713979193e-05
9.686492899999999509e+02 1.259180164560369755e-05 1.091782345662506570e-05
9.693388700000000426e+02 1.219073841149561816e-05 1.150387300475521542e-05
9.700283799999999701e+02 1.167215702623198241e-05 1.208986306237162651e-05
9.707178999999999860e+02 1.144613323965173887e-05 1.267586161863291016e-05
9.714073499999999513e+02 1.270334653268881547e-05 1.326180068438055175e-05
9.720968599999999924e+02 1.396066923583202978e-05 1.383893871176569332e-05
9.727863200000000461e+02 1.473830747229566785e-05 1.438723939391467461e-05
9.734757100000000491e+02 1.523980537466587249e-05 1.493548440779025745e-05
9.741651600000000144e+02 1.573664436360250758e-05 1.548377713732868887e-05
9.748545500000000175e+02 1.619309044521765950e-05 1.603202215120427341e-05
9.755438799999999446e+02 1.664949680074897940e-05 1.658021944941691451e-05
9.762332800000000361e+02 1.620645383750604534e-05 1.712847241590304722e-05
9.769226099999999633e+02 1.509562859541049547e-05 1.767666971411569171e-05
9.776119400000000041e+02 1.411660257888196576e-05 1.822486701232842090e-05
9.783012099999999691e+02 1.604328789826048394e-05 1.877301659487821682e-05
9.789904800000000478e+02 1.796997321763931722e-05 1.932116617742810083e-05
9.796797500000000127e+02 1.948079296532565844e-05 1.986931575997789336e-05
9.803690199999999777e+02 2.059622412976763294e-05 2.030698495288322939e-05
9.810582299999999805e+02 2.171155819746983020e-05 2.044624114784187566e-05
9.817474399999999832e+02 2.087987018367717799e-05 2.058549734280052532e-05
9.824365800000000490e+02 2.001191913898191401e-05 2.072473939412568226e-05
9.831257299999999759e+02 1.922956879257797374e-05 2.086398346596988587e-05
9.838148800000000165e+02 1.855163269553685042e-05 2.100322753781410981e-05
9.845040299999999434e+02 1.787369659849583891e-05 2.114247160965831003e-05
9.851931200000000217e+02 1.901088713269002086e-05 2.128170355838811164e-05
9.858822000000000116e+02 2.030736747657792881e-05 2.142093348659881915e-05
9.865712899999999763e+02 2.126035393043161341e-05 2.156016543532859704e-05
9.872603100000000040e+02 2.167116116034255438e-05 2.169938324042488561e-05
9.879493400000000065e+02 2.208197435244949308e-05 2.183860306604023778e-05
9.886383700000000090e+02 2.180173984459040748e-05 2.191768632066984864e-05
9.893273299999999608e+02 2.140559623346458050e-05 2.185727782880013143e-05
9.900163000000000011e+02 2.126872741995728086e-05 2.179686846012345250e-05
9.907052599999999529e+02 2.167157123407696713e-05 2.173645996825373529e-05
9.913941700000000310e+02 2.207438581255067193e-05 2.167605586041877589e-05
9.920830700000000206e+02 2.139717314341807892e-05 2.161565262939077483e-05
9.927719700000000103e+02 2.043704488704898735e-05 2.155524939836277716e-05
9.934608799999999746e+02 1.982935681026634365e-05 2.149484529052782454e-05
9.941497200000000021e+02 2.022227230308603518e-05 2.143444732034154301e-05
9.948385600000000295e+02 2.061518779590572331e-05 2.137404935015526147e-05
9.955273399999999810e+02 2.091118596073495323e-05 2.131365664081070964e-05
9.962161300000000210e+02 2.117101377362619549e-05 2.125326305465919269e-05
9.969049099999999726e+02 2.096787478686976418e-05 2.098908514685000819e-05
9.975936900000000378e+02 1.886156790400647938e-05 2.030779737713142214e-05
9.982824100000000271e+02 1.675544450268030762e-05 1.962656895476065939e-05
9.989711300000000165e+02 1.594938273709835120e-05 1.894534053238990004e-05
9.996597900000000436e+02 1.580370132737515283e-05 1.826417145736684879e-05
1.000348449999999957e+03 1.555540402535233760e-05 1.758300238234391274e-05
1.001037109999999984e+03 1.462209548229493906e-05 1.690183330732086150e-05
1.001725770000000011e+03 1.368878693923754051e-05 1.622066423229781364e-05
1.002414369999999963e+03 1.381455477775560380e-05 1.553955450462258909e-05
1.003102970000000028e+03 1.465422242362322137e-05 1.485844477694725104e-05
1.003791560000000004e+03 1.535266059466569799e-05 1.417734494049662701e-05
1.004480099999999993e+03 1.399162543943168914e-05 1.349629456016911396e-05
1.005168639999999982e+03 1.263059028419768028e-05 1.292612631327430807e-05
1.005857179999999971e+03 1.166303302282689274e-05 1.256086800112438992e-05
1.006545650000000023e+03 1.104334545907945132e-05 1.219564682273841578e-05
1.007234130000000050e+03 1.042364889439424486e-05 1.183042033952903098e-05
1.007922609999999963e+03 1.184705259009738910e-05 1.146519385631970717e-05
1.008611020000000053e+03 1.327576181328028943e-05 1.110000450687426809e-05
1.009299440000000004e+03 1.313848564463296283e-05 1.073480985260547595e-05
1.009987849999999980e+03 1.118999464164717632e-05 1.036962050316009785e-05
1.010676270000000045e+03 9.241475334438322656e-06 1.000442584889124642e-05
1.011364619999999945e+03 8.642237661500545815e-06 9.639268328386460972e-06
1.012052919999999972e+03 8.144654394660494774e-06 9.274137331998738945e-06
1.012741269999999986e+03 8.189388876894528399e-06 8.908979811493892512e-06
1.013429570000000012e+03 9.061928211273061781e-06 8.669932121814986876e-06
1.014117859999999951e+03 9.934454868921358076e-06 8.645582144818713557e-06
1.014806090000000040e+03 9.954684943786519931e-06 8.621234290472218556e-06
1.015494320000000016e+03 9.838287424891009641e-06 8.596886436125726944e-06
1.016182559999999967e+03 9.970971339998732546e-06 8.572538228004273126e-06
1.016870790000000056e+03 1.061530065609170707e-05 8.548190373657776431e-06
1.017558959999999956e+03 1.125957379945305599e-05 8.523844641961071607e-06
1.018247129999999970e+03 1.057370536191167802e-05 8.499498910264363395e-06
1.018935240000000022e+03 9.540512314117829013e-06 8.475155301217436889e-06
1.019623349999999959e+03 8.730313844265853899e-06 8.450811692170515465e-06
1.020311460000000011e+03 8.561061901063154610e-06 8.426468083123588959e-06
1.020999569999999949e+03 8.391809957860482425e-06 8.402124474076667535e-06
1.021687620000000038e+03 8.419766459514790025e-06 8.450671702073081460e-06
1.022375670000000014e+03 8.523119818323075597e-06 8.615810673987821491e-06
1.023063719999999989e+03 8.684895434327146796e-06 8.780949645902559828e-06
1.023751710000000003e+03 9.098287284539947743e-06 8.946074217209337159e-06
1.024439699999999903e+03 9.511679134752679232e-06 9.111198788516085690e-06
1.025127690000000030e+03 9.173938970573316864e-06 9.276323359822890126e-06
1.025815550000000030e+03 8.437728333430046131e-06 9.441416729812390941e-06
1.026503539999999930e+03 7.907077285360469845e-06 9.606541301119141167e-06
1.027191409999999905e+03 8.919150473996944543e-06 9.771637071209964299e-06
1.027879269999999906e+03 9.931208949487239663e-06 9.936730441199466808e-06
1.028567140000000109e+03 1.035790377833840185e-05 1.010182621129034584e-05
1.029255000000000109e+03 1.036460829506852577e-05 1.026691958127984666e-05
1.029942870000000084e+03 1.036785250089394623e-05 1.041529142882805504e-05
1.030630619999999908e+03 1.030042373493651563e-05 1.053805556164663427e-05
1.031318479999999909e+03 1.023298418429821946e-05 1.066083932958645205e-05
1.032006229999999960e+03 1.033616688422012774e-05 1.078360346240507195e-05
1.032693970000000036e+03 1.060272351006562143e-05 1.090636581021267785e-05
1.033381710000000112e+03 1.086928013591111681e-05 1.102912815802028376e-05
1.034069340000000011e+03 1.050091262053594840e-05 1.115187087070664942e-05
1.034757080000000087e+03 1.011606163410813388e-05 1.127463321851425532e-05
1.035444700000000012e+03 1.024747092782732993e-05 1.139737414618960870e-05
1.036132319999999936e+03 1.103990485212735583e-05 1.152011507386496207e-05
1.036820069999999987e+03 1.183248859232898073e-05 1.164287920668358196e-05
1.037507569999999987e+03 1.187977280640429813e-05 1.176559871422672176e-05
1.038195189999999911e+03 1.184626191905827842e-05 1.180896383791338097e-05
1.038882810000000063e+03 1.206639362296897790e-05 1.173407915480118094e-05
1.039570310000000063e+03 1.272668619689766853e-05 1.165920754018900348e-05
1.040257810000000063e+03 1.338697877082635748e-05 1.158433592557682433e-05
1.040945310000000063e+03 1.286157121967876532e-05 1.150946431096464687e-05
1.041632810000000063e+03 1.209129558462401408e-05 1.143459269635246941e-05
1.042320310000000063e+03 1.113392036822328086e-05 1.135972108174029026e-05
1.043007689999999911e+03 9.723308644542634033e-06 1.128486253562813368e-05
1.043695189999999911e+03 8.312450662013816374e-06 1.120999092101595622e-05
1.044382569999999987e+03 9.085653311129185904e-06 1.113513237490377424e-05
1.045069950000000063e+03 1.056710577142050261e-05 1.106027382879159225e-05
1.045757319999999936e+03 1.147586426471243059e-05 1.098541637172110041e-05
1.046444700000000012e+03 1.032695865507632447e-05 1.088048891157188484e-05
1.047131959999999935e+03 9.178253616701139306e-06 1.073121668767118121e-05
1.047819340000000011e+03 9.092267771094958583e-06 1.058191839988360592e-05
1.048506589999999960e+03 9.505609011856406917e-06 1.043264834797346787e-05
1.049193850000000111e+03 9.859269318287155678e-06 1.028337612407271342e-05
1.049881100000000060e+03 9.854146523019648317e-06 1.013410607216257367e-05
1.050568359999999984e+03 9.849023653211649176e-06 9.984833848261870040e-06
1.051255490000000009e+03 9.385361112075406610e-06 9.835589860238551124e-06
1.051942749999999933e+03 8.622053510683561647e-06 9.686317636337847493e-06
1.052629879999999957e+03 7.947016984272736229e-06 9.537073648314530272e-06
1.053317019999999957e+03 8.499757632693787711e-06 9.387827488300647471e-06
1.054004149999999981e+03 9.052490237038712150e-06 9.238583500277328556e-06
1.054691280000000006e+03 9.108630212939888330e-06 9.151274766224600207e-06
1.055378300000000081e+03 8.722131469416061325e-06 9.156109816758185461e-06
1.056065430000000106e+03 8.335570842887710195e-06 9.160945641440351785e-06
1.056752439999999979e+03 8.270335117248995977e-06 9.165780621596791766e-06
1.057439450000000079e+03 8.208095194542290354e-06 9.170615601753233441e-06
1.058126459999999952e+03 8.499801947994687617e-06 9.175450581909673422e-06
1.058813480000000027e+03 9.220298628719625795e-06 9.180285632443258676e-06
1.059500489999999900e+03 9.940784822170606804e-06 9.185120612599698657e-06
1.060187380000000076e+03 1.003682484736121912e-05 9.189954748230415684e-06
1.060874270000000024e+03 1.007384719429375431e-05 9.194788883861131017e-06
1.061561159999999973e+03 9.939248772410370474e-06 9.199623019491846350e-06
1.062248049999999921e+03 9.518159092400904116e-06 9.204457155122561682e-06
1.062934940000000097e+03 9.097069412391297149e-06 9.230232905013297130e-06
1.063621830000000045e+03 9.328936841977588542e-06 9.287984288775477743e-06
1.064308590000000095e+03 9.688851957674324411e-06 9.345724742578155375e-06
1.064995480000000043e+03 9.885422474878942625e-06 9.403476126340337682e-06
1.065682250000000067e+03 9.694816734773557761e-06 9.461217420909130016e-06
1.066369020000000091e+03 9.504210994668171202e-06 9.518958715477922349e-06
1.067055659999999989e+03 9.371205843788499025e-06 9.576689080087191373e-06
1.067742430000000013e+03 9.256606111617699052e-06 9.634430374655983707e-06
1.068429080000000113e+03 9.181589386221514931e-06 9.692161580031387761e-06
1.069115839999999935e+03 9.248536708499065261e-06 9.749902033834046758e-06
1.069802490000000034e+03 9.315473307663108902e-06 9.807633239209449119e-06
1.070489139999999907e+03 9.640199130979986268e-06 9.865364444584832844e-06
1.071175780000000032e+03 1.008712414246260796e-05 9.847620055302212005e-06
1.071862300000000005e+03 1.032873951886714012e-05 9.709545338883805073e-06
1.072548950000000104e+03 9.295553422942633544e-06 9.571444476521867521e-06
1.073235470000000078e+03 8.262562934958999586e-06 9.433369760103460589e-06
1.073922000000000025e+03 7.862377911380459582e-06 9.295293032458634350e-06
1.074608519999999999e+03 7.886393471916146737e-06 9.157218316040225724e-06
1.075295039999999972e+03 7.894402521723625649e-06 9.019143599621818792e-06
1.075981569999999920e+03 7.645599359533665501e-06 8.881066871976992552e-06
1.076667969999999968e+03 7.396843310231795479e-06 8.743016290275649498e-06
1.077354370000000017e+03 7.433653455162324450e-06 8.604965708574308138e-06
1.078040770000000066e+03 7.735939287398693981e-06 8.466915126872965084e-06
1.078727169999999887e+03 8.038225119634964409e-06 8.328864545171669464e-06
1.079413569999999936e+03 8.385554036690279699e-06 8.196850195154626811e-06
1.080099979999999960e+03 8.733920686139254975e-06 8.075084553758495309e-06
1.080786250000000109e+03 8.395609050033146236e-06 7.953343747649992040e-06
1.081472659999999905e+03 7.172586247956752862e-06 7.831578106253901195e-06
1.082158940000000030e+03 5.949795075611669817e-06 7.709835526196283560e-06
1.082845209999999952e+03 6.670233843796143364e-06 7.588094720087820102e-06
1.083531369999999924e+03 7.615333702142940438e-06 7.466373427419643473e-06
1.084217650000000049e+03 7.744761041780563279e-06 7.344630847362026685e-06
1.084903929999999946e+03 6.392095042633908213e-06 7.222888267304449708e-06
1.085590089999999918e+03 5.039665564906783735e-06 7.101166974636273079e-06
1.086276249999999891e+03 5.499416638368465076e-06 6.979445681968096450e-06
1.086962399999999889e+03 6.373470374472377088e-06 6.857726163249033340e-06
1.087648560000000089e+03 6.808833212430585515e-06 6.766315647309131901e-06
1.088334589999999935e+03 6.075504457441906481e-06 6.730773929655350003e-06
1.089020749999999907e+03 5.342036739524139990e-06 6.695225476985169998e-06
1.089706789999999955e+03 4.859873400978250963e-06 6.659683241253193857e-06
1.090392820000000029e+03 4.469997437354848675e-06 6.624141523599400100e-06
1.091078860000000077e+03 4.235712505993976114e-06 6.588599287867423959e-06
1.091764889999999923e+03 4.666897224592470154e-06 6.553057570213642061e-06
1.092450810000000047e+03 5.098012805807866049e-06 6.517521551419868937e-06
1.093136839999999893e+03 5.903250631487373483e-06 6.481979833766087039e-06
1.093822750000000042e+03 6.911935864102014448e-06 6.446444333050497147e-06
1.094508669999999938e+03 7.730707641107214495e-06 6.410908314256735881e-06
1.095194580000000087e+03 6.942831801795627677e-06 6.375372813541145989e-06
1.095880490000000009e+03 6.154955962484301744e-06 6.410308620734852528e-06
1.096566409999999905e+03 5.950185669604613612e-06 6.589368652998895118e-06
1.097252199999999903e+03 6.197164932829429052e-06 6.768394748646165303e-06
1.097937989999999900e+03 6.441015506445335153e-06 6.947420844293436334e-06
1.098623779999999897e+03 6.537782482595660765e-06 7.126446939940706518e-06
1.099309569999999894e+03 6.634549458745986377e-06 7.305473035587977549e-06
1.099995359999999891e+03 6.825990749023492204e-06 7.484499131235247733e-06
1.100681149999999889e+03 7.120556781118057638e-06 7.663525226882518765e-06
1.101366819999999962e+03 7.415071269848285096e-06 7.842519996421995192e-06
1.102052490000000034e+03 7.725447908674181802e-06 8.021514765961471619e-06
1.102738160000000107e+03 8.036914046320100949e-06 8.200509535500948046e-06
1.103423829999999953e+03 8.322568510319352663e-06 8.379504305040365181e-06
1.104109500000000025e+03 8.568342131118656004e-06 8.676048108775821243e-06
1.104795170000000098e+03 8.814115751917961039e-06 9.245874346236271975e-06
1.105480710000000045e+03 9.477906362775907932e-06 9.815592547161739939e-06
1.106166259999999966e+03 1.021554299571312558e-05 1.038531905858987100e-05
1.106851809999999887e+03 1.065176754360508299e-05 1.095504557001800036e-05
1.107537350000000060e+03 1.040641650704481806e-05 1.152476377094365637e-05
1.108222899999999981e+03 1.016106189153904323e-05 1.209449028237178573e-05
1.108908449999999903e+03 1.112343378298563636e-05 1.266421679379991510e-05
1.109593869999999924e+03 1.245995479763592222e-05 1.323383526869325143e-05
1.110279299999999921e+03 1.365295207332428792e-05 1.380346205408924916e-05
1.110964719999999943e+03 1.433580487974643047e-05 1.437308052898258380e-05
1.111650149999999940e+03 1.501866764871423538e-05 1.494270731437858323e-05
1.112335569999999962e+03 1.545229409524609496e-05 1.541781656935916597e-05
1.113020999999999958e+03 1.576640310623766091e-05 1.563588471858758032e-05
1.113706300000000056e+03 1.600345686059925714e-05 1.585391150858255006e-05
1.114391599999999926e+03 1.573417777245477231e-05 1.607193829857744526e-05
1.115076900000000023e+03 1.546489868431019939e-05 1.628996508857241500e-05
1.115762210000000096e+03 1.555604209310778232e-05 1.650799506004687527e-05
1.116447509999999966e+03 1.589954646315090196e-05 1.672602185004177386e-05
1.117132689999999911e+03 1.624031586314627731e-05 1.694401046228271836e-05
1.117817990000000009e+03 1.652252799753681773e-05 1.716203725227768810e-05
1.118503169999999955e+03 1.680469071494768439e-05 1.738002586451863600e-05
1.119188349999999900e+03 1.717200907453452752e-05 1.759801447675958389e-05
1.119873540000000048e+03 1.762476527852733206e-05 1.781600627048009008e-05
1.120558590000000095e+03 1.807742897406466100e-05 1.800827386490211134e-05
1.121243770000000040e+03 1.838949544195419251e-05 1.811577503017585558e-05
1.121928830000000062e+03 1.869481213088798179e-05 1.822325736807602715e-05
1.122613890000000083e+03 1.895374902560212837e-05 1.833073970597619873e-05
1.123298950000000104e+03 1.914589813871492012e-05 1.843822204387637030e-05
1.123984009999999898e+03 1.933804725182765088e-05 1.854570438177650460e-05
1.124669069999999920e+03 1.945779751576241421e-05 1.865318671967667618e-05
1.125354000000000042e+03 1.956622160390558037e-05 1.876064866125548019e-05
1.126039060000000063e+03 1.954653870422084157e-05 1.886813099915565176e-05
1.126723999999999933e+03 1.925421987580052535e-05 1.897559450968221341e-05
1.127408940000000030e+03 1.896190104738011088e-05 1.908305802020881232e-05
1.128093869999999924e+03 1.908315633150739452e-05 1.919051996178757906e-05
1.128778690000000097e+03 1.932474851309338870e-05 1.923575921626365339e-05
1.129463619999999992e+03 1.953765233243714484e-05 1.901876821775973702e-05
1.130148439999999937e+03 1.965392270425894578e-05 1.880181206808683217e-05
1.130833249999999907e+03 1.977019137825691600e-05 1.858485908648946705e-05
1.131518070000000080e+03 1.917935955512115075e-05 1.836790293681648766e-05
1.132202880000000050e+03 1.826099415036689858e-05 1.815094995521912254e-05
1.132887699999999995e+03 1.748840908867339041e-05 1.793399380554621769e-05
1.133572390000000041e+03 1.762941917212873272e-05 1.771707884085540043e-05
1.134257080000000087e+03 1.777042925558407503e-05 1.750016387616458655e-05
1.134941769999999906e+03 1.757467824221153728e-05 1.728324891147384383e-05
1.135626459999999952e+03 1.714657175649321618e-05 1.706633394678302995e-05
1.136311159999999973e+03 1.673471926635908125e-05 1.684941581401667635e-05
1.136995850000000019e+03 1.666284450770643875e-05 1.663897469426835630e-05
1.137680419999999913e+03 1.659098234595319060e-05 1.646621961262464994e-05
1.138364990000000034e+03 1.640010899199012816e-05 1.629346453098088937e-05
1.139049559999999929e+03 1.608988435946277095e-05 1.612070944933718301e-05
1.139734130000000050e+03 1.577965972693531210e-05 1.594795436769341906e-05
1.140418699999999944e+03 1.599995539330605036e-05 1.577519928604971270e-05
1.141103149999999914e+03 1.624652111299101218e-05 1.560247448707948684e-05
1.141787720000000036e+03 1.618094111204576054e-05 1.542971940543572289e-05
1.142472170000000006e+03 1.565875575029257249e-05 1.525699460646549872e-05
1.143156619999999975e+03 1.513657038853938783e-05 1.508426980749527287e-05
1.143841059999999970e+03 1.489029094382629530e-05 1.491154753208116558e-05
1.144525509999999940e+03 1.468925513334847348e-05 1.473882273311093973e-05
1.145209839999999986e+03 1.458311026206876164e-05 1.458506014611654874e-05
1.145894289999999955e+03 1.468599126024496588e-05 1.460748089611741788e-05
1.146578610000000026e+03 1.478885271787072645e-05 1.462989738766624673e-05
1.147262940000000071e+03 1.508786549278943785e-05 1.465231420678831023e-05
1.147947269999999889e+03 1.544705033235576201e-05 1.467473102591036525e-05
1.148631470000000036e+03 1.573611682982391143e-05 1.469714358658039015e-05
1.149315800000000081e+03 1.577341446826199068e-05 1.471956040570245195e-05
1.150000000000000000e+03 1.581070502138596707e-05 1.474197296637246837e-05
1.150684199999999919e+03 1.573065439723675044e-05 1.476438552704248649e-05
1.151368410000000040e+03 1.559288325159556977e-05 1.478679841528574265e-05
1.152052609999999959e+03 1.543572662712686987e-05 1.480921097595576077e-05
1.152736820000000080e+03 1.513977379557974259e-05 1.483162386419901692e-05
1.153420900000000074e+03 1.484387719511391984e-05 1.485089263701710991e-05
1.154104980000000069e+03 1.475723799511812108e-05 1.480031371913401998e-05
1.154789060000000063e+03 1.482552660805919123e-05 1.474973480125093174e-05
1.155473140000000058e+03 1.489654848480785399e-05 1.469915588336784181e-05
1.156157230000000027e+03 1.506766498192547634e-05 1.464857622611336665e-05
1.156841310000000021e+03 1.523877897766905690e-05 1.459799730823027672e-05
1.157525270000000091e+03 1.515826579573531682e-05 1.454742726280383326e-05
1.158209229999999934e+03 1.480354121489464765e-05 1.449685721737740673e-05
1.158893190000000004e+03 1.444881663405385821e-05 1.444628717195096327e-05
1.159577150000000074e+03 1.431634198639143350e-05 1.439571712652451981e-05
1.160261109999999917e+03 1.420058562428081554e-05 1.434514708109809159e-05
1.160945069999999987e+03 1.415999655291163630e-05 1.429457703567164813e-05
1.161628909999999905e+03 1.424121364052031164e-05 1.424401586270186639e-05
1.162312740000000076e+03 1.432242954046687809e-05 1.401732947353019446e-05
1.162996579999999994e+03 1.412849951435191684e-05 1.378786808136164781e-05
1.163680419999999913e+03 1.387937275665306272e-05 1.355840668919310115e-05
1.164364260000000058e+03 1.352038230599153237e-05 1.332894529702447658e-05
1.165047970000000078e+03 1.288454340188778989e-05 1.309952752614301369e-05
1.165731809999999996e+03 1.224858359995094635e-05 1.287006613397446534e-05
1.166415529999999990e+03 1.194278005606043739e-05 1.264064500760938519e-05
1.167099240000000009e+03 1.175605549350764399e-05 1.241122723672792230e-05
1.167782840000000078e+03 1.163332673967278872e-05 1.218184637616630865e-05
1.168466550000000097e+03 1.179141497225427165e-05 1.195242860528484406e-05
1.169150270000000091e+03 1.194950551704754238e-05 1.172300747891976391e-05
1.169833859999999959e+03 1.152712798030481877e-05 1.149362997384184375e-05
1.170517460000000028e+03 1.077289780403164250e-05 1.135795080842025434e-05
1.171201049999999896e+03 1.008960479508076423e-05 1.123025810834169049e-05
1.171884639999999990e+03 1.015431938613930403e-05 1.110256540826308430e-05
1.172568119999999908e+03 1.021902356363850608e-05 1.097489325587685226e-05
1.173251710000000003e+03 1.029047525136556258e-05 1.084720055579824606e-05
1.173935179999999946e+03 1.036772698754715493e-05 1.071953027138404202e-05
1.174618649999999889e+03 1.044497872372874729e-05 1.059185998696983799e-05
1.175302120000000059e+03 1.028114492124651742e-05 1.046418970255558991e-05
1.175985599999999977e+03 1.011407879832646580e-05 1.033651755016935956e-05
1.176668949999999995e+03 1.000784074198985415e-05 1.020886968141951532e-05
1.177352419999999938e+03 9.979996795576729141e-06 1.008119939700530959e-05
1.178035769999999957e+03 9.952157737854501750e-06 9.953551528255465361e-06
1.178719119999999975e+03 9.776218658781598187e-06 9.882910213143143014e-06
1.179402469999999994e+03 9.581331604228544673e-06 9.822018348531119520e-06
1.180085690000000113e+03 9.395058403684887163e-06 9.761138067942500910e-06
1.180769039999999904e+03 9.225683324386263644e-06 9.700246203330497745e-06
1.181452269999999999e+03 9.056337988278485968e-06 9.639365031663157637e-06
1.182135500000000093e+03 8.917158412553487175e-06 9.578483859995817528e-06
1.182818729999999960e+03 8.786220208941356290e-06 9.517602688328497749e-06
1.183501950000000079e+03 8.766382433701897826e-06 9.456722407739879139e-06
1.184185179999999946e+03 9.109041135056653143e-06 9.395841236072557666e-06
1.184868289999999888e+03 9.451639653099586525e-06 9.334970757349921272e-06
1.185551390000000083e+03 9.431091363876571013e-06 9.274101169705984354e-06
1.186234500000000025e+03 9.242544582207610490e-06 9.213230690983346266e-06
1.186917599999999993e+03 9.050832126698057307e-06 9.123973137351314199e-06
1.187600709999999935e+03 8.838388888043016863e-06 9.026787614373720975e-06
1.188283809999999903e+03 8.625948759329830630e-06 8.929603514088266613e-06
1.188966799999999921e+03 8.537227812651336850e-06 8.832435063416376993e-06
1.189649779999999964e+03 8.537619754659028567e-06 8.735268035436627928e-06
1.190332760000000007e+03 8.541450274982635422e-06 8.638101007456878863e-06
1.191015750000000025e+03 8.657066760961671447e-06 8.540932556784989243e-06
1.191698730000000069e+03 8.772681554141606639e-06 8.443765528805240178e-06
1.192381589999999960e+03 8.737993517572576605e-06 8.346615573131228597e-06
1.193064579999999978e+03 8.539276010149928785e-06 8.249447122459338977e-06
1.193747440000000097e+03 8.340596326525500764e-06 8.152297166785295210e-06
1.194430299999999988e+03 8.103082319541350930e-06 8.055147211111281935e-06
1.195113160000000107e+03 7.862489063715240900e-06 7.976982195125187155e-06
1.195795900000000074e+03 7.784465311640579487e-06 7.906767583691586395e-06
1.196478759999999966e+03 7.978050644402778573e-06 7.836540631171531754e-06
1.197161499999999933e+03 8.171601958127522867e-06 7.766326019737932688e-06
1.197844239999999900e+03 8.002064734650840829e-06 7.696111408304333622e-06
1.198526980000000094e+03 7.754052626173503585e-06 7.625896796870710838e-06
1.199209720000000061e+03 7.501597708443869871e-06 7.555682185437110925e-06
1.199892329999999902e+03 7.237180177385118265e-06 7.485480943513859907e-06
1.200575070000000096e+03 6.972712289198385457e-06 7.415266332080237123e-06
1.201257689999999911e+03 7.006204458462142673e-06 7.345064061733116501e-06
1.201940309999999954e+03 7.157022592985637229e-06 7.274861791385973009e-06
1.202622920000000022e+03 7.243193855395612460e-06 7.204660549462698274e-06
1.203305540000000065e+03 7.001493104743674791e-06 7.144128596744125112e-06
1.203988039999999955e+03 6.759834843456413043e-06 7.089436321540630831e-06
1.204670650000000023e+03 6.510458024730331241e-06 7.034735231464928091e-06
1.205353149999999914e+03 6.256248625732077040e-06 6.980042956261433810e-06
1.206035640000000058e+03 6.024397344001873611e-06 6.925351482409936610e-06
1.206718139999999948e+03 6.150122306519232908e-06 6.870659207206442328e-06
1.207400509999999940e+03 6.275823321424703498e-06 6.815977349579169303e-06
1.208083010000000058e+03 6.559970718313038557e-06 6.761285074375657234e-06
1.208765380000000050e+03 6.999037563873571573e-06 6.706603216748383361e-06
1.209447750000000042e+03 7.438104409434104590e-06 6.651921359121110336e-06
1.210130130000000008e+03 7.057693459890756243e-06 6.597238700141821594e-06
1.210812500000000000e+03 6.636340525192045912e-06 6.542556842514548568e-06
1.211494750000000067e+03 6.477751709172583914e-06 6.485925679174659570e-06
1.212177120000000059e+03 6.715481327889136455e-06 6.427602031105070565e-06
1.212859380000000101e+03 6.953172623909721945e-06 6.369287784974728982e-06
1.213541629999999941e+03 6.844070094978019370e-06 6.310974393566155954e-06
1.214223880000000008e+03 6.671384221479652337e-06 6.252661002157562596e-06
1.214906009999999924e+03 6.466816207391214547e-06 6.194357867409985214e-06
1.215588259999999991e+03 6.184508288718573022e-06 6.136044476001392704e-06
1.216270389999999907e+03 5.902250024791674463e-06 6.077741341253815322e-06
1.216952510000000075e+03 5.930711023786679829e-06 6.019439061227966684e-06
1.217634639999999990e+03 6.070088252828679298e-06 5.961135926480389303e-06
1.218316769999999906e+03 6.145301051426857970e-06 5.902832791732811921e-06
1.218998900000000049e+03 5.933494644371360923e-06 5.844529656985215058e-06
1.219680910000000040e+03 5.721725498202908176e-06 5.790462869855358185e-06
1.220363039999999955e+03 5.500561469197762921e-06 5.741605953383781421e-06
1.221045039999999972e+03 5.273905038704484377e-06 5.692758348039315927e-06
1.221727049999999963e+03 5.080956088456786327e-06 5.643910026454304454e-06
1.222408940000000030e+03 5.310299683234847951e-06 5.595070299755858273e-06
1.223090940000000046e+03 5.539680274882513357e-06 5.546222694411392779e-06
1.223772830000000113e+03 5.629890462931222521e-06 5.497382967712946599e-06
1.224454709999999977e+03 5.591142555487283682e-06 5.448543957255062490e-06
1.225136600000000044e+03 5.552394079792212760e-06 5.399704230556616309e-06
1.225818479999999909e+03 5.559678161979693743e-06 5.350865220098733047e-06
1.226500369999999975e+03 5.568680333100770937e-06 5.302025493400286866e-06
1.227182129999999916e+03 5.430609302702539513e-06 5.253195077828968049e-06
1.227864010000000007e+03 5.079921170684554860e-06 5.235496053492999512e-06
1.228545779999999922e+03 4.729289611222714909e-06 5.275035682679525351e-06
1.229227540000000090e+03 4.730450757175111201e-06 5.314574731910521281e-06
1.229909180000000106e+03 4.791877830897085886e-06 5.354106821674969408e-06
1.230590940000000046e+03 4.917607300793077742e-06 5.393645870905951785e-06
1.231272580000000062e+03 5.194654839238873219e-06 5.433177960670399911e-06
1.231954349999999977e+03 5.471755215223500366e-06 5.472717589856925751e-06
1.232635989999999993e+03 5.643561827867538949e-06 5.512249679621373877e-06
1.233317630000000008e+03 5.778936143203864931e-06 5.551781769385822004e-06
1.233999150000000100e+03 5.874309340862122229e-06 5.591306899683735032e-06
1.234680789999999888e+03 5.795661525664983045e-06 5.630838989448169606e-06
1.235362300000000005e+03 5.717028709904423158e-06 5.670363539790539172e-06
1.236043820000000096e+03 5.699846862297435614e-06 5.720873083935228156e-06
1.236725339999999960e+03 5.718626439618923224e-06 5.803917407497648550e-06
1.237406860000000052e+03 5.722556847124083460e-06 5.886961731060096049e-06
1.238088379999999916e+03 5.543002304343849647e-06 5.970006054622516442e-06
1.238769780000000083e+03 5.363479376989545521e-06 6.053035755989252853e-06
1.239451170000000047e+03 5.484003806645416203e-06 6.136064238839654102e-06
1.240132569999999987e+03 5.883418720444846887e-06 6.219093940206362561e-06
1.240813959999999952e+03 6.282827772563727276e-06 6.302122423056764657e-06
1.241495359999999891e+03 6.494059168333688111e-06 6.385152124423473116e-06
1.242176760000000058e+03 6.697859939561907589e-06 6.468181825790209527e-06
1.242858030000000099e+03 6.799652853889575451e-06 6.551195686444899688e-06
1.243539309999999887e+03 6.751938237037755857e-06 6.634210765615869108e-06
1.244220579999999927e+03 6.704224320553121232e-06 6.719089763420933866e-06
1.244901859999999942e+03 6.758399219832485349e-06 6.814717647874042618e-06
1.245583129999999983e+03 6.830752289953188128e-06 6.910344128676901003e-06
1.246264280000000099e+03 6.970582778227858439e-06 7.005953765676731279e-06
1.246945429999999988e+03 7.274390856205658799e-06 7.101563402676529368e-06
1.247626590000000078e+03 7.578203394406379257e-06 7.197174443326609164e-06
1.248307739999999967e+03 7.491646187971849524e-06 7.292784080326407253e-06
1.248988890000000083e+03 7.263660428176675441e-06 7.388393717326237529e-06
1.249670039999999972e+03 7.141295219636003420e-06 7.484003354326036465e-06
1.250351069999999936e+03 7.510387229281303308e-06 7.579596147522805598e-06
1.251032099999999900e+03 7.879479238926602350e-06 7.675188940719576426e-06
1.251713130000000092e+03 7.957521558297332389e-06 7.770781733916377746e-06
1.252394170000000031e+03 7.856631212898759997e-06 7.867010227475348282e-06
1.253075199999999995e+03 7.784406410954681222e-06 7.979026515138660893e-06
1.253756100000000060e+03 8.145584400117337508e-06 8.091021420311649999e-06
1.254437130000000025e+03 8.506831346745928144e-06 8.203037707974960915e-06
1.255118040000000065e+03 8.758106814309880647e-06 8.315034257954895898e-06
1.255798950000000104e+03 8.901192978341235002e-06 8.427030807934829187e-06
1.256479739999999993e+03 9.044253925618973988e-06 8.539007620231347579e-06
1.257160640000000058e+03 8.847144138115358461e-06 8.651002525404336685e-06
1.257841429999999946e+03 8.630598332797430157e-06 8.762979337700855078e-06
1.258522220000000061e+03 8.540273832893220958e-06 8.874956149997410739e-06
1.259202999999999975e+03 8.649319244841882417e-06 8.986931317486983255e-06
1.259883790000000090e+03 8.758366258562249533e-06 9.098908129783538917e-06
1.260564579999999978e+03 9.180837740512209658e-06 9.210884942080057309e-06
1.261245239999999967e+03 9.667811493289654856e-06 9.281039868139742590e-06
1.261926030000000083e+03 9.872927562258356678e-06 9.347798834641853085e-06
1.262606690000000071e+03 9.318769949953540331e-06 9.414545053210456434e-06
1.263287350000000060e+03 8.764612337648725678e-06 9.481291271779058088e-06
1.263968020000000024e+03 8.938919100818435757e-06 9.548038470957926396e-06
1.264648560000000089e+03 9.407832005692606033e-06 9.614772922203307885e-06
1.265329220000000078e+03 9.789857410249538816e-06 9.681519140771909540e-06
1.266009769999999889e+03 9.691000415814632633e-06 9.748254572627535660e-06
1.266690309999999954e+03 9.592144873984118948e-06 9.814989023872917149e-06
1.267370850000000019e+03 9.665956439791112181e-06 9.881723475118298639e-06
1.268051269999999931e+03 9.857799585342480366e-06 9.948446159040437941e-06
1.268731809999999996e+03 1.003742486453276023e-05 1.001518061028581943e-05
1.269412229999999909e+03 9.877229977208785852e-06 9.971944697168064057e-06
1.270092650000000049e+03 9.717035089884757263e-06 9.902211894086250806e-06
1.270773069999999962e+03 9.502794448899745577e-06 9.832479091004461271e-06
1.271453490000000102e+03 9.228919461192288372e-06 9.762746287922648020e-06
1.272133910000000014e+03 8.955044473484922646e-06 9.693013484840858486e-06
1.272814210000000003e+03 8.989243889790417811e-06 9.623292979951898049e-06
1.273494509999999991e+03 9.051747942507648589e-06 9.553572475062935919e-06
1.274174800000000005e+03 9.097562379206435427e-06 9.483852995023377060e-06
1.274855099999999993e+03 9.113187297123866103e-06 9.414132490134414930e-06
1.275535399999999981e+03 9.128812215041298472e-06 9.344411985245454493e-06
1.276215580000000045e+03 9.149098466619189914e-06 9.274703778549323155e-06
1.276895870000000059e+03 9.170583918912896771e-06 9.204984298509762602e-06
1.277576049999999896e+03 9.257466962795858707e-06 9.181172031408416575e-06
1.278256229999999960e+03 9.556282696265274842e-06 9.178730857188155149e-06
1.278936279999999897e+03 9.855041318315081690e-06 9.176290149539460329e-06
1.279616459999999961e+03 9.693921520399969574e-06 9.173848975319197208e-06
1.280296509999999898e+03 9.311952348332945247e-06 9.171408267670502388e-06
1.280976560000000063e+03 8.983090134842974404e-06 9.168967560021807568e-06
1.281656739999999900e+03 9.061987582004095266e-06 9.166526385801546141e-06
1.282336669999999913e+03 9.140856030426975723e-06 9.164086108834297028e-06
1.283016720000000078e+03 9.103020262762083953e-06 9.161645401185602208e-06
1.283696779999999990e+03 8.971399093265404411e-06 9.159204657646786488e-06
1.284376710000000003e+03 8.839803084419285771e-06 9.156764380679539069e-06
1.285056640000000016e+03 9.042743239515386181e-06 9.154324103712289956e-06
1.285736570000000029e+03 9.247737487232528887e-06 9.101585851621236674e-06
1.286416500000000042e+03 9.217972916197092806e-06 9.008328236335498890e-06
1.287096309999999903e+03 8.880670494832821704e-06 8.915087079970308241e-06
1.287776249999999891e+03 8.543303571159347590e-06 8.821828093107862996e-06
1.288456050000000005e+03 8.700093201052549227e-06 8.728588308319349315e-06
1.289135860000000093e+03 8.929662331079240854e-06 8.635347151954128172e-06
1.289815669999999955e+03 9.040996927052382949e-06 8.542105995588937522e-06
1.290495359999999891e+03 8.889539275228248733e-06 8.448881298144265208e-06
1.291175169999999980e+03 8.738054883392872683e-06 8.355640141779044065e-06
1.291854859999999917e+03 8.511761589596128104e-06 8.262415444334370056e-06
1.292534550000000081e+03 8.260355490633306037e-06 8.169190746889667249e-06
1.293214230000000043e+03 8.050156073142103989e-06 8.075967421021700701e-06
1.293893919999999980e+03 8.018927691304760094e-06 8.011597801068912533e-06
1.294573489999999993e+03 7.987704822871788868e-06 7.986979716569868987e-06
1.295253169999999955e+03 8.040191190080447936e-06 7.962357647213793218e-06
1.295932739999999967e+03 8.142850764236600985e-06 7.937739562714749673e-06
1.296612300000000005e+03 8.227840039102121149e-06 7.913121840475434635e-06
1.297291870000000017e+03 8.051821118412336788e-06 7.888503755976391090e-06
1.297971309999999903e+03 7.875835869691169181e-06 7.863890380853846948e-06
1.298650879999999916e+03 7.724640099414832267e-06 7.839272296354803403e-06
1.299330320000000029e+03 7.598193942957760262e-06 7.814658921232252485e-06
1.300009769999999889e+03 7.471745925465817737e-06 7.790045183849978141e-06
1.300689210000000003e+03 7.591117568954045642e-06 7.765431808727427224e-06
1.301368649999999889e+03 7.726530346824585959e-06 7.740818433604883082e-06
1.302047970000000078e+03 7.678474081377104727e-06 7.682818901246994179e-06
1.302727290000000039e+03 7.326101494185217051e-06 7.540011088561683859e-06
1.303406739999999900e+03 6.973661474213049583e-06 7.397175947053970587e-06
1.304085939999999937e+03 6.903873850783172476e-06 7.254393360973959991e-06
1.304765259999999898e+03 6.898801645585963688e-06 7.111585548288649671e-06
1.305444580000000087e+03 6.874278652000612025e-06 6.968777735603291917e-06
1.306123779999999897e+03 6.791571503163496820e-06 6.825995149523328755e-06
1.306802979999999934e+03 6.708864354326354510e-06 6.683212563443317312e-06
1.307482299999999896e+03 6.617823968213127145e-06 6.540404750758007839e-06
1.308161380000000008e+03 6.523032952425978957e-06 6.397647391283295274e-06
1.308840580000000045e+03 6.412139739750586635e-06 6.254864805203283831e-06
1.309519780000000083e+03 6.187816104932863053e-06 6.112082219123272388e-06
1.310198849999999993e+03 5.963535406028795369e-06 5.989098590181469333e-06
1.310877930000000106e+03 5.864562521557142306e-06 5.988044206308086789e-06
1.311557009999999991e+03 5.863782239158684983e-06 5.986989822434704244e-06
1.312236079999999902e+03 5.863001968250515039e-06 5.985935454087973489e-06
1.312915040000000090e+03 6.267566539381306061e-06 5.984881256534412413e-06
1.313594119999999975e+03 6.673228038047987140e-06 5.983826872661029869e-06
1.314273069999999962e+03 6.717864415580971287e-06 5.982772690634121430e-06
1.314952029999999922e+03 6.290765246487427977e-06 5.981718493080561201e-06
1.315630979999999909e+03 5.863672367884751853e-06 5.980664311053651915e-06
1.316309809999999970e+03 6.011476725932825651e-06 5.979610315346565792e-06
1.316988769999999931e+03 6.245503667901921134e-06 5.978556117793004717e-06
1.317667599999999993e+03 6.307807761888896358e-06 5.977502122085918593e-06
1.318346440000000030e+03 5.979860971950954680e-06 5.976448110852179834e-06
1.319025270000000091e+03 5.651919013001009116e-06 5.849418457216282867e-06
1.319704099999999926e+03 5.600233767726061780e-06 5.721323585062174835e-06
1.320382810000000063e+03 5.645072415474443432e-06 5.593251356846342221e-06
1.321061519999999973e+03 5.653928986504088888e-06 5.465179128630552805e-06
1.321740360000000010e+03 5.494796473546356275e-06 5.337082369481545855e-06
1.322419069999999920e+03 5.335694434966540336e-06 5.209010141265755592e-06
1.323097659999999905e+03 5.186889668829466807e-06 5.080960556988284792e-06
1.323776370000000043e+03 5.044565719191103976e-06 4.952888328772452178e-06
1.324454960000000028e+03 4.896898926670811333e-06 4.824838744494981378e-06
1.325133669999999938e+03 4.641105746097945602e-06 4.696766516279191963e-06
1.325812259999999924e+03 4.385357791294037604e-06 4.568716932001721163e-06
1.326490720000000010e+03 4.389512147876459066e-06 4.440691878657425547e-06
1.327169309999999996e+03 4.672570131914227353e-06 4.431388801502274414e-06
1.327847899999999981e+03 4.955628115951995639e-06 4.444920323817034985e-06
1.328526370000000043e+03 4.861723542748205833e-06 4.458449453254392884e-06
1.329204829999999902e+03 4.733891992611363255e-06 4.471978383285296536e-06
1.329883299999999963e+03 4.797374774629580303e-06 4.485507512722655281e-06
1.330561770000000024e+03 5.213729689786071315e-06 4.499036642160013179e-06
1.331240109999999959e+03 5.630004828181582297e-06 4.512563179313514158e-06
1.331918580000000020e+03 5.376620942594872359e-06 4.526092308750872056e-06
1.332596919999999955e+03 4.941247038486402708e-06 4.539618845904373035e-06
1.333275270000000091e+03 4.603807213401422980e-06 4.553145582464328260e-06
1.333953610000000026e+03 4.611991824627039055e-06 4.566672119617829239e-06
1.334631840000000011e+03 4.620175108631446286e-06 4.580196463300377556e-06
1.335310179999999946e+03 4.455816059721057645e-06 4.542128267772911889e-06
1.335988399999999956e+03 4.200561395496200265e-06 4.479907959056603664e-06
1.336666629999999941e+03 3.970806611718039683e-06 4.417686732934311869e-06
1.337344849999999951e+03 4.002370241774358307e-06 4.355466424218002797e-06
1.338022950000000037e+03 4.033928287159620233e-06 4.293257124373507590e-06
1.338701170000000047e+03 4.085857478925499793e-06 4.231036815657198518e-06
1.339379269999999906e+03 4.156385967365440664e-06 4.168827515812724487e-06
1.340057369999999992e+03 4.226914455805404405e-06 4.106618215968228432e-06
1.340735470000000078e+03 4.164424720338247559e-06 4.044408916123733224e-06
1.341413569999999936e+03 4.095849342953423966e-06 3.982199616279258346e-06
1.342091550000000097e+03 4.006184838361184296e-06 3.920001325306576155e-06
1.342769649999999956e+03 3.883441888866260878e-06 3.857792025462102124e-06
1.343447629999999890e+03 3.760720660583444163e-06 3.831142757223656120e-06
1.344125610000000052e+03 3.580605458909491642e-06 3.837531805859378627e-06
1.344803589999999986e+03 3.388147405665963692e-06 3.843920854495100287e-06
1.345481449999999995e+03 3.294775334042591233e-06 3.850308772292395202e-06
1.346159419999999955e+03 3.489178475860761592e-06 3.856697726691581511e-06
1.346837279999999964e+03 3.683550075950550995e-06 3.863085644488876427e-06
1.347515139999999974e+03 3.705350552734584149e-06 3.869473562286172189e-06
1.348192990000000009e+03 3.649256242200990570e-06 3.875861385846931754e-06
1.348870850000000019e+03 3.615814946697819172e-06 3.882249303644227516e-06
1.349548579999999902e+03 3.745510075846203054e-06 3.888635996366559489e-06
1.350226319999999987e+03 3.875207118664215667e-06 3.895022783325429354e-06
1.350904170000000022e+03 3.918528560987905638e-06 3.901410606886189766e-06
1.351581789999999955e+03 3.892437980587120375e-06 3.889265062369694173e-06
1.352259520000000066e+03 3.866343164827508017e-06 3.842776917758838914e-06
1.352937259999999924e+03 3.886371013524323937e-06 3.796288087208990197e-06
1.353614870000000110e+03 3.907009526278250394e-06 3.749808173866265653e-06
1.354292480000000069e+03 3.910514536249976660e-06 3.703328260523556355e-06
1.354970090000000027e+03 3.890264008797877649e-06 3.656848347180847058e-06
1.355647709999999961e+03 3.870013182493527100e-06 3.610367747899128208e-06
1.356325319999999920e+03 3.463276666756872857e-06 3.563887834556419334e-06
1.357002809999999954e+03 2.989064273896415598e-06 3.517416152481839904e-06
1.357680299999999988e+03 2.745060577221205003e-06 3.470944470407260898e-06
1.358357790000000023e+03 3.084633852906380792e-06 3.424472788332681892e-06
1.359035280000000057e+03 3.424207128591556156e-06 3.378001106258102885e-06
1.359712770000000091e+03 3.292188654390369674e-06 3.337570057568969120e-06
1.360390139999999974e+03 2.972210375563225818e-06 3.325070592016249254e-06
1.361067630000000008e+03 2.694783760366357818e-06 3.312568912111154168e-06
1.361744999999999891e+03 2.665971866393515607e-06 3.300069446558433878e-06
1.362422360000000026e+03 2.637160397770086935e-06 3.287570165535073426e-06
1.363099609999999984e+03 2.776370944781416119e-06 3.275072914334724121e-06
1.363776980000000094e+03 3.038366673890811968e-06 3.262573448781999596e-06
1.364454220000000078e+03 3.297010424480929700e-06 3.250076382111013939e-06
1.365131470000000036e+03 3.184897512905683698e-06 3.237579130910664634e-06
1.365808719999999994e+03 3.072784601330438119e-06 3.225081879710315329e-06
1.366485959999999977e+03 3.042025823913523788e-06 3.212584813039329673e-06
1.367163209999999935e+03 3.114816252878449715e-06 3.200087561838980367e-06
1.367840329999999994e+03 3.187592709520365696e-06 3.187592709520365696e-06
