9.306945799999999736e+02 -8.346814452179165023e-06 -8.346814452179165023e-06
9.313851899999999659e+02 -7.460415007086862048e-06 -8.177223382261886218e-06
9.320757399999999961e+02 -6.574092572125707346e-06 -8.007647046368424583e-06
9.327663000000000011e+02 -7.000232727382410960e-06 -7.838068254804332117e-06
9.334568500000000313e+02 -7.789515118104654856e-06 -7.668491918910870481e-06
9.341473999999999478e+02 -8.356167746127775162e-06 -7.498915583017438492e-06
9.348378900000000158e+02 -8.278987859785589981e-06 -7.329353981147794872e-06
9.355283799999999701e+02 -8.201807973443418353e-06 -7.159792379278179204e-06
9.362188700000000381e+02 -5.881523678312426470e-06 -6.990230777408535584e-06
9.369093000000000302e+02 -2.733539327278418246e-06 -6.820683909562737084e-06
9.375997300000000223e+02 -7.964296344906347699e-07 -6.651137041716939432e-06
9.382901600000000144e+02 -3.590988033114292811e-06 -6.481590173871140933e-06
9.389805300000000443e+02 -6.385303578003594535e-06 -6.295619821650241070e-06
9.396708999999999605e+02 -5.512978076531431091e-06 -5.826790315062827369e-06
9.403612699999999904e+02 -2.890900887079390777e-06 -5.357960808475335741e-06
9.410515699999999697e+02 -7.275861979081052281e-07 -4.889178838810777631e-06
9.417418800000000374e+02 -1.165235878748973425e-06 -4.420390078157173598e-06
9.424321899999999914e+02 -1.602885559589769307e-06 -3.951601317503646645e-06
9.431224999999999454e+02 -3.517794522872800373e-06 -3.482812556850119692e-06
9.438127399999999625e+02 -6.327410477854384738e-06 -3.014071333119447906e-06
9.445029899999999543e+02 -8.686482148170947986e-06 -2.545323318399808124e-06
9.451931799999999839e+02 -6.773648199161461282e-06 -2.076616049614054666e-06
9.458833600000000388e+02 -4.860841964751491316e-06 -1.607915571817270051e-06
9.465735499999999547e+02 -2.728293221778128159e-06 -1.139208303031594521e-06
9.472637300000000096e+02 -4.284934977485473946e-07 -7.339103797138038070e-07
9.479538599999999633e+02 1.665061802184919661e-06 -8.639525689654570489e-07
9.486439800000000560e+02 -1.178582039977872850e-06 -9.939928739027427424e-07
9.493341100000000097e+02 -4.022267087203591303e-06 -1.124035063154396302e-06
9.500241700000000264e+02 -5.059639906135639130e-06 -1.254064062205305393e-06
9.507142300000000432e+02 -4.377691623990822962e-06 -1.384093061256214908e-06
9.514043000000000347e+02 -3.695733459396939089e-06 -1.514123944621513252e-06
9.520943600000000515e+02 -3.493446813925792365e-06 -1.644152943672422555e-06
9.527843599999999924e+02 -3.298847404514268942e-06 -1.774170636836955467e-06
9.534743700000000217e+02 -3.091433506302432215e-06 -1.904190214315898809e-06
9.541643100000000004e+02 -2.868763234874496931e-06 -2.034196601594076506e-06
9.548542499999999791e+02 -2.646092963446561647e-06 -2.164202988872254839e-06
9.555441899999999578e+02 -2.201082727875952034e-06 -2.253399305379010201e-06
9.562341300000000501e+02 -1.738751572836315718e-06 -2.116547115511267711e-06
9.569240099999999529e+02 -1.180481205337693266e-06 -1.979706826868875238e-06
9.576138899999999694e+02 -4.777515084963047320e-07 -1.842866538226460107e-06
9.583037699999999859e+02 2.249781883450838018e-07 -1.706026249584044976e-06
9.589935900000000402e+02 -5.871857727934176887e-07 -1.569197862166934970e-06
9.596834099999999808e+02 -1.624778542650544994e-06 -1.432369474749847410e-06
9.603731699999999591e+02 -2.214164123804559217e-06 -1.295552988558064762e-06
9.610629900000000134e+02 -1.939344392458989681e-06 -1.158724601140954756e-06
9.617527499999999918e+02 -1.664548564717115555e-06 -1.021908114949172109e-06
9.624424999999999955e+02 -1.299795066390192425e-06 -8.850936122949365742e-07
9.631322000000000116e+02 -9.142966871868534836e-07 -7.482890273284590514e-07
9.638219000000000278e+02 -5.805471302234564621e-07 -5.737589157788370066e-07
9.645116000000000440e+02 -3.777298682336469768e-07 -2.444867285826208430e-07
9.652012300000000096e+02 -1.749331908579443428e-07 8.475203965880274397e-08
9.658908699999999499e+02 6.387628871537013024e-07 4.139955820366099709e-07
9.665805100000000039e+02 1.652005785836364293e-06 7.432391244144713021e-07
9.672701399999999694e+02 2.452008672262158919e-06 1.072477892655895048e-06
9.679597199999999475e+02 2.514468309714908033e-06 1.401692790215347072e-06
9.686492899999999509e+02 2.576927041404188446e-06 1.730902913638416038e-06
9.693388700000000426e+02 3.146003019645027527e-06 2.060117811197922272e-06
9.700283799999999701e+02 3.937709204616874976e-06 2.389299289802581931e-06
9.707178999999999860e+02 4.494228738572886451e-06 2.718485542543679281e-06
9.714073499999999513e+02 3.858310414619207187e-06 3.047638376329984267e-06
9.720968599999999924e+02 3.222336749307218691e-06 3.347537464025638505e-06
9.727863200000000461e+02 3.543589118484271142e-06 3.552159717509973065e-06
9.734757100000000491e+02 4.415776565711254988e-06 3.756761195956228330e-06
9.741651600000000144e+02 5.250831943291148222e-06 3.961380481577956538e-06
9.748545500000000175e+02 5.766556736804369334e-06 4.165981960024211803e-06
9.755438799999999446e+02 6.282236645002095153e-06 4.370565631294960245e-06
9.762332800000000361e+02 6.608144291727915696e-06 4.575170077603822286e-06
9.769226099999999633e+02 6.793084246655242713e-06 4.779753748874571575e-06
9.776119400000000041e+02 6.927204258226130187e-06 4.984337420145353899e-06
9.783012099999999691e+02 5.940943684565594196e-06 5.188903284240630246e-06
9.789904800000000478e+02 4.954683110904895574e-06 5.393469148335940474e-06
9.796797500000000127e+02 5.018854083147722453e-06 5.598035012431216821e-06
9.803690199999999777e+02 6.081733938744217351e-06 5.888879002519018930e-06
9.810582299999999805e+02 7.144521272119673085e-06 6.412709409072518899e-06
9.817474399999999832e+02 7.532079743145362030e-06 6.936539815626018868e-06
9.824365800000000490e+02 7.906993508013729152e-06 7.460317019050681762e-06
9.831257299999999759e+02 9.136621721377660043e-06 7.984101822922221915e-06
9.838148800000000165e+02 1.140865580883890855e-05 8.507886626793849312e-06
9.845040299999999434e+02 1.368068989629978098e-05 9.031671430665390312e-06
9.851931200000000217e+02 1.354914133332046085e-05 9.555410631855144291e-06
9.858822000000000116e+02 1.320665246733910261e-05 1.007914223259784906e-05
9.865712899999999763e+02 1.279474308829833697e-05 1.060288143378751834e-05
9.872603100000000040e+02 1.227333391187291294e-05 1.112656743184834800e-05
9.879493400000000065e+02 1.175191716804487380e-05 1.165026103035614385e-05
9.886383700000000090e+02 1.223003126031374620e-05 1.196088951366235571e-05
9.893273299999999608e+02 1.287578879190967964e-05 1.177729276115605077e-05
9.900163000000000011e+02 1.302837276434758542e-05 1.159369334381065092e-05
9.907052599999999529e+02 1.215435966567418714e-05 1.141009659130434598e-05
9.913941700000000310e+02 1.128040999688760823e-05 1.122651316299335121e-05
9.920830700000000206e+02 1.063893604311994102e-05 1.104293239952145135e-05
9.927719700000000103e+02 1.005835663675936414e-05 1.085935163604954979e-05
9.934608799999999746e+02 9.762526773593682583e-06 1.067576820773858552e-05
9.941497200000000021e+02 1.027509391900067652e-05 1.049220343330108904e-05
9.948385600000000295e+02 1.078766106440767047e-05 1.030863865886359256e-05
9.955273399999999810e+02 1.060728147669108169e-05 1.012508987346053166e-05
9.962161300000000210e+02 1.016818037040679187e-05 9.941538423218377547e-06
9.969049099999999726e+02 9.547358129305748723e-06 9.723580252276071227e-06
9.975936900000000378e+02 8.179482793303046305e-06 9.435192559666818749e-06
9.982824100000000271e+02 6.811726613664151141e-06 9.146829988666178044e-06
9.989711300000000165e+02 6.279518935576828959e-06 8.858467417665535644e-06
9.996597900000000436e+02 6.171738380415764872e-06 8.570129968273455887e-06
1.000348449999999957e+03 6.098626051537103690e-06 8.281792518881425259e-06
1.001037109999999984e+03 6.256941079356907298e-06 7.993455069489345503e-06
1.001725770000000011e+03 6.415256107176711753e-06 7.705117620097267440e-06
1.002414369999999963e+03 6.382084619813091977e-06 7.416805292313797762e-06
1.003102970000000028e+03 6.219835723502988736e-06 7.128492964530280649e-06
1.003791560000000004e+03 6.077296276611859194e-06 6.840184823681564070e-06
1.004480099999999993e+03 6.222162837508285929e-06 6.551897617506657035e-06
1.005168639999999982e+03 6.367029398404713512e-06 6.319606841529038313e-06
1.005857179999999971e+03 5.854174228838310097e-06 6.190797343395305490e-06
1.006545650000000023e+03 4.760050708642189766e-06 6.062000940600785396e-06
1.007234130000000050e+03 3.665911296344490230e-06 5.933202667043523773e-06
1.007922609999999963e+03 3.617728992303535771e-06 5.804404393486283325e-06
1.008611020000000053e+03 3.572341820848830519e-06 5.675619215268233584e-06
1.009299440000000004e+03 4.222570369431416333e-06 5.546832166287464336e-06
1.009987849999999980e+03 5.677327881484404238e-06 5.418046988069435770e-06
1.010676270000000045e+03 7.132106525675579640e-06 5.289259939088644499e-06
1.011364619999999945e+03 6.116544551363332395e-06 5.160485985447108309e-06
1.012052919999999972e+03 4.915005259112771502e-06 5.031721385619279766e-06
1.012741269999999986e+03 4.461749425173155582e-06 4.902947431977722400e-06
1.013429570000000012e+03 5.150783200761087827e-06 4.740125976068109856e-06
1.014117859999999951e+03 5.839806965688237286e-06 4.519314983278397612e-06
1.014806090000000040e+03 5.951662500862577737e-06 4.298523239147729035e-06
1.015494320000000016e+03 5.970996326035052445e-06 4.077731495017097727e-06
1.016182559999999967e+03 5.711403841152892756e-06 3.856936542776625949e-06
1.016870790000000056e+03 4.878865655631656636e-06 3.636144798645957796e-06
1.017558959999999956e+03 4.046400050921035561e-06 3.415372303174444271e-06
1.018247129999999970e+03 3.791413598909768247e-06 3.194599807702893900e-06
1.018935240000000022e+03 3.687265846096642888e-06 2.973846560890424889e-06
1.019623349999999959e+03 3.470591265267959124e-06 2.753093314077992301e-06
1.020311460000000011e+03 2.930484248381020167e-06 2.532340067265523290e-06
1.020999569999999949e+03 2.390377231494170994e-06 2.311586820453091126e-06
1.021687620000000038e+03 2.075771831835638326e-06 2.215134468627542006e-06
1.022375670000000014e+03 1.847368798438699525e-06 2.317481258794897892e-06
1.023063719999999989e+03 1.871752782129013331e-06 2.419828048962253777e-06
1.023751710000000003e+03 2.984912897873788268e-06 2.522165914186064750e-06
1.024439699999999903e+03 4.098073013618378977e-06 2.624503779409858781e-06
1.025127690000000030e+03 3.936719000266591161e-06 2.726841644633686695e-06
1.025815550000000030e+03 3.099166031175905482e-06 2.829160172479802553e-06
1.026503539999999930e+03 2.403992699345956703e-06 2.931498037703596585e-06
1.027191409999999905e+03 2.777899707462627382e-06 3.033818053040300368e-06
1.027879269999999906e+03 3.151801279857327918e-06 3.136136580886416226e-06
1.028567140000000109e+03 3.330274499930883323e-06 3.238456596223153890e-06
1.029255000000000109e+03 3.368529683626292154e-06 3.340775124069269748e-06
1.029942870000000084e+03 3.394269052755382945e-06 3.379484412318317729e-06
1.030630619999999908e+03 3.164380336070111423e-06 3.320884483623904966e-06
1.031318479999999909e+03 2.934454850560592596e-06 3.262275182349096641e-06
1.032006229999999960e+03 3.123742592546967897e-06 3.203675253654664397e-06
1.032693970000000036e+03 3.714425766388018635e-06 3.145076177012991843e-06
1.033381710000000112e+03 4.305108940229069374e-06 3.086477100371319289e-06
1.034069340000000011e+03 3.333474074708790512e-06 3.027887396310041872e-06
1.034757080000000087e+03 2.321268662659406411e-06 2.969288319668369318e-06
1.035444700000000012e+03 1.672269192390366475e-06 2.910699467659851593e-06
1.036132319999999936e+03 1.488156434853992740e-06 2.852110615651333867e-06
1.036820069999999987e+03 1.304008869344460574e-06 2.793510686956901623e-06
1.037507569999999987e+03 2.129516508341205053e-06 2.734932059581519244e-06
1.038195189999999911e+03 3.064667388161931028e-06 2.713168533964228651e-06
1.038882810000000063e+03 3.960498635589186642e-06 2.746265400459472734e-06
1.039570310000000063e+03 4.787933926739227643e-06 2.779356491055260275e-06
1.040257810000000063e+03 5.615369217889269492e-06 2.812447581651047815e-06
1.040945310000000063e+03 4.912405119175849343e-06 2.845538672246835355e-06
1.041632810000000063e+03 3.893386431040470680e-06 2.878629762842622896e-06
1.042320310000000063e+03 2.893826099365032293e-06 2.911720853438410436e-06
1.043007689999999911e+03 1.941594212130485363e-06 2.944806168134741011e-06
1.043695189999999911e+03 9.891960881322662997e-07 2.977897258730528552e-06
1.044382569999999987e+03 1.429453695952474032e-06 3.010982573426870138e-06
1.045069950000000063e+03 2.321320393914498148e-06 3.044067888123211724e-06
1.045757319999999936e+03 3.032729577237053420e-06 3.077152721494589598e-06
1.046444700000000012e+03 3.095791291659618365e-06 3.067326570059675883e-06
1.047131959999999935e+03 3.158841997024980192e-06 2.994191404903938960e-06
1.047819340000000011e+03 2.540315699954058883e-06 2.921043469879695061e-06
1.048506589999999960e+03 1.601727677557711666e-06 2.847909368879662747e-06
1.049193850000000111e+03 9.212158911836010718e-07 2.774774203723901260e-06
1.049881100000000060e+03 1.792091086659926993e-06 2.701640102723868947e-06
1.050568359999999984e+03 2.662978954019748842e-06 2.628504937568132024e-06
1.051255490000000009e+03 3.038697455908090469e-06 2.555383606436582123e-06
1.051942749999999933e+03 3.091108354713002644e-06 2.482248441280844777e-06
1.052629879999999957e+03 3.110845497062456938e-06 2.409127110149294876e-06
1.053317019999999957e+03 2.675508065483510099e-06 2.336004714862039943e-06
1.054004149999999981e+03 2.240176969402867031e-06 2.262883383730490042e-06
1.054691280000000006e+03 2.321659354734673482e-06 2.206911594027016875e-06
1.055378300000000081e+03 2.863781955232925044e-06 2.176459016904514535e-06
1.056065430000000106e+03 3.405991355949551211e-06 2.146001563965468619e-06
1.056752439999999979e+03 3.622533964880023193e-06 2.115549430099024780e-06
1.057439450000000079e+03 3.836040535177709596e-06 2.085097296232571201e-06
1.058126459999999952e+03 3.932693044247460910e-06 2.054645162366127786e-06
1.058813480000000027e+03 3.887785104606869072e-06 2.024192585243625445e-06
1.059500489999999900e+03 3.842877818629059907e-06 1.993740451377182030e-06
1.060187380000000076e+03 3.990132296720337544e-06 1.963293636583320364e-06
1.060874270000000024e+03 4.155551293652945402e-06 1.932846821789469285e-06
1.061561159999999973e+03 3.819392042105234473e-06 1.902400006995617995e-06
1.062248049999999921e+03 2.645934458617672308e-06 1.871953192201766704e-06
1.062934940000000097e+03 1.472476875129722203e-06 1.903624278673623336e-06
1.063621830000000045e+03 1.166407865993142118e-06 2.030142841709291972e-06
1.064308590000000095e+03 1.030553692125118703e-06 2.156637459989349161e-06
1.064995480000000043e+03 1.245591909600514981e-06 2.283156023025017797e-06
1.065682250000000067e+03 2.291954412617064822e-06 2.409652483209349793e-06
1.066369020000000091e+03 3.338316915633614027e-06 2.536148943393681789e-06
1.067055659999999989e+03 3.098078616198468258e-06 2.662621458822360410e-06
1.067742430000000013e+03 2.445923439308966870e-06 2.789117919006691982e-06
1.068429080000000113e+03 2.090390034191204543e-06 2.915592276339687338e-06
1.069115839999999935e+03 2.798850226998924243e-06 3.042086894619702599e-06
1.069802490000000034e+03 3.507196944034886737e-06 3.168561251952697532e-06
1.070489139999999907e+03 3.541059410492097134e-06 3.295035609285650959e-06
1.071175780000000032e+03 3.255184909755195070e-06 3.369490412833242871e-06
1.071862300000000005e+03 2.898169673513830563e-06 3.360997590119085665e-06
1.072548950000000104e+03 2.098867930096624710e-06 3.352503159196932415e-06
1.073235470000000078e+03 1.299717514469043041e-06 3.344010336482775209e-06
1.073922000000000025e+03 1.333026604810667635e-06 3.335517390060311559e-06
1.074608519999999999e+03 1.924360570787746210e-06 3.327024567346154777e-06
1.075295039999999972e+03 2.461274926506291013e-06 3.318531744631997994e-06
1.075981569999999920e+03 2.125075716838213421e-06 3.310038798209533921e-06
1.076667969999999968e+03 1.788940169205622603e-06 3.301547459995064198e-06
1.077354370000000017e+03 2.096348437927745442e-06 3.293056121780594051e-06
1.078040770000000066e+03 3.002025130604681268e-06 3.284564783566124328e-06
1.078727169999999887e+03 3.907701823281317668e-06 3.276073445351657146e-06
1.079413569999999936e+03 2.653904615275120563e-06 3.245093031538986427e-06
1.080099979999999960e+03 1.350580348240592197e-06 3.175921578619224792e-06
1.080786250000000109e+03 9.730313055781743079e-07 3.106764233890485960e-06
1.081472659999999905e+03 1.787854994119575293e-06 3.037592780970747195e-06
1.082158940000000030e+03 2.602524362241339308e-06 2.968434428514079735e-06
1.082845209999999952e+03 2.718039374793530492e-06 2.899277083785363772e-06
1.083531369999999924e+03 2.752664182260024513e-06 2.830130824063885153e-06
1.084217650000000049e+03 2.578125780584467831e-06 2.760972471607217693e-06
1.084903929999999946e+03 2.023599626148145753e-06 2.691814119150573104e-06
1.085590089999999918e+03 1.469170433795070919e-06 2.622667859429094484e-06
1.086276249999999891e+03 1.754860782971326942e-06 2.553521599707615865e-06
1.086962399999999889e+03 2.232619106082604429e-06 2.484376347714065450e-06
1.087648560000000089e+03 2.436640203108814863e-06 2.403304882825970687e-06
1.088334589999999935e+03 1.911428889852437974e-06 2.300275063273088173e-06
1.089020749999999907e+03 1.386118051107686155e-06 2.197225719972621381e-06
1.089706789999999955e+03 1.413889317483114798e-06 2.094194398592972621e-06
1.090392820000000029e+03 1.644824928630377288e-06 1.991164579040055802e-06
1.091078860000000077e+03 1.705628925492892944e-06 1.888133257660407253e-06
1.091764889999999923e+03 1.038787595178616495e-06 1.785103438107524527e-06
1.092450810000000047e+03 3.720531880982359399e-07 1.682090138648693374e-06
1.093136839999999893e+03 3.601854731602725972e-07 1.579060319095810860e-06
1.093822750000000042e+03 7.048064808710470848e-07 1.476048521463711648e-06
1.094508669999999938e+03 1.025932562963383251e-06 1.373035222004914800e-06
1.095194580000000087e+03 1.148263759182006857e-06 1.270023424372815589e-06
1.095880490000000009e+03 1.270594955400590017e-06 1.269012136074384129e-06
1.096566409999999905e+03 1.776796692678702877e-06 1.476606190988224851e-06
1.097252199999999903e+03 2.580265856322491184e-06 1.684160901332555988e-06
1.097937989999999900e+03 3.363476960278479369e-06 1.891715611676887337e-06
1.098623779999999897e+03 3.194331432861243775e-06 2.099270322021218685e-06
1.099309569999999894e+03 3.025185905444008180e-06 2.306825032365549610e-06
1.099995359999999891e+03 2.784903170612841963e-06 2.514379742709880959e-06
1.100681149999999889e+03 2.467133672705754015e-06 2.721934453054212308e-06
1.101366819999999962e+03 2.149419778321208950e-06 2.929452845334376010e-06
1.102052490000000034e+03 2.820084813750141034e-06 3.136971237614539290e-06
1.102738160000000107e+03 3.558637094683270345e-06 3.344489629894702569e-06
1.103423829999999953e+03 3.883701326024251104e-06 3.552008022174797239e-06
1.104109500000000025e+03 3.569897566987699890e-06 3.743356200236132414e-06
1.104795170000000098e+03 3.256093807951147830e-06 3.897111253642709522e-06
1.105480710000000045e+03 3.175916988318329122e-06 4.050837155771029135e-06
1.106166259999999966e+03 3.136990534874414094e-06 4.204565300305361584e-06
1.106851809999999887e+03 3.270230664341099217e-06 4.358293444839693186e-06
1.107537350000000060e+03 3.792781189322817575e-06 4.512019346968064469e-06
1.108222899999999981e+03 4.315339336770209145e-06 4.665747491502396070e-06
1.108908449999999903e+03 4.576158305536598934e-06 4.819475636036728519e-06
1.109593869999999924e+03 4.755802453682240742e-06 4.973174629292854295e-06
1.110279299999999921e+03 4.957206689687346660e-06 5.126875864954992907e-06
1.110964719999999943e+03 5.235930143776752821e-06 5.280574858211119530e-06
1.111650149999999940e+03 5.514657664328378222e-06 5.434276093873257295e-06
1.112335569999999962e+03 5.529275573034871452e-06 5.572266235909747705e-06
1.113020999999999958e+03 5.417234186135502945e-06 5.667533148279059152e-06
1.113706300000000056e+03 5.338783381697910456e-06 5.762781992138677945e-06
1.114391599999999926e+03 5.481088534848718586e-06 5.858030835998264550e-06
1.115076900000000023e+03 5.623393687999574150e-06 5.953279679857883343e-06
1.115762210000000096e+03 5.716213077551432328e-06 6.048529913602860633e-06
1.116447509999999966e+03 5.774380865613653853e-06 6.143778757462447238e-06
1.117132689999999911e+03 5.859691865050426854e-06 6.239010922697700532e-06
1.117817990000000009e+03 6.540066801861047558e-06 6.334259766557319325e-06
1.118503169999999955e+03 7.220322601078612562e-06 6.429491931792572620e-06
1.119188349999999900e+03 7.378348569104473515e-06 6.524724097027825067e-06
1.119873540000000048e+03 7.012449241051261782e-06 6.619957652148469047e-06
1.120558590000000095e+03 6.646624674605727194e-06 6.729591205674704181e-06
1.121243770000000040e+03 6.755676927998268368e-06 6.886863485783636420e-06
1.121928830000000062e+03 6.887312823484522049e-06 7.044108221782113902e-06
1.122613890000000083e+03 6.964677918095697085e-06 7.201352957780591385e-06
1.123298950000000104e+03 6.963892032152494984e-06 7.358597693779069715e-06
1.123984009999999898e+03 6.963106146209293730e-06 7.515842429777495529e-06
1.124669069999999920e+03 7.332752525904017049e-06 7.673087165775973012e-06
1.125354000000000042e+03 7.760163424091569482e-06 7.830302062321462854e-06
1.126039060000000063e+03 8.072104163563035650e-06 7.987546798319940337e-06
1.126723999999999933e+03 8.138111640948268564e-06 8.144763990207911394e-06
1.127408940000000030e+03 8.204119118333523501e-06 8.301981182095934968e-06
1.128093869999999924e+03 8.397939712075361949e-06 8.459196078641372294e-06
1.128778690000000097e+03 8.628925407640509405e-06 8.552825330419814797e-06
1.129463619999999992e+03 8.679320920959900652e-06 8.378520007695750916e-06
1.130148439999999937e+03 8.122322991083834456e-06 8.204242678468090064e-06
1.130833249999999907e+03 7.565333194701655982e-06 8.029967894103732726e-06
1.131518070000000080e+03 7.582285338029413416e-06 7.855690564876012581e-06
1.132202880000000050e+03 7.865101031537994160e-06 7.681415780511655243e-06
1.132887699999999995e+03 8.077210183454168609e-06 7.507138451283993544e-06
1.133572390000000041e+03 7.846252163755722752e-06 7.332894205279342750e-06
1.134257080000000087e+03 7.615294144057278589e-06 7.158649959274691109e-06
1.134941769999999906e+03 7.225612886101709447e-06 6.984405713270097914e-06
1.135626459999999952e+03 6.726417158259520171e-06 6.810161467265447120e-06
1.136311159999999973e+03 6.263105007057443516e-06 6.635914676397491965e-06
1.136995850000000019e+03 6.550211283424017007e-06 6.489436923737049394e-06
1.137680419999999913e+03 6.837267241028510940e-06 6.504463074847787474e-06
1.138364990000000034e+03 6.804149760474804193e-06 6.519489225958530636e-06
1.139049559999999929e+03 6.449943914222050237e-06 6.534515377069269563e-06
1.139734130000000050e+03 6.095738067969179391e-06 6.549541528180012726e-06
1.140418699999999944e+03 5.909517845274457479e-06 6.564567679290751653e-06
1.141103149999999914e+03 5.731660725820177182e-06 6.579591196429606966e-06
1.141787720000000036e+03 5.863410288845011607e-06 6.594617347540350128e-06
1.142472170000000006e+03 6.448022321664930928e-06 6.609640864679205441e-06
1.143156619999999975e+03 7.032634354484850249e-06 6.624664381818060754e-06
1.143841059999999970e+03 6.970288700979453926e-06 6.639687679459259594e-06
1.144525509999999940e+03 6.801842680090810044e-06 6.654711196598114907e-06
1.145209839999999986e+03 6.656218344722484750e-06 6.661283152019744280e-06
1.145894289999999955e+03 6.560798182291882797e-06 6.589217254405880046e-06
1.146578610000000026e+03 6.465396143348907326e-06 6.517165044521847555e-06
1.147262940000000071e+03 6.344769381265413970e-06 6.445111781735520837e-06
1.147947269999999889e+03 6.216404963190892218e-06 6.373058518949219529e-06
1.148631470000000036e+03 6.062599803790056864e-06 6.301018943892723706e-06
1.149315800000000081e+03 5.817220603539527228e-06 6.228965681106397834e-06
1.150000000000000000e+03 5.571888017197585694e-06 6.156926106049925729e-06
1.150684199999999919e+03 5.600972826082730271e-06 6.084886530993454470e-06
1.151368410000000040e+03 5.765042167615530410e-06 6.012845903034666114e-06
1.152052609999999959e+03 5.902553538507957877e-06 5.940806327978194855e-06
1.152736820000000080e+03 5.849957146694542537e-06 5.868765700019406499e-06
1.153420900000000074e+03 5.797370748203269218e-06 5.802183268851158827e-06
1.154104980000000069e+03 5.722682673175837691e-06 5.856716668163825575e-06
1.154789060000000063e+03 5.631631189254413078e-06 5.911250067476492324e-06
1.155473140000000058e+03 5.552733340196623060e-06 5.965783466789159072e-06
1.156157230000000027e+03 5.918906945267130774e-06 6.020317663280505971e-06
1.156841310000000021e+03 6.285075197626676370e-06 6.074851062593172719e-06
1.157525270000000091e+03 6.289179719863541281e-06 6.129374895761654794e-06
1.158209229999999934e+03 5.898747244270104213e-06 6.183898728930119928e-06
1.158893190000000004e+03 5.508314768676536703e-06 6.238422562098602003e-06
1.159577150000000074e+03 6.016005586271724164e-06 6.292946395267084925e-06
1.160261109999999917e+03 6.591255846794315338e-06 6.347470228435549212e-06
1.160945069999999987e+03 6.813729796660112855e-06 6.401994061604032134e-06
1.161628909999999905e+03 6.464535555250835273e-06 6.456508328628312595e-06
1.162312740000000076e+03 6.115346420214869350e-06 6.364870688731454678e-06
1.162996579999999994e+03 6.155685270339718155e-06 6.270931733832995267e-06
1.163680419999999913e+03 6.274167602347676534e-06 6.176992778934535855e-06
1.164364260000000058e+03 6.361339896097580172e-06 6.083053824036044257e-06
1.165047970000000078e+03 6.369577167526437586e-06 5.989132727209835255e-06
1.165731809999999996e+03 6.377816005182621664e-06 5.895193772311374997e-06
1.166415529999999990e+03 5.985348522577184916e-06 5.801271301787302534e-06
1.167099240000000009e+03 5.448319265991525650e-06 5.707350204961092685e-06
1.167782840000000078e+03 5.049714207210728760e-06 5.613444218811407171e-06
1.168466550000000097e+03 5.258406365357996388e-06 5.519523121985197322e-06
1.169150270000000091e+03 5.467101575854323388e-06 5.425600651461124859e-06
1.169833859999999959e+03 5.344862515008853965e-06 5.331696039009332452e-06
1.170517460000000028e+03 5.033443503068706972e-06 5.234532236850460962e-06
1.171201049999999896e+03 4.725697639846034225e-06 5.137092252011619354e-06
1.171884639999999990e+03 4.456641824899620903e-06 5.039652267172744711e-06
1.172568119999999908e+03 4.187629305115060364e-06 4.942227961905469731e-06
1.173251710000000003e+03 4.115423033451905238e-06 4.844787977066595088e-06
1.173935179999999946e+03 4.213066090859094667e-06 4.747365097214913839e-06
1.174618649999999889e+03 4.310709148266284942e-06 4.649942217363232591e-06
1.175302120000000059e+03 4.433125914670986195e-06 4.552519337511519155e-06
1.175985599999999977e+03 4.555876375877503510e-06 4.455095032244244175e-06
1.176668949999999995e+03 4.542967822720276918e-06 4.357689257379724134e-06
1.177352419999999938e+03 4.355119226496519803e-06 4.260266377528042885e-06
1.178035769999999957e+03 4.167303611722618600e-06 4.162860602663522844e-06
1.178719119999999975e+03 4.072646150911302095e-06 4.134418129877833370e-06
1.179402469999999994e+03 3.989907381272078100e-06 4.117769990498613961e-06
1.180085690000000113e+03 3.933154670489787469e-06 4.101125018249149147e-06
1.180769039999999904e+03 3.927665663290295299e-06 4.084476878869936514e-06
1.181452269999999999e+03 3.922177619990506490e-06 4.067831662995106288e-06
1.182135500000000093e+03 4.013064774390740610e-06 4.051186447120276909e-06
1.182818729999999960e+03 4.130281908762079026e-06 4.034541231245452612e-06
1.183501950000000079e+03 4.275458361009433427e-06 4.017896258995987798e-06
1.184185179999999946e+03 4.511869341463572251e-06 4.001251043121163501e-06
1.184868289999999888e+03 4.748238799564131087e-06 3.984608750750728387e-06
1.185551390000000083e+03 4.510242456640247100e-06 3.967966702005652756e-06
1.186234500000000025e+03 4.052791117331146093e-06 3.951324409635217642e-06
1.186917599999999993e+03 3.622998893825213363e-06 3.954735346697594855e-06
1.187600709999999935e+03 3.374103217541171614e-06 3.963745651887207251e-06
1.188283809999999903e+03 3.125211184823695573e-06 3.972755825175585327e-06
1.188966799999999921e+03 3.290730179182883725e-06 3.981764547550390969e-06
1.189649779999999964e+03 3.754789516289964907e-06 3.990773138023963139e-06
1.190332760000000007e+03 4.203900590344516589e-06 3.999781728497535309e-06
1.191015750000000025e+03 4.167060082947807129e-06 4.008790450872340952e-06
1.191698730000000069e+03 4.130220114951487970e-06 4.017799041345913969e-06
1.192381589999999960e+03 4.069399528404560232e-06 4.026806049004676845e-06
1.193064579999999978e+03 3.982387128704703545e-06 4.035814771379482487e-06
1.193747440000000097e+03 3.895391290904656986e-06 4.044821779038248751e-06
1.194430299999999988e+03 4.007720002459247821e-06 4.053828786697012474e-06
1.195113160000000107e+03 4.135853544242860133e-06 4.012922690638070853e-06
1.195795900000000074e+03 4.001244501534802497e-06 3.951157572037456861e-06
1.196478759999999966e+03 3.427542219826583615e-06 3.889381597453265574e-06
1.197161499999999933e+03 2.853940755670661666e-06 3.827616478852651582e-06
1.197844239999999900e+03 2.980742556710748207e-06 3.765851360252038014e-06
1.198526980000000094e+03 3.258923594655311357e-06 3.704086241651403693e-06
1.199209720000000061e+03 3.466548590425057275e-06 3.642321123050789701e-06
1.199892329999999902e+03 3.483392966477688967e-06 3.580567765099069747e-06
1.200575070000000096e+03 3.500240550465880712e-06 3.518802646498435426e-06
1.201257689999999911e+03 3.487012765346552796e-06 3.457048383881419057e-06
1.201940309999999954e+03 3.461941698828361914e-06 3.395294121264382360e-06
1.202622920000000022e+03 3.395516479828050191e-06 3.333540763312642077e-06
1.203305540000000065e+03 3.119343012713599529e-06 3.301822359437847625e-06
1.203988039999999955e+03 2.843218095035285530e-06 3.288214429422265254e-06
1.204670650000000023e+03 2.701488375286853386e-06 3.274604306187189738e-06
1.205353149999999914e+03 2.645084440840399175e-06 3.260996376171607790e-06
1.206035640000000058e+03 2.621497197266036226e-06 3.247388645539610623e-06
1.206718139999999948e+03 3.122830381135883114e-06 3.233780715524028251e-06
1.207400509999999940e+03 3.624068072970781039e-06 3.220175377495113666e-06
1.208083010000000058e+03 3.814972732494063815e-06 3.206567447479527059e-06
1.208765380000000050e+03 3.702170545588234824e-06 3.192962109450612475e-06
1.209447750000000042e+03 3.589368358682406680e-06 3.179356771421698313e-06
1.210130130000000008e+03 3.404605533650049969e-06 3.165751234009194289e-06
1.210812500000000000e+03 3.216249807265217615e-06 3.152145895980279704e-06
1.211494750000000067e+03 3.083175507306560028e-06 3.127742765266391596e-06
1.212177120000000059e+03 3.033436361380691459e-06 3.094059030636798504e-06
1.212859380000000101e+03 2.983705233547718761e-06 3.060380725921778756e-06
1.213541629999999941e+03 2.643769558634765115e-06 3.026702914835367133e-06
1.214223880000000008e+03 2.250625302416260559e-06 2.993025103748944499e-06
1.214906009999999924e+03 2.015200634394909381e-06 2.959353216205702910e-06
1.215588259999999991e+03 2.163598278190930780e-06 2.925675405119280276e-06
1.216270389999999907e+03 2.311969820532531577e-06 2.892003517576038687e-06
1.216952510000000075e+03 2.411010935246149725e-06 2.858332123661382355e-06
1.217634639999999990e+03 2.492444821877430327e-06 2.824660236118140766e-06
1.218316769999999906e+03 2.576739998606542370e-06 2.790988348574899601e-06
1.218998900000000049e+03 2.673834248051575690e-06 2.757316461031646577e-06
1.219680910000000040e+03 2.770911416720293448e-06 2.732660082691665445e-06
1.220363039999999955e+03 2.711056948164296305e-06 2.719126548438268500e-06
1.221045039999999972e+03 2.558386813635144540e-06 2.705595593399173153e-06
1.221727049999999963e+03 2.408608761685208175e-06 2.692064439958977552e-06
1.222408940000000030e+03 2.295111078262617915e-06 2.678535667331984565e-06
1.223090940000000046e+03 2.181595085808995092e-06 2.665004712292888794e-06
1.223772830000000113e+03 2.116234288235907181e-06 2.651475939665895807e-06
1.224454709999999977e+03 2.095490458998243151e-06 2.637947365440006462e-06
1.225136600000000044e+03 2.074746325545326194e-06 2.624418592813013476e-06
1.225818479999999909e+03 2.329439811315334467e-06 2.610890018587124131e-06
1.226500369999999975e+03 2.594416761270517564e-06 2.597361245960131144e-06
1.227182129999999916e+03 2.674503623539970891e-06 2.583835052547443567e-06
1.227864010000000007e+03 2.487417767396447704e-06 2.580522014898322197e-06
1.228545779999999922e+03 2.300362091701404109e-06 2.595985833220191686e-06
1.229227540000000090e+03 2.506188716612913012e-06 2.611449424723369766e-06
1.229909180000000106e+03 2.779284878765385538e-06 2.626910294402177666e-06
1.230590940000000046e+03 2.900410427994615763e-06 2.642373885905350663e-06
1.231272580000000062e+03 2.663667828051528175e-06 2.657834755584158139e-06
1.231954349999999977e+03 2.426880077386697697e-06 2.673298573906028052e-06
1.232635989999999993e+03 2.540384672602668754e-06 2.688759443584835528e-06
1.233317630000000008e+03 2.775137820584737218e-06 2.704220313263643427e-06
1.233999150000000100e+03 2.945681575918756514e-06 2.719678461118085804e-06
1.234680789999999888e+03 2.836904995695847637e-06 2.735139330796888621e-06
1.235362300000000005e+03 2.728149160962337217e-06 2.750597251832634506e-06
1.236043820000000096e+03 2.791660045102561823e-06 2.759223675400408777e-06
1.236725339999999960e+03 2.955981346665578203e-06 2.747615187409848638e-06
1.237406860000000052e+03 3.102552447854204068e-06 2.736006699419284687e-06
1.238088379999999916e+03 3.029791783459599372e-06 2.724398211428724124e-06
1.238769780000000083e+03 2.957043930544783352e-06 2.712791767425949561e-06
1.239451170000000047e+03 2.910848962423606354e-06 2.701185493755493533e-06
1.240132569999999987e+03 2.889332977840875122e-06 2.689579049752722782e-06
1.240813959999999952e+03 2.867817309019583712e-06 2.677972776082266754e-06
1.241495359999999891e+03 3.148105947687648934e-06 2.666366332079495579e-06
1.242176760000000058e+03 3.440311659986074633e-06 2.654759888076721016e-06
1.242858030000000099e+03 3.442095849313933831e-06 2.643155658394054376e-06
1.243539309999999887e+03 3.018139745483009554e-06 2.631551258379075977e-06
1.244220579999999927e+03 2.594189864586754282e-06 2.635614818604133526e-06
1.244901859999999942e+03 2.787876723296438633e-06 2.729962296319677155e-06
1.245583129999999983e+03 3.091759617803390136e-06 2.824308389179104318e-06
1.246264280000000099e+03 3.346674140055719812e-06 2.918637863765107198e-06
1.246945429999999988e+03 3.482742622856588272e-06 3.012967338351078737e-06
1.247626590000000078e+03 3.618813103286254543e-06 3.107298197793197236e-06
1.248307739999999967e+03 3.682270346728429371e-06 3.201627672379168775e-06
1.248988890000000083e+03 3.719420684945481875e-06 3.295957146965171655e-06
1.249670039999999972e+03 3.720188305441612705e-06 3.390286621551142770e-06
1.250351069999999936e+03 3.551672779851438639e-06 3.484599477863689179e-06
1.251032099999999900e+03 3.383157254261264572e-06 3.578912334176236011e-06
1.251713130000000092e+03 3.493842770966377183e-06 3.673225190488814183e-06
1.252394170000000031e+03 3.776179318942227688e-06 3.762078611671808902e-06
1.253075199999999995e+03 4.043594681788042396e-06 3.714997471881863198e-06
1.253756100000000060e+03 4.085419405641293591e-06 3.667925319285092771e-06
1.254437130000000025e+03 4.127252114828803105e-06 3.620844179495147067e-06
1.255118040000000065e+03 4.137164276538132283e-06 3.573771335575825575e-06
1.255798950000000104e+03 4.115662257353092491e-06 3.526698491656504083e-06
1.256479739999999993e+03 4.094164027570919442e-06 3.479633943607822472e-06
1.257160640000000058e+03 3.970604169162786102e-06 3.432561791011051621e-06
1.257841429999999946e+03 3.841223913638897035e-06 3.385497242962370434e-06
1.258522220000000061e+03 3.670027897612241227e-06 3.338432694913673154e-06
1.259202999999999975e+03 3.432785728964077109e-06 3.291368838187542185e-06
1.259883790000000090e+03 3.195540075457758991e-06 3.244304290138845328e-06
1.260564579999999978e+03 3.190003592275536281e-06 3.197239742090163717e-06
1.261245239999999967e+03 3.232213195245010056e-06 3.234510771227734457e-06
1.261926030000000083e+03 3.266810019575951306e-06 3.278666816256140600e-06
1.262606690000000071e+03 3.280878901129529355e-06 3.322814429483463866e-06
1.263287350000000060e+03 3.294947782683106980e-06 3.366962042710786709e-06
1.263968020000000024e+03 3.532465104655556597e-06 3.411110304538191123e-06
1.264648560000000089e+03 3.860313377313414734e-06 3.455250134564527061e-06
1.265329220000000078e+03 4.118488204511264453e-06 3.499397747791849904e-06
1.266009769999999889e+03 3.991107255160357264e-06 3.543538226418252166e-06
1.266690309999999954e+03 3.863728177544754834e-06 3.587678056444588103e-06
1.267370850000000019e+03 3.789023039634785856e-06 3.631817886470924041e-06
1.268051269999999931e+03 3.750341835134611895e-06 3.675949933296258250e-06
1.268731809999999996e+03 3.716943388501218820e-06 3.720089763322594187e-06
1.269412229999999909e+03 3.830251967340127269e-06 3.717631077236125853e-06
1.270092650000000049e+03 3.943560546179074258e-06 3.703945351549831632e-06
1.270773069999999962e+03 3.992226930151476320e-06 3.690259625863541647e-06
1.271453490000000102e+03 3.969566802780532108e-06 3.676573900177247426e-06
1.272133910000000014e+03 3.946906675409594672e-06 3.662888174490957864e-06
1.272814210000000003e+03 3.957522100891653721e-06 3.649204862441952775e-06
1.273494509999999991e+03 3.971194862423548219e-06 3.635521550392947687e-06
1.274174800000000005e+03 4.002110457345578753e-06 3.621838439480382865e-06
1.274855099999999993e+03 4.064219506067368144e-06 3.608155127431377776e-06
1.275535399999999981e+03 4.126328554789158382e-06 3.594471815382373110e-06
1.276215580000000045e+03 3.918896102429335928e-06 3.580790916970652918e-06
1.276895870000000059e+03 3.642319734721259204e-06 3.567107806058088096e-06
1.277576049999999896e+03 3.488386820682116873e-06 3.594149570699467164e-06
1.278256229999999960e+03 3.731736104278778328e-06 3.640153531608264516e-06
1.278936279999999897e+03 3.975038877529798304e-06 3.686148699969612487e-06
1.279616459999999961e+03 3.917572010272784723e-06 3.732152660878409839e-06
1.280296509999999898e+03 3.715651701521607844e-06 3.778147829239757810e-06
1.280976560000000063e+03 3.576510586099657288e-06 3.824142997601121027e-06
1.281656739999999900e+03 3.919441074255422608e-06 3.870146958509902710e-06
1.282336669999999913e+03 4.262245518390518380e-06 3.916134010673618194e-06
1.283016720000000078e+03 4.335306993164531152e-06 3.962129179034982259e-06
1.283696779999999990e+03 4.191578238343231161e-06 4.008125023746131454e-06
1.284376710000000003e+03 4.047876958653702213e-06 4.054112075909846939e-06
1.285056640000000016e+03 4.092017553873875840e-06 4.100099128073562423e-06
1.285736570000000029e+03 4.137311520988520949e-06 4.132584382194251262e-06
1.286416500000000042e+03 4.093366714668058079e-06 4.154192771841964412e-06
1.287096309999999903e+03 3.932523430406391704e-06 4.175797347851860732e-06
1.287776249999999891e+03 3.771649388099133379e-06 4.197406055302723943e-06
1.288456050000000005e+03 3.822802152078380436e-06 4.219010313509476979e-06
1.289135860000000093e+03 3.905181550778434810e-06 4.240614889519380076e-06
1.289815669999999955e+03 4.049101055281797726e-06 4.262219465529276396e-06
1.290495359999999891e+03 4.329766136883734472e-06 4.283820227901362663e-06
1.291175169999999980e+03 4.610480770207537117e-06 4.305424803911265760e-06
1.291854859999999917e+03 4.573142898386600942e-06 4.327025566283352027e-06
1.292534550000000081e+03 4.429091888266599263e-06 4.348626328655445917e-06
1.293214230000000043e+03 4.332526793088360483e-06 4.370226773224381276e-06
1.293893919999999980e+03 4.442216484292029518e-06 4.370532648563079311e-06
1.294573489999999993e+03 4.551886809662839171e-06 4.341510444325812963e-06
1.295253169999999955e+03 4.661584503469984469e-06 4.312483542349587032e-06
1.295932739999999967e+03 4.771270208176748553e-06 4.283461338112320684e-06
1.296612300000000005e+03 4.854599979281735967e-06 4.254439560942230785e-06
1.297291870000000017e+03 4.548615868814350521e-06 4.225417356704964437e-06
1.297971309999999903e+03 4.242690292323448838e-06 4.196400704341021581e-06
1.298650879999999916e+03 4.129697715490089773e-06 4.167378500103754386e-06
1.299330320000000029e+03 4.208921696233255493e-06 4.138361847739802213e-06
1.300009769999999889e+03 4.288146842995182351e-06 4.109344768308682060e-06
1.300689210000000003e+03 4.170644760718583879e-06 4.080328115944729040e-06
1.301368649999999889e+03 4.040305084036277899e-06 4.051311463580786184e-06
1.302047970000000078e+03 4.062026793879593236e-06 4.028781851348720704e-06
1.302727290000000039e+03 4.335964286912489019e-06 4.022715605054725320e-06
1.303406739999999900e+03 4.609954202771250186e-06 4.016648197876290348e-06
1.304085939999999937e+03 4.566415964106579523e-06 4.010583023167931182e-06
1.304765259999999898e+03 4.450145414201330158e-06 4.004516776873935798e-06
1.305444580000000087e+03 4.362511288962279005e-06 3.998450530579937873e-06
1.306123779999999897e+03 4.360560648659516575e-06 3.992385355871581248e-06
1.306802979999999934e+03 4.358610008356753297e-06 3.986320181163222083e-06
1.307482299999999896e+03 4.305430031974373856e-06 3.980253934869226699e-06
1.308161380000000008e+03 4.228973080969102516e-06 3.974189831746504598e-06
1.308840580000000045e+03 4.149063148718967867e-06 3.968124657038145432e-06
1.309519780000000083e+03 4.044898956551433736e-06 3.962059482329787113e-06
1.310198849999999993e+03 3.940754701582066992e-06 3.957170970977596653e-06
1.310877930000000106e+03 3.802254570114222133e-06 3.959531677152839030e-06
1.311557009999999991e+03 3.636834701641336973e-06 3.961892383328079714e-06
1.312236079999999902e+03 3.471417269109254741e-06 3.964253054740020981e-06
1.312915040000000090e+03 3.534408024922262477e-06 3.966613343755662734e-06
1.313594119999999975e+03 3.597987663655597929e-06 3.968974049930904264e-06
1.314273069999999962e+03 3.652259948052287488e-06 3.971334304183245753e-06
1.314952029999999922e+03 3.694384797606719491e-06 3.973694593198886659e-06
1.315630979999999909e+03 3.736509026729175148e-06 3.976054847451228147e-06
1.316309809999999970e+03 3.757939010198071350e-06 3.978414684543970705e-06
1.316988769999999931e+03 3.776271120652317025e-06 3.980774973559611610e-06
1.317667599999999993e+03 3.834628569793760792e-06 3.983134810652354168e-06
1.318346440000000030e+03 3.983978891489636790e-06 3.985494682508396142e-06
1.319025270000000091e+03 4.133327013104177785e-06 3.897374945085152443e-06
1.319704099999999926e+03 4.094261882449472449e-06 3.808490135108378228e-06
1.320382810000000063e+03 3.989378436846736906e-06 3.719621037721162482e-06
1.321061519999999973e+03 3.865847188020117007e-06 3.630751940333976382e-06
1.321740360000000010e+03 3.655230626752530423e-06 3.541865820974708786e-06
1.322419069999999920e+03 3.444654399220421366e-06 3.452996723587522686e-06
1.323097659999999905e+03 3.262047479218806217e-06 3.364143338789925125e-06
1.323776370000000043e+03 3.097107669089963937e-06 3.275274241402709802e-06
1.324454960000000028e+03 2.938229111220118370e-06 3.186420856605112240e-06
1.325133669999999938e+03 2.900795962843601403e-06 3.097551759217926140e-06
1.325812259999999924e+03 2.863369432872297876e-06 3.008698374420329002e-06
1.326490720000000010e+03 2.892888647999833748e-06 2.919862011594783290e-06
1.327169309999999996e+03 2.994259275892147236e-06 2.911842813181724559e-06
1.327847899999999981e+03 3.095629903784461147e-06 2.919367787934667070e-06
1.328526370000000043e+03 3.106502851221836760e-06 2.926891431991652205e-06
1.329204829999999902e+03 3.109230963572318565e-06 2.934414965157305229e-06
1.329883299999999963e+03 3.070979930531987247e-06 2.941938609214290364e-06
1.330561770000000024e+03 2.957145066088452079e-06 2.949462253271275499e-06
1.331240109999999959e+03 2.843332013268705883e-06 2.956984455740971148e-06
1.331918580000000020e+03 2.826049882113086971e-06 2.964508099797956282e-06
1.332596919999999955e+03 2.835014608876287360e-06 2.972030302267651931e-06
1.333275270000000091e+03 2.856113476087303083e-06 2.979552615628679691e-06
1.333953610000000026e+03 2.920031392325448213e-06 2.987074818098374916e-06
1.334631840000000011e+03 2.983938943597966563e-06 2.994595800763442759e-06
1.335310179999999946e+03 3.011615338452117011e-06 2.945703359996498716e-06
1.335988399999999956e+03 3.020188777555852830e-06 2.870403833821020044e-06
1.336666629999999941e+03 3.011229628746529920e-06 2.795103197393322910e-06
1.337344849999999951e+03 2.822627197298893536e-06 2.719803671217844239e-06
1.338022950000000037e+03 2.634058135984487946e-06 2.644517468069017190e-06
1.338701170000000047e+03 2.622805769857285192e-06 2.569217941893538519e-06
1.339379269999999906e+03 2.773604250665334182e-06 2.493931738744736457e-06
1.340057369999999992e+03 2.924402731473433993e-06 2.418645535595909408e-06
1.340735470000000078e+03 2.901565641515463248e-06 2.343359332447082359e-06
1.341413569999999936e+03 2.870784648257503000e-06 2.268073129298279874e-06
1.342091550000000097e+03 2.698080717772193653e-06 2.192800249176104024e-06
1.342769649999999956e+03 2.302965318445676964e-06 2.117514046027301963e-06
1.343447629999999890e+03 1.907919840735277488e-06 2.059598479108240892e-06
1.344125610000000052e+03 1.888981238933989729e-06 2.017814337741292104e-06
1.344803589999999986e+03 1.950926239876744562e-06 1.976030196374357291e-06
1.345481449999999995e+03 2.022137042442351089e-06 1.934253450648829111e-06
1.346159419999999955e+03 2.120312576987799380e-06 1.892469925585343968e-06
1.346837279999999964e+03 2.218472182644366457e-06 1.850693179859815788e-06
1.347515139999999974e+03 2.171432706529824963e-06 1.808916434134287819e-06
1.348192990000000009e+03 2.058854541639487903e-06 1.767140304712209096e-06
1.348870850000000019e+03 1.954348412441319767e-06 1.725363558986680915e-06
1.349548579999999902e+03 1.908000903826732299e-06 1.683594825206023012e-06
1.350226319999999987e+03 1.861652711348223276e-06 1.641825475121901463e-06
1.350904170000000022e+03 1.711405023772289643e-06 1.600049345699822953e-06
1.351581789999999955e+03 1.477758035108543022e-06 1.556434807745049534e-06
1.352259520000000066e+03 1.244073117858281412e-06 1.509380121166924461e-06
1.352937259999999924e+03 1.450091157683627267e-06 1.462324740290400716e-06
1.353614870000000110e+03 1.661927967837137316e-06 1.415278385293267869e-06
1.354292480000000069e+03 1.814372759134697207e-06 1.368232030296150904e-06
1.354970090000000027e+03 1.884470738776578298e-06 1.321185675299033939e-06
1.355647709999999961e+03 1.954569752907021791e-06 1.274138626003502208e-06
1.356325319999999920e+03 1.550006885697540602e-06 1.227092271006385243e-06
1.357002809999999954e+03 1.062557036878745439e-06 1.180054247590260292e-06
1.357680299999999988e+03 7.377862727921687377e-07 1.133016224174135552e-06
1.358357790000000023e+03 8.254055239724032364e-07 1.085978200758010601e-06
1.359035280000000057e+03 9.130247751526377351e-07 1.038940177341885862e-06
1.359712770000000091e+03 1.022064508970934732e-06 1.005078626843896056e-06
1.360390139999999974e+03 1.139623438661685794e-06 1.032134797091678984e-06
1.361067630000000008e+03 1.313328383898611039e-06 1.059195760495984834e-06
1.361744999999999891e+03 1.814421729074937312e-06 1.086251930743767973e-06
1.362422360000000026e+03 2.315507676620241570e-06 1.113307701561851439e-06
1.363099609999999984e+03 2.529024277121891139e-06 1.140359078653120761e-06
1.363776980000000094e+03 2.532527934717707748e-06 1.167415248900912794e-06
1.364454220000000078e+03 2.534172034110605781e-06 1.194466226562473336e-06
1.365131470000000036e+03 2.327074572450777177e-06 1.221517603653742870e-06
1.365808719999999994e+03 2.119977110790948573e-06 1.248568980745012192e-06
1.366485959999999977e+03 1.882404625782877312e-06 1.275619958406572734e-06
1.367163209999999935e+03 1.606034547894656758e-06 1.302671335497842056e-06
1.367840329999999994e+03 1.329717520002888993e-06 1.329717520002888993e-06
