9.306945799999999736e+02 1.821133543373729022e-05 1.821133543373729022e-05
9.313851899999999659e+02 1.044712555559962050e-05 1.775064788954701251e-05
9.320757399999999961e+02 2.683590229803208357e-06 1.729000036975926892e-05
9.327663000000000011e+02 5.546591783427043434e-06 1.682934617923778319e-05
9.334568500000000313e+02 1.134983608151069318e-05 1.636869865945003960e-05
9.341473999999999478e+02 1.639518317007625911e-05 1.590805113966237393e-05
9.348378900000000158e+02 1.924846419900349810e-05 1.544744364427716446e-05
9.355283799999999701e+02 2.210174522793026953e-05 1.498683614889202953e-05
9.362188700000000381e+02 1.822550276424470157e-05 1.452622865350682005e-05
9.369093000000000302e+02 1.186581448956963845e-05 1.406566118252422262e-05
9.375997300000000223e+02 7.358284608230618686e-06 1.360509371154162181e-05
9.382901600000000144e+02 1.008833188676142108e-05 1.314452624055902268e-05
9.389805300000000443e+02 1.281814191772677846e-05 1.267419431120857841e-05
9.396708999999999605e+02 1.428479819784664769e-05 1.203515263253324758e-05
9.403612699999999904e+02 1.514866697306152917e-05 1.139611095385781172e-05
9.410515699999999697e+02 1.506263882291073407e-05 1.075713407075220001e-05
9.417418800000000374e+02 9.588456467799912850e-06 1.011814793113653839e-05
9.424321899999999914e+02 4.114274112689992875e-06 9.479161791520981814e-06
9.431224999999999454e+02 4.638331199316629715e-06 8.840175651905425233e-06
9.438127399999999625e+02 8.795977228741568157e-06 8.201254307859587769e-06
9.445029899999999543e+02 1.229271717049530959e-05 7.562323707303806283e-06
9.451931799999999839e+02 9.522965262115696771e-06 6.923448645807798198e-06
9.458833600000000388e+02 6.753253484017620433e-06 6.284582840821734981e-06
9.465735499999999547e+02 5.359908133943282877e-06 5.645707779325831928e-06
9.472637300000000096e+02 5.014522763381125548e-06 5.124361443333727185e-06
9.479538599999999633e+02 4.827102971109751538e-06 5.595275282693971914e-06
9.486439800000000560e+02 8.423592421457824325e-06 6.066182298501658220e-06
9.493341100000000097e+02 1.202013398577738677e-05 6.537096137861902949e-06
9.500241700000000264e+02 1.399670692758522904e-05 7.007962212353608520e-06
9.507142300000000432e+02 1.443142917937011918e-05 7.478828286845314090e-06
9.514043000000000347e+02 1.486615773092967779e-05 7.949701184889657705e-06
9.520943600000000515e+02 1.536356303750711547e-05 8.420567259381361581e-06
9.527843599999999924e+02 1.586192737868297083e-05 8.891392392557088110e-06
9.534743700000000217e+02 1.539894304999040074e-05 9.362224349285527223e-06
9.541643100000000004e+02 1.378962629254765185e-05 9.833008541145350944e-06
9.548542499999999791e+02 1.218030953510490296e-05 1.030379273300517466e-05
9.555441899999999578e+02 1.042281355157325422e-05 1.081915562244018763e-05
9.562341300000000501e+02 8.653773982289854580e-06 1.158144158288474799e-05
9.569240099999999529e+02 7.519646879466874694e-06 1.234366125182893124e-05
9.576138899999999694e+02 7.340899652132993805e-06 1.310588092077323816e-05
9.583037699999999859e+02 7.162152424799112070e-06 1.386810058971754677e-05
9.589935900000000402e+02 9.540152420353231727e-06 1.463025396716172730e-05
9.596834099999999808e+02 1.229863075972949840e-05 1.539240734460578077e-05
9.603731699999999591e+02 1.432589444405363761e-05 1.615449443054970956e-05
9.610629900000000134e+02 1.494354684745188228e-05 1.691664780799388839e-05
9.617527499999999918e+02 1.556114552793074230e-05 1.767873489393781717e-05
9.624424999999999955e+02 1.708047933840128313e-05 1.844081093129840935e-05
9.631322000000000116e+02 1.880790746018526762e-05 1.920283172574221005e-05
9.638219000000000278e+02 1.989559219471754786e-05 1.976483887838529396e-05
9.645116000000000440e+02 1.936463004490796870e-05 1.950643266922506592e-05
9.652012300000000096e+02 1.883372178425383970e-05 1.924805268659036343e-05
9.658908699999999499e+02 1.757240445030778587e-05 1.898966895730917084e-05
9.665805100000000039e+02 1.607250450586689036e-05 1.873128522802793421e-05
9.672701399999999694e+02 1.534646068950310492e-05 1.847290524539323172e-05
9.679597199999999475e+02 1.729694076033769847e-05 1.821454399599102715e-05
9.686492899999999509e+02 1.924739254612827002e-05 1.795618649323531607e-05
9.693388700000000426e+02 1.886710847138371109e-05 1.769782524383307085e-05
9.700283799999999701e+02 1.746235371282657255e-05 1.743949022095639184e-05
9.707178999999999860e+02 1.632969735139337897e-05 1.718115145143318207e-05
9.714073499999999513e+02 1.657671348095897748e-05 1.692283890843549447e-05
9.720968599999999924e+02 1.682375110732317648e-05 1.686429010131903838e-05
9.727863200000000461e+02 1.789425658134867844e-05 1.745564647907695796e-05
9.734757100000000491e+02 1.943866462111444962e-05 1.804694281717126811e-05
9.741651600000000144e+02 2.066512422962740858e-05 1.863829061783431567e-05
9.748545500000000175e+02 1.916221128730497090e-05 1.922958695592862243e-05
9.755438799999999446e+02 1.765942914870270714e-05 1.982083183145409350e-05
9.762332800000000361e+02 1.762184514404444537e-05 2.041213674664327227e-05
9.769226099999999633e+02 1.867220924702913784e-05 2.100338162216874334e-05
9.776119400000000041e+02 1.974211948207418271e-05 2.159462649769431267e-05
9.783012099999999691e+02 2.124284771074514398e-05 2.218581991065104631e-05
9.789904800000000478e+02 2.274357593941635257e-05 2.277701332360787482e-05
9.796797500000000127e+02 2.360969441088968119e-05 2.336820673656460508e-05
9.803690199999999777e+02 2.387245095511706397e-05 2.383338359303274168e-05
9.810582299999999805e+02 2.413518462675077241e-05 2.395818645937627291e-05
9.817474399999999832e+02 2.333092271422420932e-05 2.408298932571980414e-05
9.824365800000000490e+02 2.250682354297509107e-05 2.420777951639026655e-05
9.831257299999999759e+02 2.206058563792227028e-05 2.433257151787114172e-05
9.838148800000000165e+02 2.207520314118014809e-05 2.445736351935204060e-05
9.845040299999999434e+02 2.208982064443802589e-05 2.458215552083291915e-05
9.851931200000000217e+02 2.211133689196546133e-05 2.470693665745118229e-05
9.858822000000000116e+02 2.213345843348213393e-05 2.483171598325898863e-05
9.865712899999999763e+02 2.260927962318478530e-05 2.495649711987723483e-05
9.872603100000000040e+02 2.380101559687835018e-05 2.508126558082240883e-05
9.879493400000000065e+02 2.499276886667319654e-05 2.520603585257801590e-05
9.886383700000000090e+02 2.535274094388689382e-05 2.528606940163938483e-05
9.893273299999999608e+02 2.557312791797284565e-05 2.526233027110351564e-05
9.900163000000000011e+02 2.554013508929472360e-05 2.523859079600292748e-05
9.907052599999999529e+02 2.497970825376939652e-05 2.521485166546705829e-05
9.913941700000000310e+02 2.441932209018685929e-05 2.519111425775475341e-05
9.920830700000000206e+02 2.550417378673855185e-05 2.516737719460716748e-05
9.927719700000000103e+02 2.701999947490990573e-05 2.514364013145958156e-05
9.934608799999999746e+02 2.761882596089250411e-05 2.511990272374728007e-05
9.941497200000000021e+02 2.561436461259828127e-05 2.509616772798797742e-05
9.948385600000000295e+02 2.360990326430405844e-05 2.507243273222867138e-05
9.955273399999999810e+02 2.369638658020358337e-05 2.504869980385765539e-05
9.962161300000000210e+02 2.456353229009594044e-05 2.502496653092192044e-05
9.969049099999999726e+02 2.494622719942021495e-05 2.485978390777101571e-05
9.975936900000000378e+02 2.333747312353250905e-05 2.440508044060747054e-05
9.982824100000000271e+02 2.172885918708653447e-05 2.395041658291002643e-05
9.989711300000000165e+02 2.192773234891263836e-05 2.349575272521258571e-05
9.996597900000000436e+02 2.304462315679047668e-05 2.304112847698117490e-05
1.000348449999999957e+03 2.372394334008061728e-05 2.258650422874983524e-05
1.001037109999999984e+03 2.148226571424309089e-05 2.213187998051842443e-05
1.001725770000000011e+03 1.924058808840556790e-05 2.167725573228701362e-05
1.002414369999999963e+03 1.870019470551603351e-05 2.122267109352170725e-05
1.003102970000000028e+03 1.930655554428080289e-05 2.076808645475632635e-05
1.003791560000000004e+03 1.986201869526591361e-05 2.031350841756867921e-05
1.004480099999999993e+03 1.967531056637215314e-05 1.985896338826940614e-05
1.005168639999999982e+03 1.948860243747839268e-05 1.938116406246739396e-05
1.005857179999999971e+03 1.898528631674430232e-05 1.886039084870527746e-05
1.006545650000000023e+03 1.820219069478575043e-05 1.833967057903490881e-05
1.007234130000000050e+03 1.741908369839374640e-05 1.781894274592287302e-05
1.007922609999999963e+03 1.674541444234636732e-05 1.729821491281092194e-05
1.008611020000000053e+03 1.607210562059221609e-05 1.677754002379063401e-05
1.009299440000000004e+03 1.596245406608756296e-05 1.625685757132876364e-05
1.009987849999999980e+03 1.650473209689624820e-05 1.573618268230856041e-05
1.010676270000000045e+03 1.704701800495882953e-05 1.521550022984660534e-05
1.011364619999999945e+03 1.569744694538744069e-05 1.469487072147656752e-05
1.012052919999999972e+03 1.420548633323658145e-05 1.417427903031485689e-05
1.012741269999999986e+03 1.333524277493392347e-05 1.365364952194473268e-05
1.013429570000000012e+03 1.341416989699439751e-05 1.337999302619505275e-05
1.014117859999999951e+03 1.349309587235833209e-05 1.352682094424937707e-05
1.014806090000000040e+03 1.316938977859639129e-05 1.367363606293851970e-05
1.015494320000000016e+03 1.278113500370425065e-05 1.382045118162763692e-05
1.016182559999999967e+03 1.261482728938093793e-05 1.396726843354428668e-05
1.016870790000000056e+03 1.290444009894140432e-05 1.411408355223342761e-05
1.017558959999999956e+03 1.319402766001135551e-05 1.426088587155731571e-05
1.018247129999999970e+03 1.183908222677606723e-05 1.440768819088122753e-05
1.018935240000000022e+03 1.005476296172392059e-05 1.455447771083993394e-05
1.019623349999999959e+03 9.419897071192298793e-06 1.470126723079861495e-05
1.020311460000000011e+03 1.208887002169641861e-05 1.484805675075731967e-05
1.020999569999999949e+03 1.475784297220009629e-05 1.499484627071600237e-05
1.021687620000000038e+03 1.491470504568081892e-05 1.499963828082695687e-05
1.022375670000000014e+03 1.411115240486982938e-05 1.477731358099683801e-05
1.023063719999999989e+03 1.331472992554485543e-05 1.455498888116671915e-05
1.023751710000000003e+03 1.254908719533202599e-05 1.433268356870958376e-05
1.024439699999999903e+03 1.178344446511932191e-05 1.411037825625248733e-05
1.025127690000000030e+03 1.157314036437992020e-05 1.388807294379531466e-05
1.025815550000000030e+03 1.165752658631278668e-05 1.366580963731300896e-05
1.026503539999999930e+03 1.167032669047386574e-05 1.344350432485591084e-05
1.027191409999999905e+03 1.114614692909511437e-05 1.322123778714477964e-05
1.027879269999999906e+03 1.062197478804811373e-05 1.299897448066247393e-05
1.028567140000000109e+03 1.093391385402270991e-05 1.277670794295126820e-05
1.029255000000000109e+03 1.184572812931946166e-05 1.255444463646896249e-05
1.029942870000000084e+03 1.274664064890822782e-05 1.252915278363521009e-05
1.030630619999999908e+03 1.342447719090133498e-05 1.280516864625310086e-05
1.031318479999999909e+03 1.410242214731790739e-05 1.308122865535581449e-05
1.032006229999999960e+03 1.415602618310092427e-05 1.335724451797379843e-05
1.032693970000000036e+03 1.361187212442225287e-05 1.363325636727499368e-05
1.033381710000000112e+03 1.306771806574358147e-05 1.390926821657619233e-05
1.034069340000000011e+03 1.354053752295234598e-05 1.418523591939256642e-05
1.034757080000000087e+03 1.403973972460973594e-05 1.446124776869376168e-05
1.035444700000000012e+03 1.445604956228861140e-05 1.473721145819335048e-05
1.036132319999999936e+03 1.476632095453941680e-05 1.501317514769293928e-05
1.036820069999999987e+03 1.507665100605119842e-05 1.528919101031092322e-05
1.037507569999999987e+03 1.547968351633287730e-05 1.556510654000899365e-05
1.038195189999999911e+03 1.589285304502264007e-05 1.567715734764616245e-05
1.038882810000000063e+03 1.621394327868317227e-05 1.554501955323987075e-05
1.039570310000000063e+03 1.637517292807829506e-05 1.541290481885997451e-05
1.040257810000000063e+03 1.653640257747342123e-05 1.528079008448007827e-05
1.040945310000000063e+03 1.555963455951511014e-05 1.514867535010018204e-05
1.041632810000000063e+03 1.434784986035528215e-05 1.501656061572028580e-05
1.042320310000000063e+03 1.387444646283946965e-05 1.488444588134038956e-05
1.043007689999999911e+03 1.519046561494052640e-05 1.475235420698688539e-05
1.043695189999999911e+03 1.650671451230395861e-05 1.462023947260698915e-05
1.044382569999999987e+03 1.605912606653599103e-05 1.448814779825344263e-05
1.045069950000000063e+03 1.503956833448660738e-05 1.435605612389989611e-05
1.045757319999999936e+03 1.423676559867837401e-05 1.422396637121525202e-05
1.046444700000000012e+03 1.421272332005477020e-05 1.407923421180705673e-05
1.047131959999999935e+03 1.418868523863422716e-05 1.391587779729637414e-05
1.047819340000000011e+03 1.273926805988789849e-05 1.375249285970888407e-05
1.048506589999999960e+03 1.062054942159018357e-05 1.358913882212125833e-05
1.049193850000000111e+03 9.211832808338557424e-06 1.342578240761052153e-05
1.049881100000000060e+03 1.207114068995675679e-05 1.326242837002289579e-05
1.050568359999999984e+03 1.493049017663678621e-05 1.309907195551221320e-05
1.051255490000000009e+03 1.482499085326522984e-05 1.293574644100134074e-05
1.051942749999999933e+03 1.278293613441518510e-05 1.277239002649065646e-05
1.052629879999999957e+03 1.091187726857176905e-05 1.260906451197978399e-05
1.053317019999999957e+03 1.141773542436124318e-05 1.244573662054585299e-05
1.054004149999999981e+03 1.192358621835902111e-05 1.228241110603498053e-05
1.054691280000000006e+03 1.235991161845780482e-05 1.215162757408021838e-05
1.055378300000000081e+03 1.273419684409249936e-05 1.206927176490647800e-05
1.056065430000000106e+03 1.310854199720354258e-05 1.198690276959695552e-05
1.056752439999999979e+03 1.331065459063456163e-05 1.190454815916285649e-05
1.057439450000000079e+03 1.351116168340489820e-05 1.182219354872873036e-05
1.058126459999999952e+03 1.340439247197291416e-05 1.173983893829463134e-05
1.058813480000000027e+03 1.292537444913993229e-05 1.165748312912089096e-05
1.059500489999999900e+03 1.244636339870997408e-05 1.157512851868679363e-05
1.060187380000000076e+03 1.281773510556720702e-05 1.149278829312806216e-05
1.060874270000000024e+03 1.326948650909506573e-05 1.141044806756935949e-05
1.061561159999999973e+03 1.312404999063617967e-05 1.132810784201065682e-05
1.062248049999999921e+03 1.198171128902022436e-05 1.124576761645195415e-05
1.062934940000000097e+03 1.083937258740389296e-05 1.118333234604887587e-05
1.063621830000000045e+03 1.068821778185725878e-05 1.115128984051972402e-05
1.064308590000000095e+03 1.073153360540938152e-05 1.111925339931777927e-05
1.064995480000000043e+03 1.097206159636888409e-05 1.108721089378862911e-05
1.065682250000000067e+03 1.167974447853702137e-05 1.105517398609997691e-05
1.066369020000000091e+03 1.238742736070515695e-05 1.102313707841132471e-05
1.067055659999999989e+03 1.210146654423215634e-05 1.099110623504989147e-05
1.067742430000000013e+03 1.149735661588161570e-05 1.095906932736124096e-05
1.068429080000000113e+03 1.091763928139344253e-05 1.092703801751309010e-05
1.069115839999999935e+03 1.042498575098629565e-05 1.089500157631115552e-05
1.069802490000000034e+03 9.932411130079130991e-06 1.086297026646300466e-05
1.070489139999999907e+03 1.033044386769278508e-05 1.083093895661486397e-05
1.071175780000000032e+03 1.115065954955912934e-05 1.082955150978122421e-05
1.071862300000000005e+03 1.175758028348211129e-05 1.087702070794577417e-05
1.072548950000000104e+03 1.104057118261377074e-05 1.092449889491730511e-05
1.073235470000000078e+03 1.032369782948183597e-05 1.097196809308185507e-05
1.073922000000000025e+03 1.005957034652534339e-05 1.101943798269309470e-05
1.074608519999999999e+03 1.009894011789532286e-05 1.106690718085764466e-05
1.075295039999999972e+03 1.012396631933229217e-05 1.111437637902219631e-05
1.075981569999999920e+03 9.918861180881391375e-06 1.116184626863343594e-05
1.076667969999999968e+03 9.713794880744882598e-06 1.120930716943771152e-05
1.077354370000000017e+03 1.008802000328311192e-05 1.125676807024198710e-05
1.078040770000000066e+03 1.100078152015308815e-05 1.130422897104626269e-05
1.078727169999999887e+03 1.191354303702276115e-05 1.135168987185052133e-05
1.079413569999999936e+03 1.084730553716005404e-05 1.136887053496917230e-05
1.080099979999999960e+03 9.735681335980497780e-06 1.133463003403595249e-05
1.080786250000000109e+03 9.433180107817095943e-06 1.130039651678613965e-05
1.081472659999999905e+03 1.017281958161868729e-05 1.126615601585293171e-05
1.082158940000000030e+03 1.091231897422776643e-05 1.123192199976859077e-05
1.082845209999999952e+03 1.060312413608951662e-05 1.119768848251878809e-05
1.083531369999999924e+03 1.017267482508560419e-05 1.116346045244880638e-05
1.084217650000000049e+03 9.989315186732067751e-06 1.112922643636446543e-05
1.084903929999999946e+03 1.025496824155429450e-05 1.109499242028013466e-05
1.085590089999999918e+03 1.052057484541400073e-05 1.106076439021015294e-05
1.086276249999999891e+03 1.073400059380668875e-05 1.102653636014017123e-05
1.086962399999999889e+03 1.093549339564604180e-05 1.099230882890471931e-05
1.087648560000000089e+03 1.088344399666531790e-05 1.088009310056851177e-05
1.088334589999999935e+03 1.015601649238738368e-05 1.062419633229239376e-05
1.089020749999999907e+03 9.428451143444278027e-06 1.036825107258017424e-05
1.089706789999999955e+03 9.414548823393262996e-06 1.011235057419351612e-05
1.090392820000000029e+03 9.662794769958719349e-06 9.856453805917311719e-06
1.091078860000000077e+03 9.694461461103740316e-06 9.600553307530651910e-06
1.091764889999999923e+03 8.799831853354675819e-06 9.344656539254533902e-06
1.092450810000000047e+03 7.905345693059227070e-06 9.088800802193435500e-06
1.093136839999999893e+03 7.483502822167814884e-06 8.832904033917315798e-06
1.093822750000000042e+03 7.319060377849203567e-06 8.577052026966672799e-06
1.094508669999999938e+03 7.214415479815597698e-06 8.321196289905657406e-06
1.095194580000000087e+03 7.615630335580858785e-06 8.065344282955014407e-06
1.095880490000000009e+03 8.016845191345986889e-06 7.921195189042096567e-06
1.096566409999999905e+03 8.405432802275865297e-06 8.005492128874607341e-06
1.097252199999999903e+03 8.784160557826019403e-06 8.089773092205236339e-06
1.097937989999999900e+03 9.164258220663531023e-06 8.174054055535865337e-06
1.098623779999999897e+03 9.608756932248359653e-06 8.258335018866496028e-06
1.099309569999999894e+03 1.005325564383318828e-05 8.342615982197125026e-06
1.099995359999999891e+03 1.017563334421542279e-05 8.426896945527754024e-06
1.100681149999999889e+03 9.947138197824311696e-06 8.511177908858384716e-06
1.101366819999999962e+03 9.718683033669087823e-06 8.595444124648813979e-06
1.102052490000000034e+03 9.205373843114248730e-06 8.679710340439244937e-06
1.102738160000000107e+03 8.672499327318512521e-06 8.763976556229674200e-06
1.103423829999999953e+03 8.559905626537463435e-06 8.848242772020076358e-06
1.104109500000000025e+03 9.096675214363144791e-06 9.028899666725993974e-06
1.104795170000000098e+03 9.633444802188826148e-06 9.433649251793889062e-06
1.105480710000000045e+03 1.015744602526845939e-05 9.838322098130163350e-06
1.106166259999999966e+03 1.067921778001669405e-05 1.024300084744577249e-05
1.106851809999999887e+03 1.115445150876220721e-05 1.064767959676137994e-05
1.107537350000000060e+03 1.152444401742119735e-05 1.105235244309778976e-05
1.108222899999999981e+03 1.189444192317589626e-05 1.145703119241339721e-05
1.108908449999999903e+03 1.212245970895214077e-05 1.186170994172900635e-05
1.109593869999999924e+03 1.230642789567459197e-05 1.226631195231313022e-05
1.110279299999999921e+03 1.254901843874666527e-05 1.267091986587658725e-05
1.110964719999999943e+03 1.299992930170935804e-05 1.307552187646070943e-05
1.111650149999999940e+03 1.345084674327877281e-05 1.348012979002416646e-05
1.112335569999999962e+03 1.389617791144819145e-05 1.386275840919480220e-05
1.113020999999999958e+03 1.433883967161902974e-05 1.418562894809329025e-05
1.113706300000000056e+03 1.481468573331549228e-05 1.450843825073129386e-05
1.114391599999999926e+03 1.550930784828090110e-05 1.483124755336918905e-05
1.115076900000000023e+03 1.620392996324653692e-05 1.515405685600719266e-05
1.115762210000000096e+03 1.630275275123878052e-05 1.547687086912676366e-05
1.116447509999999966e+03 1.598440201927662447e-05 1.579968017176466055e-05
1.117132689999999911e+03 1.571821691238148338e-05 1.612243294862363699e-05
1.117817990000000009e+03 1.659393924583848259e-05 1.644524225126164230e-05
1.118503169999999955e+03 1.746950823524156247e-05 1.676799502812061874e-05
1.119188349999999900e+03 1.786640805225579774e-05 1.709074780497959857e-05
1.119873540000000048e+03 1.778308833415990147e-05 1.741350529232025082e-05
1.120558590000000095e+03 1.769978564018948882e-05 1.770547376972221858e-05
1.121243770000000040e+03 1.835589766074314803e-05 1.789603971067384912e-05
1.121928830000000062e+03 1.904708434778887757e-05 1.808657227658110991e-05
1.122613890000000083e+03 1.971363176915544914e-05 1.827710484248837070e-05
1.123298950000000104e+03 2.034469818154634670e-05 1.846763740839563487e-05
1.123984009999999898e+03 2.097576459393703420e-05 1.865816997430283129e-05
1.124669069999999920e+03 2.045539430040353235e-05 1.884870254021009546e-05
1.125354000000000042e+03 1.975535181826178582e-05 1.903919894981929777e-05
1.126039060000000063e+03 1.927397519915165951e-05 1.922973151572655856e-05
1.126723999999999933e+03 1.925825913310755434e-05 1.942023070658938861e-05
1.127408940000000030e+03 1.924254306706344578e-05 1.961072989745228304e-05
1.128093869999999924e+03 1.958805416624224432e-05 1.980122630706142097e-05
1.128778690000000097e+03 2.003863340572051654e-05 1.993431376287072576e-05
1.129463619999999992e+03 2.018745813167600948e-05 1.982553440189083294e-05
1.130148439999999937e+03 1.932132242266562327e-05 1.971677251091474335e-05
1.130833249999999907e+03 1.845519936129559464e-05 1.960801220812081184e-05
1.131518070000000080e+03 1.844461972492345263e-05 1.949925031714468498e-05
1.132202880000000050e+03 1.883034890690321082e-05 1.939049001435075347e-05
1.132887699999999995e+03 1.919554671693977788e-05 1.928172812337466049e-05
1.133572390000000041e+03 1.943200373710723516e-05 1.917298687876669029e-05
1.134257080000000087e+03 1.966846075727469244e-05 1.906424563415871670e-05
1.134941769999999906e+03 1.952539015387164649e-05 1.895550438955078377e-05
1.135626459999999952e+03 1.912045640453624467e-05 1.884676314494281019e-05
1.136311159999999973e+03 1.872976910852865103e-05 1.873802031215267852e-05
1.136995850000000019e+03 1.863707816294382088e-05 1.864768046974464146e-05
1.137680419999999913e+03 1.854440346254072796e-05 1.866437126615966077e-05
1.138364990000000034e+03 1.856152491974075863e-05 1.868106206257468685e-05
1.139049559999999929e+03 1.868875628801780161e-05 1.869775285898970615e-05
1.139734130000000050e+03 1.881598765629488525e-05 1.871444365540473223e-05
1.140418699999999944e+03 1.897202724954733560e-05 1.873113445181975154e-05
1.141103149999999914e+03 1.912946809921878266e-05 1.874782232246302100e-05
1.141787720000000036e+03 1.890746275243500416e-05 1.876451311887804708e-05
1.142472170000000006e+03 1.813046663896917572e-05 1.878120098952131315e-05
1.143156619999999975e+03 1.735347052550334390e-05 1.879788886016458261e-05
1.143841059999999970e+03 1.783262754496702207e-05 1.881457648699353817e-05
1.144525509999999940e+03 1.851779842247444556e-05 1.883126435763680424e-05
1.145209839999999986e+03 1.884303312166452532e-05 1.886041637143741551e-05
1.145894289999999955e+03 1.837535652308490511e-05 1.900561164200670455e-05
1.146578610000000026e+03 1.790776875196933575e-05 1.915077933512671082e-05
1.147262940000000071e+03 1.828554830032487014e-05 1.929594914958896961e-05
1.147947269999999889e+03 1.892265976985071094e-05 1.944111896405117758e-05
1.148631470000000036e+03 1.947610900248866010e-05 1.958626120106415360e-05
1.149315800000000081e+03 1.972934033714720780e-05 1.973143101552640900e-05
1.150000000000000000e+03 1.998252356625209293e-05 1.987657325253934097e-05
1.150684199999999919e+03 2.029673246046544250e-05 2.002171548955226956e-05
1.151368410000000040e+03 2.064096406937516892e-05 2.016685984790749471e-05
1.152052609999999959e+03 2.092265034917064221e-05 2.031200208492042330e-05
1.152736820000000080e+03 2.075661845561038566e-05 2.045714644327564845e-05
1.153420900000000074e+03 2.059061810813420294e-05 2.059765318346821298e-05
1.154104980000000069e+03 2.049474335946419766e-05 2.063560725944022379e-05
1.154789060000000063e+03 2.045078747067454359e-05 2.067356133541223799e-05
1.155473140000000058e+03 2.041430111198152129e-05 2.071151541138424880e-05
1.156157230000000027e+03 2.065135240615363876e-05 2.074947004217552184e-05
1.156841310000000021e+03 2.088840023511952216e-05 2.078742411814753604e-05
1.157525270000000091e+03 2.097632577565233504e-05 2.082537153628842382e-05
1.158209229999999934e+03 2.090177083056414151e-05 2.086331895442930482e-05
1.158893190000000004e+03 2.082721588547592427e-05 2.090126637257019599e-05
1.159577150000000074e+03 2.104862924220650953e-05 2.093921379071108377e-05
1.160261109999999917e+03 2.129230619431055326e-05 2.097716120885196478e-05
1.160945069999999987e+03 2.133713254633561767e-05 2.101510862699285594e-05
1.161628909999999905e+03 2.105973891860937083e-05 2.105304938730261053e-05
1.162312740000000076e+03 2.078234934729428256e-05 2.087012686239192439e-05
1.162996579999999994e+03 2.113956393665414454e-05 2.068372595339458805e-05
1.163680419999999913e+03 2.162408605595821546e-05 2.049732504439725171e-05
1.164364260000000058e+03 2.162001558536294239e-05 2.031092413539985100e-05
1.165047970000000078e+03 2.038442487103426262e-05 2.012455866176480750e-05
1.165731809999999996e+03 1.914859922260671516e-05 1.993815775276747116e-05
1.166415529999999990e+03 1.861113420338655458e-05 1.975178955333533446e-05
1.167099240000000009e+03 1.832555546065875291e-05 1.956542407970029095e-05
1.167782840000000078e+03 1.816133203114826032e-05 1.937908858983335050e-05
1.168466550000000097e+03 1.852968153584804288e-05 1.919272311619830699e-05
1.169150270000000091e+03 1.889803642805866355e-05 1.900635491676617029e-05
1.169833859999999959e+03 1.882562758175355334e-05 1.882002215269638741e-05
1.170517460000000028e+03 1.850126546226425614e-05 1.854363602413810282e-05
1.171201049999999896e+03 1.819484343194455476e-05 1.825958057082866513e-05
1.171884639999999990e+03 1.807757274875362657e-05 1.797552511751913595e-05
1.172568119999999908e+03 1.796032093619446727e-05 1.769151537304080042e-05
1.173251710000000003e+03 1.757840867449331795e-05 1.740745991973127125e-05
1.173935179999999946e+03 1.696823760089658314e-05 1.712345433060120511e-05
1.174618649999999889e+03 1.635806652729984833e-05 1.683944874147113896e-05
1.175302120000000059e+03 1.665997398610689982e-05 1.655544315234098134e-05
1.175985599999999977e+03 1.697410535807629479e-05 1.627143340786264581e-05
1.176668949999999995e+03 1.684342214948980458e-05 1.598747768291195121e-05
1.177352419999999938e+03 1.613908795571555207e-05 1.570347209378188507e-05
1.178035769999999957e+03 1.543487742516455645e-05 1.541951636883119047e-05
1.178719119999999975e+03 1.522915121625540996e-05 1.522668098414025415e-05
1.179402469999999994e+03 1.508720128919664639e-05 1.504942930325610757e-05
1.180085690000000113e+03 1.512072316395681877e-05 1.487221134260097617e-05
1.180769039999999904e+03 1.550064087655025793e-05 1.469495966171688889e-05
1.181452269999999999e+03 1.588049187351423317e-05 1.451773910719799101e-05
1.182135500000000093e+03 1.567410513693865437e-05 1.434051855267909313e-05
1.182818729999999960e+03 1.530755657293463585e-05 1.416329799816025284e-05
1.183501950000000079e+03 1.497531243965621710e-05 1.398608003750512145e-05
1.184185179999999946e+03 1.475497583764091562e-05 1.380885948298628286e-05
1.184868289999999888e+03 1.453467793473458990e-05 1.363167005483269297e-05
1.185551390000000083e+03 1.402735384035434691e-05 1.345448322054280858e-05
1.186234500000000025e+03 1.338723555664246871e-05 1.327729379238921868e-05
1.186917599999999993e+03 1.284005538812140402e-05 1.309743816282874498e-05
1.187600709999999935e+03 1.290080945083640648e-05 1.291683470288430370e-05
1.188283809999999903e+03 1.296156262417689231e-05 1.273623388678140189e-05
1.188966799999999921e+03 1.266874572608235743e-05 1.255566215293551046e-05
1.189649779999999964e+03 1.212120274133692575e-05 1.237509306293115849e-05
1.190332760000000007e+03 1.159353214591442636e-05 1.219452397292680653e-05
1.191015750000000025e+03 1.171189207393364375e-05 1.201395223908091340e-05
1.191698730000000069e+03 1.183025026898564529e-05 1.183338314907656144e-05
1.192381589999999960e+03 1.169992575051655120e-05 1.165284578517081861e-05
1.193064579999999978e+03 1.129817931046090303e-05 1.147227405132492548e-05
1.193747440000000097e+03 1.089650933863636694e-05 1.129173668741912166e-05
1.194430299999999988e+03 1.100459902425704857e-05 1.111119932351337884e-05
1.195113160000000107e+03 1.115310854210411036e-05 1.095589296880115119e-05
1.195795900000000074e+03 1.122164930823413768e-05 1.081116174891801820e-05
1.196478759999999966e+03 1.115659836645574718e-05 1.066640509073278567e-05
1.197161499999999933e+03 1.109155885617577254e-05 1.052167387084965268e-05
1.197844239999999900e+03 1.087252083588489867e-05 1.037694265096651969e-05
1.198526980000000094e+03 1.062019888034081699e-05 1.023221143108333757e-05
1.199209720000000061e+03 1.048413043356746537e-05 1.008748021120020458e-05
1.199892329999999902e+03 1.066236743598484553e-05 9.942776549477723479e-06
1.200575070000000096e+03 1.084063838283664379e-05 9.798045329594543056e-06
1.201257689999999911e+03 1.037667750912799657e-05 9.653339548013557044e-06
1.201940309999999954e+03 9.659801700873464671e-06 9.508633766432521904e-06
1.202622920000000022e+03 9.167644338786147174e-06 9.363930104709991672e-06
1.203305540000000065e+03 9.815182978701304678e-06 9.236716709424223277e-06
1.203988039999999955e+03 1.046260778568322458e-05 9.120069669895099654e-06
1.204670650000000023e+03 1.037775132310732470e-05 9.003403830110490131e-06
1.205353149999999914e+03 9.828204656243611900e-06 8.886756790581366508e-06
1.206035640000000058e+03 9.292794698562368283e-06 8.770111460166333305e-06
1.206718139999999948e+03 8.983378124142696346e-06 8.653464420637209682e-06
1.207400509999999940e+03 8.674020486213345862e-06 8.536839599591788374e-06
1.208083010000000058e+03 8.586739766708232125e-06 8.420192560062625788e-06
1.208765380000000050e+03 8.716775621058007036e-06 8.303567739017204480e-06
1.209447750000000042e+03 8.846811475407780252e-06 8.186942917971783173e-06
1.210130130000000008e+03 8.438266847024648525e-06 8.070316387812234176e-06
1.210812500000000000e+03 8.002816602243079542e-06 7.953691566766814562e-06
1.211494750000000067e+03 7.920981417917608459e-06 7.874067788182842400e-06
1.212177120000000059e+03 8.372550199433565223e-06 7.826192695972591180e-06
1.212859380000000101e+03 8.824046186767561101e-06 7.778325321364433785e-06
1.213541629999999941e+03 8.982683026181157937e-06 7.730458648356482138e-06
1.214223880000000008e+03 9.087625915291276121e-06 7.682591975348513551e-06
1.214906009999999924e+03 8.969477911627962564e-06 7.634733721542842841e-06
1.215588259999999991e+03 8.308149097982897699e-06 7.586867048534875101e-06
1.216270389999999907e+03 7.646936604539719876e-06 7.539008794729205239e-06
1.216952510000000075e+03 7.480789881017528975e-06 7.491151242523708938e-06
1.217634639999999990e+03 7.491360625916781629e-06 7.443292988718039075e-06
1.218316769999999906e+03 7.481330082111662994e-06 7.395434734912370060e-06
1.218998900000000049e+03 7.379146214752172386e-06 7.347576481106684104e-06
1.219680910000000040e+03 7.276980323532271101e-06 7.298075170663607098e-06
1.220363039999999955e+03 7.181434168898577268e-06 7.246525514704268937e-06
1.221045039999999972e+03 7.089832088181086971e-06 7.194985683053009425e-06
1.221727049999999963e+03 7.040358942140260927e-06 7.143445095685745036e-06
1.222408940000000030e+03 7.518614697803727278e-06 7.091913576910554419e-06
1.223090940000000046e+03 7.996947603935888852e-06 7.040373745259294907e-06
1.223772830000000113e+03 7.874981537977865056e-06 6.988842226484104291e-06
1.224454709999999977e+03 7.196697461206700666e-06 6.937311463424934645e-06
1.225136600000000044e+03 6.518403437170759940e-06 6.885779944649744028e-06
1.225818479999999909e+03 6.693975036923378843e-06 6.834249181590575229e-06
1.226500369999999975e+03 6.901416371452546720e-06 6.782717662815384613e-06
1.227182129999999916e+03 6.885410330513838308e-06 6.731195968348289586e-06
1.227864010000000007e+03 6.546463988630384940e-06 6.695268586589765593e-06
1.228545779999999922e+03 6.207572325132669032e-06 6.688026267884194670e-06
1.229227540000000090e+03 6.581615032471595030e-06 6.680784055406802738e-06
1.229909180000000106e+03 7.077726685207032787e-06 6.673543117667585794e-06
1.230590940000000046e+03 7.409665223007018646e-06 6.666300905190195555e-06
1.231272580000000062e+03 7.354881811449940372e-06 6.659059967450978611e-06
1.231954349999999977e+03 7.300087951791963751e-06 6.651817648745407688e-06
1.232635989999999993e+03 7.163349446936122701e-06 6.644576711006190744e-06
1.233317630000000008e+03 6.998239732855401525e-06 6.637335773266973801e-06
1.233999150000000100e+03 6.836153526708798922e-06 6.630096110265929304e-06
1.234680789999999888e+03 6.687074832230639523e-06 6.622855172526714901e-06
1.235362300000000005e+03 6.538024569520325133e-06 6.615615615753851089e-06
1.236043820000000096e+03 6.666379555979055614e-06 6.620214724659830404e-06
1.236725339999999960e+03 6.957071763267915690e-06 6.659879139547980551e-06
1.237406860000000052e+03 7.235518572297762193e-06 6.699543554436145097e-06
1.238088379999999916e+03 7.362654141804462999e-06 6.739207969324295243e-06
1.238769780000000083e+03 7.489767325660997205e-06 6.778865400221111461e-06
1.239451170000000047e+03 7.575532282668066466e-06 6.818522249118636016e-06
1.240132569999999987e+03 7.622867448750075600e-06 6.858179680015437833e-06
1.240813959999999952e+03 7.670201920156916278e-06 6.897836528912962388e-06
1.241495359999999891e+03 7.486477600789811930e-06 6.937493959809765053e-06
1.242176760000000058e+03 7.293629654118963375e-06 6.977151390706580423e-06
1.242858030000000099e+03 7.163300266680885317e-06 7.016801255612757496e-06
1.243539309999999887e+03 7.124581028415883587e-06 7.056451702518198280e-06
1.244220579999999927e+03 7.085862358481631650e-06 7.094779208418133783e-06
1.244901859999999942e+03 7.078008673951379201e-06 7.125487333491968920e-06
1.245583129999999983e+03 7.075662087893410627e-06 7.156195007824185481e-06
1.246264280000000099e+03 7.203168967480261432e-06 7.186897273256968112e-06
1.246945429999999988e+03 7.646173539357801536e-06 7.217599538689740579e-06
1.247626590000000078e+03 8.089184615009557261e-06 7.248302254864140940e-06
1.248307739999999967e+03 8.308904979879919568e-06 7.279004520296913406e-06
1.248988890000000083e+03 8.447729927954168488e-06 7.309706785729696038e-06
1.249670039999999972e+03 8.494698889082804940e-06 7.340409051162467657e-06
1.250351069999999936e+03 8.114268247785265696e-06 7.371105907695805348e-06
1.251032099999999900e+03 7.733837606487726452e-06 7.401802764229143886e-06
1.251713130000000092e+03 7.539114112438956087e-06 7.432499620762491741e-06
1.252394170000000031e+03 7.458558255260250789e-06 7.463983209979524568e-06
1.253075199999999995e+03 7.391244783251722934e-06 7.515038830607847443e-06
1.253756100000000060e+03 7.524145774934951489e-06 7.566084705364951099e-06
1.254437130000000025e+03 7.657072140577506297e-06 7.617140325993273127e-06
1.255118040000000065e+03 7.818354366464432640e-06 7.668186950432777089e-06
1.255798950000000104e+03 8.007572135292780782e-06 7.719233574872280204e-06
1.256479739999999993e+03 8.196756557375908017e-06 7.770271203122947466e-06
1.257160640000000058e+03 7.981436686372506272e-06 7.821317077880051970e-06
1.257841429999999946e+03 7.743001774379841020e-06 7.872354706130719231e-06
1.258522220000000061e+03 7.666092716126553933e-06 7.923392334381403434e-06
1.259202999999999975e+03 7.844317475440496499e-06 7.974429212949670390e-06
1.259883790000000090e+03 8.022544852703892342e-06 8.025466841200354592e-06
1.260564579999999978e+03 8.078604479534884239e-06 8.076504469451021854e-06
1.261245239999999967e+03 8.109480022447737997e-06 8.182321447489505393e-06
1.261926030000000083e+03 8.255190632955764101e-06 8.292627377714520271e-06
1.262606690000000071e+03 8.710084469854779206e-06 8.402912244511837018e-06
1.263287350000000060e+03 9.164978306753796005e-06 8.513197111309153765e-06
1.263968020000000024e+03 9.053073854154587753e-06 8.623483598370133604e-06
1.264648560000000089e+03 8.711939715858628552e-06 8.733749022003450889e-06
1.265329220000000078e+03 8.424855416135431738e-06 8.844033888800767636e-06
1.266009769999999889e+03 8.436968328497022158e-06 8.954300932697712437e-06
1.266690309999999954e+03 8.449081062871511609e-06 9.064566356331029722e-06
1.267370850000000019e+03 8.666130724987936015e-06 9.174831779964347006e-06
1.268051269999999931e+03 9.023248107949139783e-06 9.285077760433629252e-06
1.268731809999999996e+03 9.373452754444790182e-06 9.395343184066946537e-06
1.269412229999999909e+03 9.530131168632384648e-06 9.435777268575251052e-06
1.270092650000000049e+03 9.686809582820031631e-06 9.459388674591337216e-06
1.270773069999999962e+03 9.896790897513516437e-06 9.483000080607413215e-06
1.271453490000000102e+03 1.016558689115507279e-05 9.506611486623497685e-06
1.272133910000000014e+03 1.043438288479653936e-05 9.530222892639575379e-06
1.272814210000000003e+03 1.021299791976834788e-05 9.553830134508918732e-06
1.273494509999999991e+03 9.946574395061151712e-06 9.577437376378263780e-06
1.274174800000000005e+03 9.829372256742902544e-06 9.601044271235379695e-06
1.274855099999999993e+03 9.982105829385794256e-06 9.624651513104723048e-06
1.275535399999999981e+03 1.013483940202868597e-05 9.648258754974068095e-06
1.276215580000000045e+03 9.989730353216713944e-06 9.671861832696678803e-06
1.276895870000000059e+03 9.768234872297958449e-06 9.695468727553794718e-06
1.277576049999999896e+03 9.614382984035174646e-06 9.687025723834216483e-06
1.278256229999999960e+03 9.679614653955948827e-06 9.663660707644189932e-06
1.278936279999999897e+03 9.744833856416493996e-06 9.640300157113412086e-06
1.279616459999999961e+03 9.474144377875627927e-06 9.616935140923385536e-06
1.280296509999999898e+03 9.042183330527849648e-06 9.593574590392607690e-06
1.280976560000000063e+03 8.620219409895105945e-06 9.570214039861823068e-06
1.281656739999999900e+03 8.274945433209802566e-06 9.546849023671804987e-06
1.282336669999999913e+03 7.929798361893828301e-06 9.523492595288019039e-06
1.283016720000000078e+03 8.102784639442179600e-06 9.500132044757232723e-06
1.283696779999999990e+03 8.692150647663218950e-06 9.476771150714206540e-06
1.284376710000000003e+03 9.281403992911858771e-06 9.453414722330420592e-06
1.285056640000000016e+03 9.377363601913641701e-06 9.430058293946634644e-06
1.285736570000000029e+03 9.470294327545413038e-06 9.391212782955536985e-06
1.286416500000000042e+03 9.342325286359596758e-06 9.339889478133307194e-06
1.287096309999999903e+03 8.924991619185516605e-06 9.288575231297322893e-06
1.287776249999999891e+03 8.507578145334886651e-06 9.237251171642908660e-06
1.288456050000000005e+03 8.518655966326504943e-06 9.185937679639090167e-06
1.289135860000000093e+03 8.592836467525605501e-06 9.134623432803087232e-06
1.289815669999999955e+03 8.725770809895985362e-06 9.083309185967102932e-06
1.290495359999999891e+03 8.989260281497247172e-06 9.032003997117342100e-06
1.291175169999999980e+03 9.252796272447965848e-06 8.980689750281339165e-06
1.291854859999999917e+03 9.091301674371713240e-06 8.929384561431580027e-06
1.292534550000000081e+03 8.787193986340597360e-06 8.878079372581803948e-06
1.293214230000000043e+03 8.614656165609622311e-06 8.826774938564229252e-06
1.293893919999999980e+03 9.013598743581686932e-06 8.777900146233563148e-06
1.294573489999999993e+03 9.412470887812889094e-06 8.732381205593608243e-06
1.295253169999999955e+03 9.225911525700467692e-06 8.686854896936424219e-06
1.295932739999999967e+03 8.688412538578710762e-06 8.641335956296471009e-06
1.296612300000000005e+03 8.187251788119084754e-06 8.595817685476262512e-06
1.297291870000000017e+03 8.222767800941192039e-06 8.550298744836307607e-06
1.297971309999999903e+03 8.258277019641027707e-06 8.504788511853089884e-06
1.298650879999999916e+03 8.270915563533289932e-06 8.459269571213134980e-06
1.299330320000000029e+03 8.260768649743523671e-06 8.413759338229903704e-06
1.300009769999999889e+03 8.250621586611455715e-06 8.368248435426939573e-06
1.300689210000000003e+03 8.241940672861703524e-06 8.322738202443706604e-06
1.301368649999999889e+03 8.233355424697000435e-06 8.277227969460488881e-06
1.302047970000000078e+03 8.254270364821148857e-06 8.225692044686981218e-06
1.302727290000000039e+03 8.324120523301047864e-06 8.158831097318687005e-06
1.303406739999999900e+03 8.393984048854777542e-06 8.091957354915429881e-06
1.304085939999999937e+03 8.174348663389673959e-06 8.025108218348640026e-06
1.304765259999999898e+03 7.888354324193203610e-06 7.958247270980345814e-06
1.305444580000000087e+03 7.633241499454034975e-06 7.891386323612029579e-06
1.306123779999999897e+03 7.470558098203671120e-06 7.824537187045263440e-06
1.306802979999999934e+03 7.307874696953253055e-06 7.757688050478473584e-06
1.307482299999999896e+03 7.434021320902617515e-06 7.690827103110179372e-06
1.308161380000000008e+03 7.691478400818329081e-06 7.623989777344897261e-06
1.308840580000000045e+03 7.886814013677591984e-06 7.557140640778108253e-06
1.309519780000000083e+03 7.643764231953346526e-06 7.490291504211320091e-06
1.310198849999999993e+03 7.400760970358156045e-06 7.419696171906777636e-06
1.310877930000000106e+03 7.151600766849902570e-06 7.325918213369708203e-06
1.311557009999999991e+03 6.897618846152147237e-06 7.232140254832669262e-06
1.312236079999999902e+03 6.643640665542747195e-06 7.138363677251604759e-06
1.312915040000000090e+03 6.713410138103861590e-06 7.044602290186258216e-06
1.313594119999999975e+03 6.784010841237197618e-06 6.950824331649219276e-06
1.314273069999999962e+03 6.916821402599129191e-06 6.857064325539877663e-06
1.314952029999999922e+03 7.130956054500824360e-06 6.763302938474562460e-06
1.315630979999999909e+03 7.345087552539974123e-06 6.669542932365220847e-06
1.316309809999999970e+03 7.242774895402992461e-06 6.575799497727601278e-06
1.316988769999999931e+03 7.092997652542771148e-06 6.482038110662285228e-06
1.317667599999999993e+03 6.827572553340610935e-06 6.388294676024666506e-06
1.318346440000000030e+03 6.299192172406116463e-06 6.294549860431073346e-06
1.319025270000000091e+03 5.770819575049188310e-06 6.173218034404917768e-06
1.319704099999999926e+03 5.960846880853705424e-06 6.051652927871447864e-06
1.320382810000000063e+03 6.401825233926915570e-06 5.930109310978606260e-06
1.321061519999999973e+03 6.738305016577417190e-06 5.808565694085805314e-06
1.321740360000000010e+03 6.586973116999966534e-06 5.686998796748909484e-06
1.322419069999999920e+03 6.435670197958376542e-06 5.565455179856108538e-06
1.323097659999999905e+03 6.273899553244738891e-06 5.443933052603975702e-06
1.323776370000000043e+03 6.105450385453580368e-06 5.322389435711134099e-06
1.324454960000000028e+03 5.922642529153998487e-06 5.200867308459001264e-06
1.325133669999999938e+03 5.450049030900472782e-06 5.079323691566200317e-06
1.325812259999999924e+03 4.977539090012765120e-06 4.957801564314067482e-06
1.326490720000000010e+03 4.805204772430524097e-06 4.836302717505988873e-06
1.327169309999999996e+03 4.954921392086864369e-06 4.857653555322255660e-06
1.327847899999999981e+03 5.104638011743204640e-06 4.906478438577645425e-06
1.328526370000000043e+03 5.571803822025251168e-06 4.955294687774196279e-06
1.329204829999999902e+03 6.067540809141297852e-06 5.004110217465829350e-06
1.329883299999999963e+03 6.285386395486926930e-06 5.052926466662380203e-06
1.330561770000000024e+03 5.990663253297499661e-06 5.101742715858931904e-06
1.331240109999999959e+03 5.695996582298430737e-06 5.150549611491726911e-06
1.331918580000000020e+03 5.522347502485898960e-06 5.199365860688277764e-06
1.332596919999999955e+03 5.381640269376536350e-06 5.248172756321072771e-06
1.333275270000000091e+03 5.279745200291812265e-06 5.296980371458786407e-06
1.333953610000000026e+03 5.314822105544452828e-06 5.345787267091581413e-06
1.334631840000000011e+03 5.349893322706200522e-06 5.394586248170440045e-06
1.335310179999999946e+03 5.615455958316013984e-06 5.398007818629062584e-06
1.335988399999999956e+03 6.002429823316447051e-06 5.380177444864272276e-06
1.336666629999999941e+03 6.300738840117904391e-06 5.362346808199925887e-06
1.337344849999999951e+03 5.690508659029065246e-06 5.344516434435135579e-06
1.338022950000000037e+03 5.080386448247329874e-06 5.326689215465029260e-06
1.338701170000000047e+03 5.086507053647269955e-06 5.308858841700238952e-06
1.339379269999999906e+03 5.655800543209440840e-06 5.291031622730138561e-06
1.340057369999999992e+03 6.225094032771802307e-06 5.273204403760032242e-06
1.340735470000000078e+03 6.031291538855405628e-06 5.255377184789925922e-06
1.341413569999999936e+03 5.802577069963977570e-06 5.237549965819825531e-06
1.342091550000000097e+03 5.568128647542032841e-06 5.219725901644403200e-06
1.342769649999999956e+03 5.324591049337818606e-06 5.201898682674302809e-06
1.343447629999999890e+03 5.081096548776675123e-06 5.168904661503808887e-06
1.344125610000000052e+03 5.027739624868631341e-06 5.121812085503309024e-06
1.344803589999999986e+03 5.015272706439900590e-06 5.074719509502826102e-06
1.345481449999999995e+03 5.105051917243072630e-06 5.027635268717416975e-06
1.346159419999999955e+03 5.491910273606685852e-06 4.980543387318188720e-06
1.346837279999999964e+03 5.878705862562919907e-06 4.933459146532779593e-06
1.347515139999999974e+03 5.539232616905156339e-06 4.886374905747371314e-06
1.348192990000000009e+03 4.871944047849282778e-06 4.839291359563217701e-06
1.348870850000000019e+03 4.320004510016932810e-06 4.792207118777808574e-06
1.349548579999999902e+03 4.598868511429072948e-06 4.745131907808745697e-06
1.350226319999999987e+03 4.877736627518252762e-06 4.698056002238412060e-06
1.350904170000000022e+03 4.820351041654158680e-06 4.650972456054258447e-06
1.351581789999999955e+03 4.492855845877141184e-06 4.635607528917298058e-06
1.352259520000000066e+03 4.165307486864691049e-06 4.678989063630285091e-06
1.352937259999999924e+03 3.871193505710560627e-06 4.722371238443808787e-06
1.353614870000000110e+03 3.577581456343379876e-06 4.765745091950177151e-06
1.354292480000000069e+03 3.599065208341880690e-06 4.809118945456530268e-06
1.354970090000000027e+03 4.057428108555737684e-06 4.852492798962883386e-06
1.355647709999999961e+03 4.515797773175359854e-06 4.895867292569787565e-06
1.356325319999999920e+03 4.392082257842552315e-06 4.939241146076141529e-06
1.357002809999999954e+03 4.166656169610857281e-06 4.982607318375875131e-06
1.357680299999999988e+03 4.131244749421446274e-06 5.025973490675608732e-06
1.358357790000000023e+03 4.577518802099440846e-06 5.069339662975343180e-06
1.359035280000000057e+03 5.023792854777435418e-06 5.112705835275076781e-06
1.359712770000000091e+03 5.155175389518424588e-06 5.146711653231954064e-06
1.360390139999999974e+03 5.161014409205050876e-06 5.137440739992008365e-06
1.361067630000000008e+03 5.123723651241049582e-06 5.128168184356340915e-06
1.361744999999999891e+03 4.834826011675521777e-06 5.118897271116395216e-06
1.362422360000000026e+03 4.545932637100063053e-06 5.109626494742755498e-06
1.363099609999999984e+03 4.640822571722563497e-06 5.100357223898529007e-06
1.363776980000000094e+03 5.016103229763362071e-06 5.091086310658580767e-06
1.364454220000000078e+03 5.383835536357244794e-06 5.081817176680662798e-06
1.365131470000000036e+03 4.912027033478086422e-06 5.072547905836436307e-06
1.365808719999999994e+03 4.440218530598928050e-06 5.063278634992209817e-06
1.366485959999999977e+03 4.330991286854220510e-06 5.054009501014292695e-06
1.367163209999999935e+03 4.683265822753994444e-06 5.044740230170065358e-06
1.367840329999999994e+03 5.035472738587867445e-06 5.035472738587867445e-06
