9.306945799999999736e+02 5.433006309741930797e-06 5.433006309741930797e-06
9.313851899999999659e+02 8.119521108489750061e-06 6.211755397294998980e-06
9.320757399999999961e+02 1.080580250359756335e-05 6.990436827349299332e-06
9.327663000000000011e+02 8.344583524580871967e-06 7.769129533653373429e-06
9.334568500000000313e+02 4.459129187906079934e-06 8.547810963707673781e-06
9.341473999999999478e+02 2.372409425509802163e-06 9.326492393761847077e-06
9.348378900000000158e+02 5.487310479422602912e-06 1.010510616631738129e-05
9.355283799999999701e+02 8.602211533334892053e-06 1.088371993887278506e-05
9.362188700000000381e+02 6.515761713839373937e-06 1.166233371142831758e-05
9.369093000000000302e+02 2.509739888196147145e-06 1.244087982648495522e-05
9.375997300000000223e+02 7.624851822877756718e-07 1.321942594154159455e-05
9.382901600000000144e+02 7.841690121557194239e-06 1.399797205659823218e-05
9.389805300000000443e+02 1.492027986117409386e-05 1.470937517263988710e-05
9.396708999999999605e+02 1.354765809318130765e-05 1.426658542424231197e-05
9.403612699999999904e+02 8.142047708648425728e-06 1.382379567584466568e-05
9.410515699999999697e+02 3.895686115460812560e-06 1.338105082407116094e-05
9.417418800000000374e+02 6.222431254108465113e-06 1.293829955849415706e-05
9.424321899999999914e+02 8.549176392755733961e-06 1.249554829291722434e-05
9.431224999999999454e+02 1.056642400700800162e-05 1.205279702734029331e-05
9.438127399999999625e+02 1.239597817907318293e-05 1.161009065838743267e-05
9.445029899999999543e+02 1.379419153133546473e-05 1.116737787563114406e-05
9.451931799999999839e+02 1.110277284361849465e-05 1.072470357569549785e-05
9.458833600000000388e+02 8.411393151231518546e-06 1.028203568956327962e-05
9.465735499999999547e+02 8.123337917552146911e-06 9.839361389627706252e-06
9.472637300000000096e+02 9.665109726350233651e-06 9.505208281037988511e-06
9.479538599999999633e+02 1.104543881184244163e-05 1.008727475297965868e-05
9.486439800000000560e+02 8.560613133959234247e-06 1.066933279076452030e-05
9.493341100000000097e+02 6.075751450372043326e-06 1.125139926270619047e-05
9.500241700000000264e+02 4.558005950269613984e-06 1.183340669554943332e-05
9.507142300000000432e+02 3.960707860920036355e-06 1.241541412839267279e-05
9.514043000000000347e+02 3.363401115829105260e-06 1.299742999539281907e-05
9.520943600000000515e+02 6.025621875693519454e-06 1.357943742823606023e-05
9.527843599999999924e+02 8.739729898827410770e-06 1.416139425613768094e-05
9.534743700000000217e+02 1.106912246659999876e-05 1.474335951819630164e-05
9.541643100000000004e+02 1.293947364525489123e-05 1.532526574115639846e-05
9.548542499999999791e+02 1.480982482390978539e-05 1.590717196411649189e-05
9.555441899999999578e+02 1.670066223020835616e-05 1.648150211084900983e-05
9.562341300000000501e+02 1.859309557226537918e-05 1.701386808836919130e-05
9.569240099999999529e+02 1.926178461172290042e-05 1.754618776916972404e-05
9.576138899999999694e+02 1.808885479696119400e-05 1.807850744997034826e-05
9.583037699999999859e+02 1.691592498219948420e-05 1.861082713077096909e-05
9.589935900000000402e+02 1.679188035350467355e-05 1.914310051485212076e-05
9.596834099999999808e+02 1.682390970348882962e-05 1.967537389893318772e-05
9.603731699999999591e+02 1.673293701116227968e-05 2.020760098629477875e-05
9.610629900000000134e+02 1.640473502984311007e-05 2.073987437037593380e-05
9.617527499999999918e+02 1.607656159527367896e-05 2.127210145773752821e-05
9.624424999999999955e+02 1.835199065847318013e-05 2.180432082897922465e-05
9.631322000000000116e+02 2.122840164175963294e-05 2.233650161962134990e-05
9.638219000000000278e+02 2.282813716382365340e-05 2.283991215665670475e-05
9.645116000000000440e+02 2.119769196217457835e-05 2.322531324059196164e-05
9.652012300000000096e+02 1.956741223995743192e-05 2.361067520885968911e-05
9.658908699999999499e+02 1.992171700422231274e-05 2.399604276507990094e-05
9.665805100000000039e+02 2.092428586534569575e-05 2.438141032130017715e-05
9.672701399999999694e+02 2.213369762812943153e-05 2.476677228956790462e-05
9.679597199999999475e+02 2.405848227849295836e-05 2.515210631807313576e-05
9.686492899999999509e+02 2.598323901643667319e-05 2.553743475862588254e-05
9.693388700000000426e+02 2.612671398612798223e-05 2.592276878713117806e-05
9.700283799999999701e+02 2.548718297899645505e-05 2.630806369996888317e-05
9.707178999999999860e+02 2.515446816833777984e-05 2.669336420075913701e-05
9.714073499999999513e+02 2.637729681613932607e-05 2.707862558588185805e-05
9.720968599999999924e+02 2.760023188169264633e-05 2.757032972783603344e-05
9.727863200000000461e+02 2.810870499462942259e-05 2.840814550762194238e-05
9.734757100000000491e+02 2.820592208208652936e-05 2.924587622503348772e-05
9.741651600000000144e+02 2.832752669466259988e-05 3.008367985305153362e-05
9.748545500000000175e+02 2.865830190705383651e-05 3.092141057046308235e-05
9.755438799999999446e+02 2.898904833093237868e-05 3.175906837726799159e-05
9.762332800000000361e+02 3.052235001478135606e-05 3.259681124644740334e-05
9.769226099999999633e+02 3.294830382524900728e-05 3.343446905325231258e-05
9.776119400000000041e+02 3.529799342922259649e-05 3.427212686005736412e-05
9.783012099999999691e+02 3.596616916241970251e-05 3.510971175625577956e-05
9.789904800000000478e+02 3.663434489561691695e-05 3.594729665245433730e-05
9.796797500000000127e+02 3.713824222794423463e-05 3.678488154865274597e-05
9.803690199999999777e+02 3.748595013609475870e-05 3.759734731412911609e-05
9.810582299999999805e+02 3.783362777675289935e-05 3.834190300303019717e-05
9.817474399999999832e+02 3.816968154022503312e-05 3.908645869193127825e-05
9.824365800000000490e+02 3.850548417472251616e-05 3.983093875961651355e-05
9.831257299999999759e+02 3.942687948643774974e-05 4.057542963033243972e-05
9.838148800000000165e+02 4.106245958069780586e-05 4.131992050104848786e-05
9.845040299999999434e+02 4.269803967495759093e-05 4.206441137176442080e-05
9.851931200000000217e+02 4.159489697188338059e-05 4.280883742429543600e-05
9.858822000000000116e+02 4.025140835227253321e-05 4.355325267379550960e-05
9.865712899999999763e+02 4.057389670017789545e-05 4.429767872632640961e-05
9.872603100000000040e+02 4.352538864430726198e-05 4.504202915764145027e-05
9.879493400000000065e+02 4.647692342452174426e-05 4.578639039198731733e-05
9.886383700000000090e+02 4.591061741272253662e-05 4.612631714975670477e-05
9.893273299999999608e+02 4.475417823687367750e-05 4.552814421236432181e-05
9.900163000000000011e+02 4.402388116247356900e-05 4.492996259271255286e-05
9.907052599999999529e+02 4.418067429404760036e-05 4.433178965532016990e-05
9.913941700000000310e+02 4.433745604664962120e-05 4.373366012922422224e-05
9.920830700000000206e+02 4.427110189770469410e-05 4.313553928538766058e-05
9.927719700000000103e+02 4.414629707293602802e-05 4.253741844155110570e-05
9.934608799999999746e+02 4.398682512853877317e-05 4.193928891545525969e-05
9.941497200000000021e+02 4.372896199606514942e-05 4.134122016517452610e-05
9.948385600000000295e+02 4.347109886359151889e-05 4.074315141489378574e-05
9.955273399999999810e+02 4.207928592477419469e-05 4.014513475816897510e-05
9.962161300000000210e+02 4.026404511039570391e-05 3.954710941918477846e-05
9.969049099999999726e+02 3.882918800515194375e-05 3.880006949015211846e-05
9.975936900000000378e+02 3.895791992187736848e-05 3.774800703248659098e-05
9.982824100000000271e+02 3.908664062469557611e-05 3.669603622055342797e-05
9.989711300000000165e+02 3.931328478057223303e-05 3.564406540862026496e-05
9.996597900000000436e+02 3.958964517842111487e-05 3.459218624241929701e-05
1.000348449999999957e+03 3.919990241563712515e-05 3.354030707621849847e-05
1.001037109999999984e+03 3.436359545605457728e-05 3.248842791001753052e-05
1.001725770000000011e+03 2.952728849647202940e-05 3.143654874381656257e-05
1.002414369999999963e+03 2.758754572303158552e-05 3.038476122334795909e-05
1.003102970000000028e+03 2.760017824050585092e-05 2.933297370287918620e-05
1.003791560000000004e+03 2.757364969266933475e-05 2.828120145669925253e-05
1.004480099999999993e+03 2.697602578749987585e-05 2.722950558196284411e-05
1.005168639999999982e+03 2.637840188233042034e-05 2.637201333123094974e-05
1.005857179999999971e+03 2.627484594186885430e-05 2.587340894358419041e-05
1.006545650000000023e+03 2.660797734556493319e-05 2.537485524624896120e-05
1.007234130000000050e+03 2.694111358798169395e-05 2.487629430744067223e-05
1.007922609999999963e+03 2.627002078140987834e-05 2.437773336863246457e-05
1.008611020000000053e+03 2.559631728859959945e-05 2.387922312013570570e-05
1.009299440000000004e+03 2.407545635900232078e-05 2.338070563016596840e-05
1.009987849999999980e+03 2.157482054881031247e-05 2.288219538166929424e-05
1.010676270000000045e+03 1.907414841381430297e-05 2.238367789169947223e-05
1.011364619999999945e+03 1.971149470058508368e-05 2.188521109204134973e-05
1.012052919999999972e+03 2.058512622539386631e-05 2.138678049974854974e-05
1.012741269999999986e+03 2.087586733825151902e-05 2.088831370009034593e-05
1.013429570000000012e+03 2.027681048181252630e-05 2.051976268959802569e-05
1.014117859999999951e+03 1.967776232880026277e-05 2.037237555801447032e-05
1.014806090000000040e+03 2.035025335542420182e-05 2.022500127454417089e-05
1.015494320000000016e+03 2.122658857395616058e-05 2.007762699107389518e-05
1.016182559999999967e+03 2.132274306422831555e-05 1.993025056625141297e-05
1.016870790000000056e+03 1.981628297308135950e-05 1.978287628278111354e-05
1.017558959999999956e+03 1.830995421536327683e-05 1.963551484742414460e-05
1.018247129999999970e+03 1.754408762128058238e-05 1.948815341206714855e-05
1.018935240000000022e+03 1.697166947987207675e-05 1.934080482482343217e-05
1.019623349999999959e+03 1.683447323458623111e-05 1.919345623757974289e-05
1.020311460000000011e+03 1.794822203566134294e-05 1.904610765033602651e-05
1.020999569999999949e+03 1.906197083673627182e-05 1.889875906309233724e-05
1.021687620000000038e+03 1.837406510035643825e-05 1.882610274418648600e-05
1.022375670000000014e+03 1.699733524447506375e-05 1.887290255660683952e-05
1.023063719999999989e+03 1.592586019368306196e-05 1.891970236902719643e-05
1.023751710000000003e+03 1.616924070091712488e-05 1.896649810036515072e-05
1.024439699999999903e+03 1.641262120815115054e-05 1.901329383170310161e-05
1.025127690000000030e+03 1.651142925423025959e-05 1.906008956304106606e-05
1.025815550000000030e+03 1.653351163006315755e-05 1.910687645203382255e-05
1.026503539999999930e+03 1.660724838136647818e-05 1.915367218337177006e-05
1.027191409999999905e+03 1.706832147470866280e-05 1.920045975254492586e-05
1.027879269999999906e+03 1.752938786514052590e-05 1.924724664153768235e-05
1.028567140000000109e+03 1.813189672553224148e-05 1.929403421071085171e-05
1.029255000000000109e+03 1.883587098219517537e-05 1.934082109970360820e-05
1.029942870000000084e+03 1.944603791205116346e-05 1.935814726331405464e-05
1.030630619999999908e+03 1.814004918192831800e-05 1.933040461927064773e-05
1.031318479999999909e+03 1.683385156956549345e-05 1.930265753801771632e-05
1.032006229999999960e+03 1.676786777917461596e-05 1.927491489397429924e-05
1.032693970000000036e+03 1.788929831749500914e-05 1.924717265331356560e-05
1.033381710000000112e+03 1.901072885581540231e-05 1.921943041265283196e-05
1.034069340000000011e+03 1.880687625287265582e-05 1.919169260920161943e-05
1.034757080000000087e+03 1.856871027356691670e-05 1.916395036854088579e-05
1.035444700000000012e+03 1.841390972477863685e-05 1.913621296847236008e-05
1.036132319999999936e+03 1.836581174529376302e-05 1.910847556840383098e-05
1.036820069999999987e+03 1.831770467250540336e-05 1.908073292436041391e-05
1.037507569999999987e+03 1.874791597373578949e-05 1.905300036488408259e-05
1.038195189999999911e+03 1.923007850578500999e-05 1.904599270070352147e-05
1.038882810000000063e+03 1.977191723032848826e-05 1.906986708294724453e-05
1.039570310000000063e+03 2.041723003243073705e-05 1.909373729875329543e-05
1.040257810000000063e+03 2.106254283453298245e-05 1.911760751455934633e-05
1.040945310000000063e+03 2.001801241635846240e-05 1.914147773036539385e-05
1.041632810000000063e+03 1.862449943277681201e-05 1.916534794617144475e-05
1.042320310000000063e+03 1.749131392822477401e-05 1.918921816197749564e-05
1.043007689999999911e+03 1.698918502742311065e-05 1.921308421134587438e-05
1.043695189999999911e+03 1.648696846700352359e-05 1.923695442715192189e-05
1.044382569999999987e+03 1.723981715739643510e-05 1.926082047652030740e-05
1.045069950000000063e+03 1.839967738368995662e-05 1.928468652588869291e-05
1.045757319999999936e+03 1.929696024664540529e-05 1.930855222805393314e-05
1.046444700000000012e+03 1.925084636797390550e-05 1.927738991168044592e-05
1.047131959999999935e+03 1.920474053967548411e-05 1.916504527213085240e-05
1.047819340000000011e+03 1.886904907340260717e-05 1.905268101648726194e-05
1.048506589999999960e+03 1.839739086063668302e-05 1.894033801161216392e-05
1.049193850000000111e+03 1.778869015183149666e-05 1.882799337206253313e-05
1.049881100000000060e+03 1.635627778280143089e-05 1.871565036718743512e-05
1.050568359999999984e+03 1.492384457110326365e-05 1.860330572763784499e-05
1.051255490000000009e+03 1.467926444033162269e-05 1.849098233885671004e-05
1.051942749999999933e+03 1.521046663273028256e-05 1.837863769930711991e-05
1.052629879999999957e+03 1.577378092130909016e-05 1.826631431052598496e-05
1.053317019999999957e+03 1.678589120341435586e-05 1.815398928707035790e-05
1.054004149999999981e+03 1.779798675620274784e-05 1.804166589828922295e-05
1.054691280000000006e+03 1.789063480415299946e-05 1.786428339196526667e-05
1.055378300000000081e+03 1.716373349752562159e-05 1.759015267103612818e-05
1.056065430000000106e+03 1.643671580543101796e-05 1.731597805854737611e-05
1.056752439999999979e+03 1.707982297329379819e-05 1.704185132776010322e-05
1.057439450000000079e+03 1.773570570308281559e-05 1.676772459697274223e-05
1.058126459999999952e+03 1.815663339202086321e-05 1.649359786618546933e-05
1.058813480000000027e+03 1.829293292812301272e-05 1.621946714525633083e-05
1.059500489999999900e+03 1.842923048030127280e-05 1.594534041446906133e-05
1.060187380000000076e+03 1.747483281739498491e-05 1.567126156538309141e-05
1.060874270000000024e+03 1.641733280129010223e-05 1.539718271629721298e-05
1.061561159999999973e+03 1.556637387516120386e-05 1.512310386721133286e-05
1.062248049999999921e+03 1.506019965737620307e-05 1.484902501812545273e-05
1.062934940000000097e+03 1.455402543959103457e-05 1.475932834473519388e-05
1.063621830000000045e+03 1.500702317148743267e-05 1.495116378578774606e-05
1.064308590000000095e+03 1.564809736005886106e-05 1.514296292028856958e-05
1.064995480000000043e+03 1.595007486156151439e-05 1.533479836134112007e-05
1.065682250000000067e+03 1.544835644649072680e-05 1.552660028865361034e-05
1.066369020000000091e+03 1.494663803141993751e-05 1.571840221596610061e-05
1.067055659999999989e+03 1.512266518178377300e-05 1.591016783672679784e-05
1.067742430000000013e+03 1.551569106737297682e-05 1.610196976403928471e-05
1.068429080000000113e+03 1.590083866648772808e-05 1.629373817761171306e-05
1.069115839999999935e+03 1.625802232122736143e-05 1.648553731211247221e-05
1.069802490000000034e+03 1.661514876500258105e-05 1.667730572568489717e-05
1.070489139999999907e+03 1.686730780028520847e-05 1.686907413925726115e-05
1.071175780000000032e+03 1.706970379667469565e-05 1.690990305664233362e-05
1.071862300000000005e+03 1.714987611681667283e-05 1.671007839691602832e-05
1.072548950000000104e+03 1.647106025196383420e-05 1.651021589822539355e-05
1.073235470000000078e+03 1.579237290391361000e-05 1.631039123849908825e-05
1.073922000000000025e+03 1.567202873508846813e-05 1.611056366808323061e-05
1.074608519999999999e+03 1.592596376042482970e-05 1.591073900835692531e-05
1.075295039999999972e+03 1.617800376624936338e-05 1.571091434863062001e-05
1.075981569999999920e+03 1.639964329206099102e-05 1.551108677821475898e-05
1.076667969999999968e+03 1.662124084863844615e-05 1.531129704676316306e-05
1.077354370000000017e+03 1.624967662453691338e-05 1.511150731531156374e-05
1.078040770000000066e+03 1.532668147272143560e-05 1.491171758385996612e-05
1.078727169999999887e+03 1.440368632090626276e-05 1.471192785240843456e-05
1.079413569999999936e+03 1.483553282163589901e-05 1.454583864695960059e-05
1.080099979999999960e+03 1.529844714903928345e-05 1.443697671495422415e-05
1.080786250000000109e+03 1.553629655442690101e-05 1.432813698639935846e-05
1.081472659999999905e+03 1.548433678298367878e-05 1.421927505439401759e-05
1.082158940000000030e+03 1.543238685226287074e-05 1.411043373987840379e-05
1.082845209999999952e+03 1.505699654365438955e-05 1.400159401132357537e-05
1.083531369999999924e+03 1.464425310010493662e-05 1.389277172833701507e-05
1.084217650000000049e+03 1.403860505396712036e-05 1.378393041382140296e-05
1.084903929999999946e+03 1.308264761668832337e-05 1.367508909930582643e-05
1.085590089999999918e+03 1.212685733405835921e-05 1.356626681631926613e-05
1.086276249999999891e+03 1.242690798038980299e-05 1.345744453333270583e-05
1.086962399999999889e+03 1.301407059824979162e-05 1.334862383630689364e-05
1.087648560000000089e+03 1.328926412508820764e-05 1.327339331900515912e-05
1.088334589999999935e+03 1.273336630813595228e-05 1.326007417596450405e-05
1.089020749999999907e+03 1.217736315072296721e-05 1.324675250899836983e-05
1.089706789999999955e+03 1.212179543015246283e-05 1.323343317180959616e-05
1.090392820000000029e+03 1.225004927893271526e-05 1.322011402876893770e-05
1.091078860000000077e+03 1.242736232289970159e-05 1.320679469158016403e-05
1.091764889999999923e+03 1.281448436952462704e-05 1.319347554853951065e-05
1.092450810000000047e+03 1.320154434390049361e-05 1.318015854112809922e-05
1.093136839999999893e+03 1.292806229872730756e-05 1.316683939808744415e-05
1.093822750000000042e+03 1.229507690899370508e-05 1.315352258482414793e-05
1.094508669999999938e+03 1.180900723839726452e-05 1.314020557741274158e-05
1.095194580000000087e+03 1.256580859378193357e-05 1.312688876414944536e-05
1.095880490000000009e+03 1.332260994916635189e-05 1.317938883458667569e-05
1.096566409999999905e+03 1.366275186220159633e-05 1.336649443538405076e-05
1.097252199999999903e+03 1.368005614179059571e-05 1.355356457471640835e-05
1.097937989999999900e+03 1.367204376978662042e-05 1.374063471404876594e-05
1.098623779999999897e+03 1.247386405696592606e-05 1.392770485338112353e-05
1.099309569999999894e+03 1.127568434414523000e-05 1.411477499271348112e-05
1.099995359999999891e+03 1.126559919300627578e-05 1.430184513204584041e-05
1.100681149999999889e+03 1.254965539432637796e-05 1.448891527137819800e-05
1.101366819999999962e+03 1.383348691062036178e-05 1.467595267705053477e-05
1.102052490000000034e+03 1.421922358175192560e-05 1.486299008272287153e-05
1.102738160000000107e+03 1.454327420980778154e-05 1.505002748839520830e-05
1.103423829999999953e+03 1.496867423243622541e-05 1.523706489406748408e-05
1.104109500000000025e+03 1.555066616648897806e-05 1.549086266754793671e-05
1.104795170000000098e+03 1.613265810054173070e-05 1.589986746519296432e-05
1.105480710000000045e+03 1.668516719455440524e-05 1.630879471733688430e-05
1.106166259999999966e+03 1.723249672176581439e-05 1.671772793451932601e-05
1.106851809999999887e+03 1.786168977114403189e-05 1.712666115170177110e-05
1.107537350000000060e+03 1.867598784280478225e-05 1.753558840384582661e-05
1.108222899999999981e+03 1.949029779266448804e-05 1.794452162102827170e-05
1.108908449999999903e+03 1.952633340155338025e-05 1.835345483821071679e-05
1.109593869999999924e+03 1.932113811636295463e-05 1.876231050989218640e-05
1.110279299999999921e+03 1.923239341660286863e-05 1.917117214661218449e-05
1.110964719999999943e+03 1.955750525938416593e-05 1.958002781829365409e-05
1.111650149999999940e+03 1.988262184541546919e-05 1.998888945501365219e-05
1.112335569999999962e+03 2.046705663795833670e-05 2.042541426182127308e-05
1.113020999999999958e+03 2.117586583297434425e-05 2.093720049592834794e-05
1.113706300000000056e+03 2.183142059210682869e-05 2.144888966365317425e-05
1.114391599999999926e+03 2.213765184709157798e-05 2.196057883137783116e-05
1.115076900000000023e+03 2.244388310207642891e-05 2.247226799910266085e-05
1.115762210000000096e+03 2.293571005869166372e-05 2.298396463347226196e-05
1.116447509999999966e+03 2.355747655000540834e-05 2.349565380119692225e-05
1.117132689999999911e+03 2.420407654667423262e-05 2.400725336918410879e-05
1.117817990000000009e+03 2.539738579459857961e-05 2.451894253690893509e-05
1.118503169999999955e+03 2.659048608716040922e-05 2.503054210489612501e-05
1.119188349999999900e+03 2.704439006722285296e-05 2.554214167288331155e-05
1.119873540000000048e+03 2.675670122926909145e-05 2.605374870751544567e-05
1.120558590000000095e+03 2.646907117272974473e-05 2.650667574452044239e-05
1.121243770000000040e+03 2.734774345627428028e-05 2.676625274308671421e-05
1.121928830000000062e+03 2.828176889976927611e-05 2.702578428025626073e-05
1.122613890000000083e+03 2.877744087150770275e-05 2.728531581742581064e-05
1.123298950000000104e+03 2.864187554630542163e-05 2.754484735459535716e-05
1.123984009999999898e+03 2.850631022110318793e-05 2.780437889176481898e-05
1.124669069999999920e+03 2.838026879530186261e-05 2.806391042893436550e-05
1.125354000000000042e+03 2.825573823029684897e-05 2.832339271625746921e-05
1.126039060000000063e+03 2.837035897365795616e-05 2.858292425342701573e-05
1.126723999999999933e+03 2.899389389395774704e-05 2.884241032919975225e-05
1.127408940000000030e+03 2.961742881425774460e-05 2.910189640497257347e-05
1.128093869999999924e+03 2.966670422853297828e-05 2.936137869229558909e-05
1.128778690000000097e+03 2.954885438385688513e-05 2.952826264743748952e-05
1.129463619999999992e+03 2.948411208245531060e-05 2.930498513627538066e-05
1.130148439999999937e+03 2.959802562241586118e-05 2.908174348356043430e-05
1.130833249999999907e+03 2.971193749896792609e-05 2.885850509070431166e-05
1.131518070000000080e+03 2.919176774944868730e-05 2.863526343798929077e-05
1.132202880000000050e+03 2.837788703146288221e-05 2.841202504513317152e-05
1.132887699999999995e+03 2.778039819005101893e-05 2.818878339241822516e-05
1.133572390000000041e+03 2.853886746902669518e-05 2.796558411786809553e-05
1.134257080000000087e+03 2.929733674800237144e-05 2.774238484331796928e-05
1.134941769999999906e+03 2.915520413106351119e-05 2.751918556876791419e-05
1.135626459999999952e+03 2.839168210515854274e-05 2.729598629421778455e-05
1.136311159999999973e+03 2.762296787857828993e-05 2.707278375980883120e-05
1.136995850000000019e+03 2.674593871971842833e-05 2.685121790753818222e-05
1.137680419999999913e+03 2.586906327056543532e-05 2.663919018338144383e-05
1.138364990000000034e+03 2.540608012281366434e-05 2.642716245922463428e-05
1.139049559999999929e+03 2.535817201500564333e-05 2.621513473506789250e-05
1.139734130000000050e+03 2.531026390719760537e-05 2.600310701091108296e-05
1.140418699999999944e+03 2.525786620588692412e-05 2.579107928675434457e-05
1.141103149999999914e+03 2.520525504913885897e-05 2.557908872947152769e-05
1.141787720000000036e+03 2.514243033096621191e-05 2.536706100531471814e-05
1.142472170000000006e+03 2.506469145756235254e-05 2.515507044803190465e-05
1.143156619999999975e+03 2.498695258415849316e-05 2.494307989074908777e-05
1.143841059999999970e+03 2.475775242315549264e-05 2.473109243070575983e-05
1.144525509999999940e+03 2.450370912358683869e-05 2.451910187342294634e-05
1.145209839999999986e+03 2.431821487380896518e-05 2.435621725198549727e-05
1.145894289999999955e+03 2.428365942403985913e-05 2.465001518066941427e-05
1.146578610000000026e+03 2.424911053750906855e-05 2.494375730727764996e-05
1.147262940000000071e+03 2.473876188147770233e-05 2.523750372635324106e-05
1.147947269999999889e+03 2.538922011006939598e-05 2.553125014542873390e-05
1.148631470000000036e+03 2.587911769062016250e-05 2.582494076242864030e-05
1.149315800000000081e+03 2.579235160541157781e-05 2.611868718150423140e-05
1.150000000000000000e+03 2.570560200288106616e-05 2.641237779850404293e-05
1.150684199999999919e+03 2.608216304346269154e-05 2.670606841550385446e-05
1.151368410000000040e+03 2.668662903858353550e-05 2.699976332497111626e-05
1.152052609999999959e+03 2.725563066103067078e-05 2.729345394197092779e-05
1.152736820000000080e+03 2.757081650152449210e-05 2.758714885143818960e-05
1.153420900000000074e+03 2.788594245666249746e-05 2.787498413810460157e-05
1.154104980000000069e+03 2.842793984579702050e-05 2.803371052638463010e-05
1.154789060000000063e+03 2.913790594240847222e-05 2.819243691466466202e-05
1.155473140000000058e+03 2.983125337779471417e-05 2.835116330294469055e-05
1.156157230000000027e+03 2.991602668829335609e-05 2.850989201151457031e-05
1.156841310000000021e+03 3.000079875957916748e-05 2.866861839979460222e-05
1.157525270000000091e+03 2.984503658457756070e-05 2.882731694459640919e-05
1.158209229999999934e+03 2.942713649763584096e-05 2.898601548939816534e-05
1.158893190000000004e+03 2.900923641069398231e-05 2.914471403419997570e-05
1.159577150000000074e+03 2.912889650695693435e-05 2.930341257900178606e-05
1.160261109999999917e+03 2.928899344167263278e-05 2.946211112380354221e-05
1.160945069999999987e+03 2.949536487167943801e-05 2.962080966860535257e-05
1.161628909999999905e+03 2.977668203020803395e-05 2.977948036992888716e-05
1.162312740000000076e+03 3.005799507495049183e-05 2.955925178068955856e-05
1.162996579999999994e+03 2.995370437030698719e-05 2.933305728247465719e-05
1.163680419999999913e+03 2.977205761626829550e-05 2.910686278425975583e-05
1.164364260000000058e+03 2.940990459184476171e-05 2.888066828604477992e-05
1.165047970000000078e+03 2.859284571630614936e-05 2.865451678807078926e-05
1.165731809999999996e+03 2.777563148593326455e-05 2.842832228985588789e-05
1.166415529999999990e+03 2.701703887687736334e-05 2.820216748417106524e-05
1.167099240000000009e+03 2.627955531049238006e-05 2.797601598619707457e-05
1.167782840000000078e+03 2.579092189979342485e-05 2.774990087304233063e-05
1.168466550000000097e+03 2.639424622165525909e-05 2.752374937506833996e-05
1.169150270000000091e+03 2.699757936778937953e-05 2.729759456938351731e-05
1.169833859999999959e+03 2.706677485394877678e-05 2.707148276393968328e-05
1.170517460000000028e+03 2.683066119502186572e-05 2.674383092466984765e-05
1.171201049999999896e+03 2.655990316593333540e-05 2.640753176157088276e-05
1.171884639999999990e+03 2.592373912534574871e-05 2.607123259847180606e-05
1.172568119999999908e+03 2.528767745320208046e-05 2.573498755100929231e-05
1.173251710000000003e+03 2.483699410526963057e-05 2.539868838791021561e-05
1.173935179999999946e+03 2.454641777780486230e-05 2.506244826005100758e-05
1.174618649999999889e+03 2.425584145034009404e-05 2.472620813219179956e-05
1.175302120000000059e+03 2.381122550539855405e-05 2.438996800433247973e-05
1.175985599999999977e+03 2.336453932228602079e-05 2.405372295686996936e-05
1.176668949999999995e+03 2.309775811319854976e-05 2.371754186425052160e-05
1.177352419999999938e+03 2.306285513811730684e-05 2.338130173639131019e-05
1.178035769999999957e+03 2.302795829111338807e-05 2.304512064377186242e-05
1.178719119999999975e+03 2.269338620624003770e-05 2.270801027266075356e-05
1.179402469999999994e+03 2.232047355255804033e-05 2.237074097324969794e-05
1.180085690000000113e+03 2.196979335667885726e-05 2.203353583570136500e-05
1.180769039999999904e+03 2.166280102545010245e-05 2.169626653629042119e-05
1.181452269999999999e+03 2.135586260375475711e-05 2.135905646321419380e-05
1.182135500000000093e+03 2.085338511676899570e-05 2.102184639013796302e-05
1.182818729999999960e+03 2.029748579724204569e-05 2.068463631706184743e-05
1.183501950000000079e+03 1.988524378770374580e-05 2.034743117951351448e-05
1.184185179999999946e+03 1.994170014124503011e-05 2.001022110643739890e-05
1.184868289999999888e+03 1.999814657900038931e-05 1.967307025969610815e-05
1.185551390000000083e+03 1.962579007443718799e-05 1.933592434848260003e-05
1.186234500000000025e+03 1.905505387046627772e-05 1.899877350174130928e-05
1.186917599999999993e+03 1.852013882136053030e-05 1.869735033604306079e-05
1.187600709999999935e+03 1.821950420134500509e-05 1.840589748276964485e-05
1.188283809999999903e+03 1.791887398229885899e-05 1.811444889605435757e-05
1.188966799999999921e+03 1.772465620459893091e-05 1.782304724147861768e-05
1.189649779999999964e+03 1.760707360229139554e-05 1.753164985346100985e-05
1.190332760000000007e+03 1.748425150614572746e-05 1.724025246544340202e-05
1.191015750000000025e+03 1.719109512813786535e-05 1.694885081086766214e-05
1.191698730000000069e+03 1.689794304237992529e-05 1.665745342285005092e-05
1.192381589999999960e+03 1.634267471839905524e-05 1.636610723353022079e-05
1.193064579999999978e+03 1.550116290688737441e-05 1.607470557895447752e-05
1.193747440000000097e+03 1.465981126834368661e-05 1.578335938963454913e-05
1.194430299999999988e+03 1.518651719873529079e-05 1.549201320031471561e-05
1.195113160000000107e+03 1.582169906794396376e-05 1.528085926207634342e-05
1.195795900000000074e+03 1.604106392101210021e-05 1.510326686188380164e-05
1.196478759999999966e+03 1.556572179825795412e-05 1.492564324763025747e-05
1.197161499999999933e+03 1.509046320807958396e-05 1.474805084743771569e-05
1.197844239999999900e+03 1.468060565876358292e-05 1.457045844724517392e-05
1.198526980000000094e+03 1.428488333718047162e-05 1.439286604705257285e-05
1.199209720000000061e+03 1.393464691984806464e-05 1.421527364686003108e-05
1.199892329999999902e+03 1.370744370797535980e-05 1.403771506190029753e-05
1.200575070000000096e+03 1.348019722627416764e-05 1.386012266170769816e-05
1.201257689999999911e+03 1.336035199279089789e-05 1.368256147557621808e-05
1.201940309999999954e+03 1.328278838075024408e-05 1.350500028944468040e-05
1.202622920000000022e+03 1.323722565817197202e-05 1.332744170448488756e-05
1.203305540000000065e+03 1.335396281164730115e-05 1.321686737336573501e-05
1.203988039999999955e+03 1.347067944351700066e-05 1.314669055609677934e-05
1.204670650000000023e+03 1.308915830823531500e-05 1.307650242827850104e-05
1.205353149999999914e+03 1.239155131344966096e-05 1.300632561100954366e-05
1.206035640000000058e+03 1.176334496299783269e-05 1.293614982197231579e-05
1.206718139999999948e+03 1.224509481937276208e-05 1.286597300470335842e-05
1.207400509999999940e+03 1.272675291387035900e-05 1.279580955444720469e-05
1.208083010000000058e+03 1.288361733699673668e-05 1.272563273717822360e-05
1.208765380000000050e+03 1.272263921609987780e-05 1.265546928692206987e-05
1.209447750000000042e+03 1.256166109520301892e-05 1.258530583666591614e-05
1.210130130000000008e+03 1.251260127699616605e-05 1.251514135817800920e-05
1.210812500000000000e+03 1.246913457090735738e-05 1.244497790792185547e-05
1.211494750000000067e+03 1.228955530458541973e-05 1.233237941547508495e-05
1.212177120000000059e+03 1.190456648218283088e-05 1.218330293483304647e-05
1.212859380000000101e+03 1.151963972108194894e-05 1.203425048574700088e-05
1.213541629999999941e+03 1.109567159766621228e-05 1.188520022134790777e-05
1.214223880000000008e+03 1.066454428083695477e-05 1.173614995694876723e-05
1.214906009999999924e+03 1.046056138587299393e-05 1.158712590879257207e-05
1.215588259999999991e+03 1.080943289147260986e-05 1.143807564439342983e-05
1.216270389999999907e+03 1.115824303455009474e-05 1.128905159623723467e-05
1.216952510000000075e+03 1.118219918373632189e-05 1.114002973276789543e-05
1.217634639999999990e+03 1.109019455220578905e-05 1.099100568461170026e-05
1.218316769999999906e+03 1.097494193863038821e-05 1.084198163645550510e-05
1.218998900000000049e+03 1.075569685923837872e-05 1.069295758829926081e-05
1.219680910000000040e+03 1.053649034934127241e-05 1.055771056608231143e-05
1.220363039999999955e+03 1.061638113334415856e-05 1.043942252223685637e-05
1.221045039999999972e+03 1.087318012885985898e-05 1.032115702166861670e-05
1.221727049999999963e+03 1.105260855545086089e-05 1.020288978700213503e-05
1.222408940000000030e+03 1.026282122735849171e-05 1.008464336151462337e-05
1.223090940000000046e+03 9.472906493663971463e-06 9.966377860946385396e-06
1.223772830000000113e+03 9.186641379683902579e-06 9.848131435458873739e-06
1.224454709999999977e+03 9.367073554751131938e-06 9.729886744069646428e-06
1.225136600000000044e+03 9.547508375917069081e-06 9.611640318582136464e-06
1.225818479999999909e+03 9.597768121288891295e-06 9.493395627192909153e-06
1.226500369999999975e+03 9.643170375638670527e-06 9.375149201705399189e-06
1.227182129999999916e+03 9.466596455061304516e-06 9.256925319495143580e-06
1.227864010000000007e+03 8.969135946361684737e-06 9.165368320530072174e-06
1.228545779999999922e+03 8.471755687348294671e-06 9.122878501905696945e-06
1.229227540000000090e+03 8.925512059286462460e-06 9.080389306509353397e-06
1.229909180000000106e+03 9.542130327986027754e-06 9.037907589849593321e-06
1.230590940000000046e+03 9.806518443015247577e-06 8.995418394453265020e-06
1.231272580000000062e+03 9.241466683812242663e-06 8.952936677793504945e-06
1.231954349999999977e+03 8.676307159911391859e-06 8.910446859169129715e-06
1.232635989999999993e+03 8.979749890830868278e-06 8.867965142509371334e-06
1.233317630000000008e+03 9.583847991638056113e-06 8.825483425849611259e-06
1.233999150000000100e+03 9.961786910425011714e-06 8.783009187926422797e-06
1.234680789999999888e+03 9.355690065945567355e-06 8.740527471266679662e-06
1.235362300000000005e+03 8.749708814139065289e-06 8.698053856571536435e-06
1.236043820000000096e+03 8.696792264788029688e-06 8.683747645067325892e-06
1.236725339999999960e+03 8.967531171172810607e-06 8.752872423960819225e-06
1.237406860000000052e+03 9.198845703745427325e-06 8.821997202854334582e-06
1.238088379999999916e+03 8.943009819261173198e-06 8.891121981747827915e-06
1.238769780000000083e+03 8.687218981592948210e-06 8.960234589357356631e-06
1.239451170000000047e+03 8.521828803347457007e-06 9.029346182693200030e-06
1.240132569999999987e+03 8.440459261652762807e-06 9.098458790302708417e-06
1.240813959999999952e+03 8.359090914110425154e-06 9.167570383638550121e-06
1.241495359999999891e+03 8.964122103699117801e-06 9.236682991248058508e-06
1.242176760000000058e+03 9.596256549581655578e-06 9.305795598857587224e-06
1.242858030000000099e+03 9.893818499734105155e-06 9.374895020909445676e-06
1.243539309999999887e+03 9.701004515242733729e-06 9.443995457234943705e-06
1.244220579999999927e+03 9.508193360923680458e-06 9.520603128138464764e-06
1.244901859999999942e+03 9.907466988128317559e-06 9.640477353810607749e-06
1.245583129999999983e+03 1.041237408826792378e-05 9.760349819938576825e-06
1.246264280000000099e+03 1.062350209778275871e-05 9.880201171536438654e-06
1.246945429999999988e+03 1.012106531502667734e-05 1.000005252313426152e-05
1.247626590000000078e+03 9.618621155968859460e-06 1.011990563427629556e-05
1.248307739999999967e+03 9.822291130588468278e-06 1.023975698587411843e-05
1.248988890000000083e+03 1.028178215590464149e-05 1.035960833747198026e-05
1.249670039999999972e+03 1.066311258991908862e-05 1.047945968906980143e-05
1.250351069999999936e+03 1.068070701834497695e-05 1.059928992613751705e-05
1.251032099999999900e+03 1.069830144677086528e-05 1.071912016320523098e-05
1.251713130000000092e+03 1.080259229459757658e-05 1.083895040027298725e-05
1.252394170000000031e+03 1.096018457830154825e-05 1.095814804474227314e-05
1.253075199999999995e+03 1.112288910857811072e-05 1.106155335210825788e-05
1.253756100000000060e+03 1.136289266414723523e-05 1.116493892071097762e-05
1.254437130000000025e+03 1.160294204210173220e-05 1.126834422807696236e-05
1.255118040000000065e+03 1.175864444661649687e-05 1.137173131504608293e-05
1.255798950000000104e+03 1.183136036604226815e-05 1.147511840201520349e-05
1.256479739999999993e+03 1.190406347039652739e-05 1.157848726858742768e-05
1.257160640000000058e+03 1.243530046759476480e-05 1.168187283719014572e-05
1.257841429999999946e+03 1.299269093399073311e-05 1.178524170376236822e-05
1.258522220000000061e+03 1.322975484935291878e-05 1.188861057033462629e-05
1.259202999999999975e+03 1.296085433530030528e-05 1.199197791854044626e-05
1.259883790000000090e+03 1.269194987135904260e-05 1.209534678511270264e-05
1.260564579999999978e+03 1.224475511817486920e-05 1.219871565168492684e-05
1.261245239999999967e+03 1.176090800265442140e-05 1.229110890232434442e-05
1.261926030000000083e+03 1.159924181593734234e-05 1.238262620922642665e-05
1.262606690000000071e+03 1.230542150947387168e-05 1.247412604047535843e-05
1.263287350000000060e+03 1.301160120301040272e-05 1.256562587172429020e-05
1.263968020000000024e+03 1.308727594393694774e-05 1.265712704725423003e-05
1.264648560000000089e+03 1.290791675782257764e-05 1.274861074713104820e-05
1.265329220000000078e+03 1.279963220524935047e-05 1.284011057837997997e-05
1.266009769999999889e+03 1.308448101530091957e-05 1.293159562253777401e-05
1.266690309999999954e+03 1.336932563978488909e-05 1.302307932241459218e-05
1.267370850000000019e+03 1.344600879453175799e-05 1.311456302229141034e-05
1.268051269999999931e+03 1.338036796265267475e-05 1.320603059079608441e-05
1.268731809999999996e+03 1.331729915361043733e-05 1.329751429067290257e-05
1.269412229999999909e+03 1.332589497683269877e-05 1.328962263645003723e-05
1.270092650000000049e+03 1.333449080005496530e-05 1.325778823957314118e-05
1.270773069999999962e+03 1.343447168796794793e-05 1.322595384269625530e-05
1.271453490000000102e+03 1.363528729949666657e-05 1.319411944581935926e-05
1.272133910000000014e+03 1.383610291102532083e-05 1.316228504894247337e-05
1.272814210000000003e+03 1.363261102430689518e-05 1.313045626643262999e-05
1.273494509999999991e+03 1.339197042134555643e-05 1.309862748392278490e-05
1.274174800000000005e+03 1.319347438270964717e-05 1.306679916927686017e-05
1.274855099999999993e+03 1.307120940000574680e-05 1.303497038676701678e-05
1.275535399999999981e+03 1.294894441730184474e-05 1.300314160425717339e-05
1.276215580000000045e+03 1.292431088121125854e-05 1.297131843611437250e-05
1.276895870000000059e+03 1.292470152579841710e-05 1.293949012146844777e-05
1.277576049999999896e+03 1.298395275318869156e-05 1.294945633120297911e-05
1.278256229999999960e+03 1.323394238641800637e-05 1.297888144479577938e-05
1.278936279999999897e+03 1.348388424015902216e-05 1.300830093448789165e-05
1.279616459999999961e+03 1.340007254626787245e-05 1.303772604808069192e-05
1.280296509999999898e+03 1.315597159274855879e-05 1.306714553777280419e-05
1.280976560000000063e+03 1.298450566019653847e-05 1.309656502746492493e-05
1.281656739999999900e+03 1.337079068614876127e-05 1.312599014105771503e-05
1.282336669999999913e+03 1.375693373313009306e-05 1.315540443945689209e-05
1.283016720000000078e+03 1.365418906066790854e-05 1.318482392914901283e-05
1.283696779999999990e+03 1.315855919689554369e-05 1.321424385144886773e-05
1.284376710000000003e+03 1.266302407753137990e-05 1.324365814984804478e-05
1.285056640000000016e+03 1.307330771444549748e-05 1.327307244824722015e-05
1.285736570000000029e+03 1.348915318838598654e-05 1.322941607699654972e-05
1.286416500000000042e+03 1.372753519242713334e-05 1.312689497023449918e-05
1.287096309999999903e+03 1.373339113724248522e-05 1.302439195729508565e-05
1.287776249999999891e+03 1.373924820188959501e-05 1.292186934271448655e-05
1.288456050000000005e+03 1.344122137665963092e-05 1.281936783759358601e-05
1.289135860000000093e+03 1.309842937638167778e-05 1.271686482465413860e-05
1.289815669999999955e+03 1.300615890929810647e-05 1.261436181171472677e-05
1.290495359999999891e+03 1.347068108886181415e-05 1.251187689259791806e-05
1.291175169999999980e+03 1.393528528031567497e-05 1.240937387965847065e-05
1.291854859999999917e+03 1.342882563512258599e-05 1.230688896054166364e-05
1.292534550000000081e+03 1.259653090998479588e-05 1.220440404142482105e-05
1.293214230000000043e+03 1.196587482583448470e-05 1.210192063012655921e-05
1.293893919999999980e+03 1.221101762325763242e-05 1.203336128157665103e-05
1.294573489999999993e+03 1.245611714045645247e-05 1.201153745962311951e-05
1.295253169999999955e+03 1.228781821815301409e-05 1.198971010511162738e-05
1.295932739999999967e+03 1.187171515332237184e-05 1.196788628315809586e-05
1.296612300000000005e+03 1.150810589522674636e-05 1.194606278234619650e-05
1.297291870000000017e+03 1.191985747245007678e-05 1.192423896039266667e-05
1.297971309999999903e+03 1.233153028265148179e-05 1.190241931328036857e-05
1.298650879999999916e+03 1.225579155234113944e-05 1.188059549132683705e-05
1.299330320000000029e+03 1.169458916658413308e-05 1.185877584421453217e-05
1.300009769999999889e+03 1.113337852104890462e-05 1.183695587596060190e-05
1.300689210000000003e+03 1.136898745913294547e-05 1.181513622884829533e-05
1.301368649999999889e+03 1.165659327265048877e-05 1.179331658173599723e-05
1.302047970000000078e+03 1.178903621931414536e-05 1.171438303853115711e-05
1.302727290000000039e+03 1.166416442761823821e-05 1.149037657025269243e-05
1.303406739999999900e+03 1.153926873947749195e-05 1.126632723434063126e-05
1.304085939999999937e+03 1.143315961956985605e-05 1.104236033618549137e-05
1.304765259999999898e+03 1.133132534599512498e-05 1.081835386790702669e-05
1.305444580000000087e+03 1.133250957058261479e-05 1.059434739962848578e-05
1.306123779999999897e+03 1.164188112260069311e-05 1.037038050147342043e-05
1.306802979999999934e+03 1.195125267461887476e-05 1.014641360331827884e-05
1.307482299999999896e+03 1.147294892118907363e-05 9.922407135039814160e-06
1.308161380000000008e+03 1.063660349794773270e-05 9.698479807007997364e-06
1.308840580000000045e+03 9.852252594875871323e-06 9.474512908852855778e-06
1.309519780000000083e+03 9.435595826205734799e-06 9.250546010697715887e-06
1.310198849999999993e+03 9.019018806328266130e-06 9.056342335315651013e-06
1.310877930000000106e+03 9.084925233985884083e-06 9.045420364856014467e-06
1.311557009999999991e+03 9.528905918707921360e-06 9.034498394396381308e-06
1.312236079999999902e+03 9.972880065456764053e-06 9.023576584771558992e-06
1.312915040000000090e+03 9.661627950843087382e-06 9.012656544329674576e-06
1.313594119999999975e+03 9.348410466776410510e-06 9.001734573870041417e-06
1.314273069999999962e+03 9.236431480520698303e-06 8.990814694262971231e-06
1.314952029999999922e+03 9.387378858090746314e-06 8.979894653821088508e-06
1.315630979999999909e+03 9.538324012446211110e-06 8.968974774214018321e-06
1.316309809999999970e+03 9.322306125794477697e-06 8.958056824624700265e-06
1.316988769999999931e+03 9.051224918013608240e-06 8.947136784182817542e-06
1.317667599999999993e+03 8.877415292284712240e-06 8.936218834593499485e-06
1.318346440000000030e+03 8.924599075379232105e-06 8.925300724169367197e-06
1.319025270000000091e+03 8.971782163408891606e-06 8.881935916365576758e-06
1.319704099999999926e+03 9.022435574848402477e-06 8.838296746079417378e-06
1.320382810000000063e+03 9.074292445722616622e-06 8.794665290096427849e-06
1.321061519999999973e+03 9.067944527885820583e-06 8.751033834113453567e-06
1.321740360000000010e+03 8.789852660878804430e-06 8.707394020968682724e-06
1.322419069999999920e+03 8.511814049341036648e-06 8.663762564985708441e-06
1.323097659999999905e+03 8.485382528573018890e-06 8.620138823305919257e-06
1.323776370000000043e+03 8.618348191111872868e-06 8.576507367322929728e-06
1.324454960000000028e+03 8.737805764331731727e-06 8.532883625643140544e-06
1.325133669999999938e+03 8.585733599052132581e-06 8.489252169660166261e-06
1.325812259999999924e+03 8.433688321043712532e-06 8.445628427980377077e-06
1.326490720000000010e+03 8.389410086861421543e-06 8.402013043462369207e-06
1.327169309999999996e+03 8.460759413416396740e-06 8.352605649509150585e-06
1.327847899999999981e+03 8.532108739971370242e-06 8.302086076458307917e-06
1.328526370000000043e+03 8.534782048429067188e-06 8.251575437150614800e-06
1.329204829999999902e+03 8.531274475407019456e-06 8.201065542321531030e-06
1.329883299999999963e+03 8.540512622723676209e-06 8.150554903013837912e-06
1.330561770000000024e+03 8.573259638522499955e-06 8.100044263706143101e-06
1.331240109999999959e+03 8.606000379744619948e-06 8.049543302620207187e-06
1.331918580000000020e+03 8.550470610823056439e-06 7.999032663312514069e-06
1.332596919999999955e+03 8.470957382140757041e-06 7.948531702226578155e-06
1.333275270000000091e+03 8.349792246658143026e-06 7.898029996662031199e-06
1.333953610000000026e+03 8.081648793171291361e-06 7.847529035576095285e-06
1.334631840000000011e+03 7.813548821979261343e-06 7.797036263754713125e-06
1.335310179999999946e+03 7.790936487994549800e-06 7.692988042367481332e-06
1.335988399999999956e+03 7.897714775013803799e-06 7.563885123369469889e-06
1.336666629999999941e+03 7.952623628010342744e-06 7.434780300816289526e-06
1.337344849999999951e+03 7.476051781604435704e-06 7.305677381818277236e-06
1.338022950000000037e+03 6.999564256836835317e-06 7.176597305482336875e-06
1.338701170000000047e+03 6.762225640947933282e-06 7.047494386484325432e-06
1.339379269999999906e+03 6.743521953405850133e-06 6.918414310148428270e-06
1.340057369999999992e+03 6.724818265863760207e-06 6.789334233812487910e-06
1.340735470000000078e+03 6.637932445443950578e-06 6.660254157476547550e-06
1.341413569999999936e+03 6.547927262626369453e-06 6.531174081140650388e-06
1.342091550000000097e+03 6.436684365180950446e-06 6.402116847466780264e-06
1.342769649999999956e+03 6.292120446886929173e-06 6.273036771130883102e-06
1.343447629999999890e+03 6.147582111353833855e-06 6.209222074260490599e-06
1.344125610000000052e+03 6.154384309008383552e-06 6.206042057018340753e-06
1.344803589999999986e+03 6.193733020299064058e-06 6.202862039776191753e-06
1.345481449999999995e+03 6.229284260610587816e-06 6.199682585385555791e-06
1.346159419999999955e+03 6.253828144246949677e-06 6.196502615047699544e-06
1.346837279999999964e+03 6.278368045661091341e-06 6.193323160657063582e-06
1.347515139999999974e+03 6.268822467882036891e-06 6.190143706266427620e-06
1.348192990000000009e+03 6.243891663200439745e-06 6.186964298780084411e-06
1.348870850000000019e+03 6.253107477738954317e-06 6.183784844389448448e-06
1.349548579999999902e+03 6.508213512550339008e-06 6.180605999754619971e-06
1.350226319999999987e+03 6.763323311486670054e-06 6.177427108215497046e-06
1.350904170000000022e+03 6.536165212521121567e-06 6.174247700729153837e-06
1.351581789999999955e+03 5.921673632335467874e-06 6.154966004744355898e-06
1.352259520000000066e+03 5.307082299967280108e-06 6.105839628536299990e-06
1.352937259999999924e+03 5.552292413443952501e-06 6.056712527461778842e-06
1.353614870000000110e+03 5.808910902214473332e-06 6.007594849651524334e-06
1.354292480000000069e+03 6.059009655024319913e-06 5.958477171841285072e-06
1.354970090000000027e+03 6.300068818348345059e-06 5.909359494031046657e-06
1.355647709999999961e+03 6.541131539163591807e-06 5.860241091354326063e-06
1.356325319999999920e+03 6.423200634954999308e-06 5.811123413544086801e-06
1.357002809999999954e+03 6.242548294817681571e-06 5.762014434131648939e-06
1.357680299999999988e+03 6.087112115083734851e-06 5.712905454719210231e-06
1.358357790000000023e+03 5.995598674962156465e-06 5.663796475306772369e-06
1.359035280000000057e+03 5.904085234840578926e-06 5.614687495894333661e-06
1.359712770000000091e+03 5.483008151557098953e-06 5.570028846029439329e-06
1.360390139999999974e+03 4.930636889202211483e-06 5.545950928976045176e-06
1.361067630000000008e+03 4.519565712575154033e-06 5.521868746380850091e-06
1.361744999999999891e+03 4.933444675995849458e-06 5.497790829327455937e-06
1.362422360000000026e+03 5.347317529329694007e-06 5.473713267735868928e-06
1.363099609999999984e+03 5.875798656970531120e-06 5.449639616224268930e-06
1.363776980000000094e+03 6.488160145661585818e-06 5.425561699170866306e-06
1.364454220000000078e+03 7.089035058676713391e-06 5.401488403121081077e-06
1.365131470000000036e+03 6.413243341681483166e-06 5.377414751609480232e-06
1.365808719999999994e+03 5.737451624686252094e-06 5.353341100097880234e-06
1.366485959999999977e+03 5.344956590583374398e-06 5.329267804048095004e-06
1.367163209999999935e+03 5.313037792855438557e-06 5.305194152536494159e-06
1.367840329999999994e+03 5.281125122028502237e-06 5.281125122028502237e-06
