9.306945799999999736e+02 0.000000000000000000e+00 1.732526000000000075e-03
9.313851899999999659e+02 0.000000000000000000e+00 2.308483999999999970e-03
9.320757399999999961e+02 0.000000000000000000e+00 2.780248999999999828e-03
9.327663000000000011e+02 0.000000000000000000e+00 3.009155999999999810e-03
9.334568500000000313e+02 0.000000000000000000e+00 2.911767999999999908e-03
9.341473999999999478e+02 0.000000000000000000e+00 2.923742999999999915e-03
9.348378900000000158e+02 0.000000000000000000e+00 2.862765000000000188e-03
9.355283799999999701e+02 0.000000000000000000e+00 2.601518000000000146e-03
9.362188700000000381e+02 0.000000000000000000e+00 2.390579999999999788e-03
9.369093000000000302e+02 0.000000000000000000e+00 2.216589000000000146e-03
9.375997300000000223e+02 0.000000000000000000e+00 2.115937999999999933e-03
9.382901600000000144e+02 0.000000000000000000e+00 2.055583000000000150e-03
9.389805300000000443e+02 0.000000000000000000e+00 2.089054999999999818e-03
9.396708999999999605e+02 0.000000000000000000e+00 1.994833000000000110e-03
9.403612699999999904e+02 0.000000000000000000e+00 2.014628999999999986e-03
9.410515699999999697e+02 0.000000000000000000e+00 1.934331000000000071e-03
9.417418800000000374e+02 0.000000000000000000e+00 2.093984000000000123e-03
9.424321899999999914e+02 0.000000000000000000e+00 2.144876999999999895e-03
9.431224999999999454e+02 0.000000000000000000e+00 2.172583000000000066e-03
9.438127399999999625e+02 0.000000000000000000e+00 2.063594000000000192e-03
9.445029899999999543e+02 0.000000000000000000e+00 2.103244000000000207e-03
9.451931799999999839e+02 0.000000000000000000e+00 2.144852000000000043e-03
9.458833600000000388e+02 0.000000000000000000e+00 2.160482000000000027e-03
9.465735499999999547e+02 0.000000000000000000e+00 2.007608000000000135e-03
9.472637300000000096e+02 0.000000000000000000e+00 1.959977999999999807e-03
9.479538599999999633e+02 0.000000000000000000e+00 1.924132999999999963e-03
9.486439800000000560e+02 0.000000000000000000e+00 1.959930999999999826e-03
9.493341100000000097e+02 0.000000000000000000e+00 1.907835000000000086e-03
9.500241700000000264e+02 0.000000000000000000e+00 2.037858999999999938e-03
9.507142300000000432e+02 0.000000000000000000e+00 2.154420000000000206e-03
9.514043000000000347e+02 0.000000000000000000e+00 2.275988999999999964e-03
9.520943600000000515e+02 0.000000000000000000e+00 2.394766999999999903e-03
9.527843599999999924e+02 0.000000000000000000e+00 2.533107000000000154e-03
9.534743700000000217e+02 0.000000000000000000e+00 2.623332999999999828e-03
9.541643100000000004e+02 0.000000000000000000e+00 2.693526999999999814e-03
9.548542499999999791e+02 0.000000000000000000e+00 2.799321999999999921e-03
9.555441899999999578e+02 0.000000000000000000e+00 2.894731000000000214e-03
9.562341300000000501e+02 0.000000000000000000e+00 3.058721999999999830e-03
9.569240099999999529e+02 0.000000000000000000e+00 3.211410000000000046e-03
9.576138899999999694e+02 0.000000000000000000e+00 3.414584000000000022e-03
9.583037699999999859e+02 0.000000000000000000e+00 3.593795999999999796e-03
9.589935900000000402e+02 0.000000000000000000e+00 3.774875999999999926e-03
9.596834099999999808e+02 0.000000000000000000e+00 3.972334000000000108e-03
9.603731699999999591e+02 0.000000000000000000e+00 4.249649999999999782e-03
9.610629900000000134e+02 0.000000000000000000e+00 4.384736000000000189e-03
9.617527499999999918e+02 0.000000000000000000e+00 4.480152999999999740e-03
9.624424999999999955e+02 0.000000000000000000e+00 4.559823999999999648e-03
9.631322000000000116e+02 0.000000000000000000e+00 4.662468999999999815e-03
9.638219000000000278e+02 0.000000000000000000e+00 4.835273000000000175e-03
9.645116000000000440e+02 0.000000000000000000e+00 4.925800999999999617e-03
9.652012300000000096e+02 0.000000000000000000e+00 4.948952999999999859e-03
9.658908699999999499e+02 0.000000000000000000e+00 5.005024999999999752e-03
9.665805100000000039e+02 0.000000000000000000e+00 5.077642000000000266e-03
9.672701399999999694e+02 0.000000000000000000e+00 5.143558999999999805e-03
9.679597199999999475e+02 0.000000000000000000e+00 5.127253000000000019e-03
9.686492899999999509e+02 0.000000000000000000e+00 5.123846999999999950e-03
9.693388700000000426e+02 0.000000000000000000e+00 5.227798999999999988e-03
9.700283799999999701e+02 0.000000000000000000e+00 5.268525999999999938e-03
9.707178999999999860e+02 0.000000000000000000e+00 5.222766999999999687e-03
9.714073499999999513e+02 0.000000000000000000e+00 5.179552999999999935e-03
9.720968599999999924e+02 0.000000000000000000e+00 5.172704000000000191e-03
9.727863200000000461e+02 0.000000000000000000e+00 5.199261999999999634e-03
9.734757100000000491e+02 0.000000000000000000e+00 5.174312999999999829e-03
9.741651600000000144e+02 0.000000000000000000e+00 5.143377999999999665e-03
9.748545500000000175e+02 0.000000000000000000e+00 5.207281000000000236e-03
9.755438799999999446e+02 0.000000000000000000e+00 5.296529000000000341e-03
9.762332800000000361e+02 0.000000000000000000e+00 5.404296000000000273e-03
9.769226099999999633e+02 0.000000000000000000e+00 5.473613999999999910e-03
9.776119400000000041e+02 0.000000000000000000e+00 5.631904000000000077e-03
9.783012099999999691e+02 0.000000000000000000e+00 5.689416000000000091e-03
9.789904800000000478e+02 0.000000000000000000e+00 5.808373000000000355e-03
9.796797500000000127e+02 0.000000000000000000e+00 5.855660999999999852e-03
9.803690199999999777e+02 0.000000000000000000e+00 6.000217999999999871e-03
9.810582299999999805e+02 0.000000000000000000e+00 6.084919999999999739e-03
9.817474399999999832e+02 0.000000000000000000e+00 6.157708999999999926e-03
9.824365800000000490e+02 0.000000000000000000e+00 6.205061999999999904e-03
9.831257299999999759e+02 0.000000000000000000e+00 6.272113999999999641e-03
9.838148800000000165e+02 0.000000000000000000e+00 6.409607000000000325e-03
9.845040299999999434e+02 0.000000000000000000e+00 6.645027000000000399e-03
9.851931200000000217e+02 0.000000000000000000e+00 6.747582999999999706e-03
9.858822000000000116e+02 0.000000000000000000e+00 6.927121999999999967e-03
9.865712899999999763e+02 0.000000000000000000e+00 7.046267999999999629e-03
9.872603100000000040e+02 0.000000000000000000e+00 7.292166000000000099e-03
9.879493400000000065e+02 0.000000000000000000e+00 7.454989000000000407e-03
9.886383700000000090e+02 0.000000000000000000e+00 7.597190999999999667e-03
9.893273299999999608e+02 0.000000000000000000e+00 7.815772000000000344e-03
9.900163000000000011e+02 0.000000000000000000e+00 7.932026000000000007e-03
9.907052599999999529e+02 0.000000000000000000e+00 7.963585000000000455e-03
9.913941700000000310e+02 0.000000000000000000e+00 8.026537000000000255e-03
9.920830700000000206e+02 0.000000000000000000e+00 8.116685999999999693e-03
9.927719700000000103e+02 0.000000000000000000e+00 8.210442999999999561e-03
9.934608799999999746e+02 0.000000000000000000e+00 8.220510000000000317e-03
9.941497200000000021e+02 0.000000000000000000e+00 8.151854999999999518e-03
9.948385600000000295e+02 0.000000000000000000e+00 7.947727999999999390e-03
9.955273399999999810e+02 0.000000000000000000e+00 7.837007999999999475e-03
9.962161300000000210e+02 0.000000000000000000e+00 7.717759999999999725e-03
9.969049099999999726e+02 0.000000000000000000e+00 7.521883000000000041e-03
9.975936900000000378e+02 0.000000000000000000e+00 7.258174000000000049e-03
9.982824100000000271e+02 0.000000000000000000e+00 7.106508000000000096e-03
9.989711300000000165e+02 0.000000000000000000e+00 6.970012000000000256e-03
9.996597900000000436e+02 0.000000000000000000e+00 6.784255999999999794e-03
1.000348449999999957e+03 0.000000000000000000e+00 6.574662000000000214e-03
1.001037109999999984e+03 0.000000000000000000e+00 6.420066999999999788e-03
1.001725770000000011e+03 0.000000000000000000e+00 6.270401999999999573e-03
1.002414369999999963e+03 0.000000000000000000e+00 6.076004000000000300e-03
1.003102970000000028e+03 0.000000000000000000e+00 5.851414000000000094e-03
1.003791560000000004e+03 0.000000000000000000e+00 5.649814999999999872e-03
1.004480099999999993e+03 0.000000000000000000e+00 5.408719999999999674e-03
1.005168639999999982e+03 0.000000000000000000e+00 5.235095000000000373e-03
1.005857179999999971e+03 0.000000000000000000e+00 5.034104999999999656e-03
1.006545650000000023e+03 0.000000000000000000e+00 4.870339999999999912e-03
1.007234130000000050e+03 0.000000000000000000e+00 4.749492000000000123e-03
1.007922609999999963e+03 0.000000000000000000e+00 4.591383999999999570e-03
1.008611020000000053e+03 0.000000000000000000e+00 4.453559000000000163e-03
1.009299440000000004e+03 0.000000000000000000e+00 4.341051000000000284e-03
1.009987849999999980e+03 0.000000000000000000e+00 4.251750999999999794e-03
1.010676270000000045e+03 0.000000000000000000e+00 4.071878999999999603e-03
1.011364619999999945e+03 0.000000000000000000e+00 3.883422999999999996e-03
1.012052919999999972e+03 0.000000000000000000e+00 3.741805999999999865e-03
1.012741269999999986e+03 0.000000000000000000e+00 3.771537000000000153e-03
1.013429570000000012e+03 0.000000000000000000e+00 3.702733000000000153e-03
1.014117859999999951e+03 0.000000000000000000e+00 3.596882000000000031e-03
1.014806090000000040e+03 0.000000000000000000e+00 3.504332000000000193e-03
1.015494320000000016e+03 0.000000000000000000e+00 3.505420999999999884e-03
1.016182559999999967e+03 0.000000000000000000e+00 3.406292000000000000e-03
1.016870790000000056e+03 0.000000000000000000e+00 3.385517000000000214e-03
1.017558959999999956e+03 0.000000000000000000e+00 3.356121000000000104e-03
1.018247129999999970e+03 0.000000000000000000e+00 3.360722999999999922e-03
1.018935240000000022e+03 0.000000000000000000e+00 3.324389999999999984e-03
1.019623349999999959e+03 0.000000000000000000e+00 3.297440999999999914e-03
1.020311460000000011e+03 0.000000000000000000e+00 3.280677000000000072e-03
1.020999569999999949e+03 0.000000000000000000e+00 3.232223000000000214e-03
1.021687620000000038e+03 0.000000000000000000e+00 3.224729999999999871e-03
1.022375670000000014e+03 0.000000000000000000e+00 3.201625000000000044e-03
1.023063719999999989e+03 0.000000000000000000e+00 3.185059000000000067e-03
1.023751710000000003e+03 0.000000000000000000e+00 3.143950999999999864e-03
1.024439699999999903e+03 0.000000000000000000e+00 3.136812000000000107e-03
1.025127690000000030e+03 0.000000000000000000e+00 3.194905999999999961e-03
1.025815550000000030e+03 0.000000000000000000e+00 3.234237999999999957e-03
1.026503539999999930e+03 0.000000000000000000e+00 3.257082000000000119e-03
1.027191409999999905e+03 0.000000000000000000e+00 3.319471000000000054e-03
1.027879269999999906e+03 0.000000000000000000e+00 3.391059999999999994e-03
1.028567140000000109e+03 0.000000000000000000e+00 3.488741999999999972e-03
1.029255000000000109e+03 0.000000000000000000e+00 3.586174000000000132e-03
1.029942870000000084e+03 0.000000000000000000e+00 3.674864999999999816e-03
1.030630619999999908e+03 0.000000000000000000e+00 3.762629999999999881e-03
1.031318479999999909e+03 0.000000000000000000e+00 3.949158000000000356e-03
1.032006229999999960e+03 0.000000000000000000e+00 4.049455000000000415e-03
1.032693970000000036e+03 0.000000000000000000e+00 4.099158999999999789e-03
1.033381710000000112e+03 0.000000000000000000e+00 4.162367999999999624e-03
1.034069340000000011e+03 0.000000000000000000e+00 4.213128000000000012e-03
1.034757080000000087e+03 0.000000000000000000e+00 4.279635999999999857e-03
1.035444700000000012e+03 0.000000000000000000e+00 4.437398000000000384e-03
1.036132319999999936e+03 0.000000000000000000e+00 4.541574999999999952e-03
1.036820069999999987e+03 0.000000000000000000e+00 4.640039000000000316e-03
1.037507569999999987e+03 0.000000000000000000e+00 4.711787999999999740e-03
1.038195189999999911e+03 0.000000000000000000e+00 4.809728999999999567e-03
1.038882810000000063e+03 0.000000000000000000e+00 4.920907999999999879e-03
1.039570310000000063e+03 0.000000000000000000e+00 5.004788999999999939e-03
1.040257810000000063e+03 0.000000000000000000e+00 5.081679999999999878e-03
1.040945310000000063e+03 0.000000000000000000e+00 5.146081999999999740e-03
1.041632810000000063e+03 0.000000000000000000e+00 5.225737000000000264e-03
1.042320310000000063e+03 0.000000000000000000e+00 5.291620000000000351e-03
1.043007689999999911e+03 0.000000000000000000e+00 5.339817000000000174e-03
1.043695189999999911e+03 0.000000000000000000e+00 5.354117999999999725e-03
1.044382569999999987e+03 0.000000000000000000e+00 5.360987999999999691e-03
1.045069950000000063e+03 0.000000000000000000e+00 5.348185000000000092e-03
1.045757319999999936e+03 0.000000000000000000e+00 5.362628000000000360e-03
1.046444700000000012e+03 0.000000000000000000e+00 5.416019999999999689e-03
1.047131959999999935e+03 0.000000000000000000e+00 5.487780999999999736e-03
1.047819340000000011e+03 0.000000000000000000e+00 5.514317000000000350e-03
1.048506589999999960e+03 0.000000000000000000e+00 5.554754000000000289e-03
1.049193850000000111e+03 0.000000000000000000e+00 5.572261999999999701e-03
1.049881100000000060e+03 0.000000000000000000e+00 5.545760000000000273e-03
1.050568359999999984e+03 0.000000000000000000e+00 5.556511000000000089e-03
1.051255490000000009e+03 0.000000000000000000e+00 5.591185000000000252e-03
1.051942749999999933e+03 0.000000000000000000e+00 5.623448999999999982e-03
1.052629879999999957e+03 0.000000000000000000e+00 5.601695999999999759e-03
1.053317019999999957e+03 0.000000000000000000e+00 5.515026000000000130e-03
1.054004149999999981e+03 0.000000000000000000e+00 5.459178000000000294e-03
1.054691280000000006e+03 0.000000000000000000e+00 5.442062000000000115e-03
1.055378300000000081e+03 0.000000000000000000e+00 5.430724999999999962e-03
1.056065430000000106e+03 0.000000000000000000e+00 5.432613999999999672e-03
1.056752439999999979e+03 0.000000000000000000e+00 5.394177000000000000e-03
1.057439450000000079e+03 0.000000000000000000e+00 5.328335000000000016e-03
1.058126459999999952e+03 0.000000000000000000e+00 5.258038999999999942e-03
1.058813480000000027e+03 0.000000000000000000e+00 5.231531999999999676e-03
1.059500489999999900e+03 0.000000000000000000e+00 5.269605999999999596e-03
1.060187380000000076e+03 0.000000000000000000e+00 5.259177999999999770e-03
1.060874270000000024e+03 0.000000000000000000e+00 5.181644000000000007e-03
1.061561159999999973e+03 0.000000000000000000e+00 5.139213000000000114e-03
1.062248049999999921e+03 0.000000000000000000e+00 5.117634000000000245e-03
1.062934940000000097e+03 0.000000000000000000e+00 5.037294999999999794e-03
1.063621830000000045e+03 0.000000000000000000e+00 4.977839999999999869e-03
1.064308590000000095e+03 0.000000000000000000e+00 4.955685999999999945e-03
1.064995480000000043e+03 0.000000000000000000e+00 4.979482000000000352e-03
1.065682250000000067e+03 0.000000000000000000e+00 4.924424000000000162e-03
1.066369020000000091e+03 0.000000000000000000e+00 4.920749000000000303e-03
1.067055659999999989e+03 0.000000000000000000e+00 4.904686999999999589e-03
1.067742430000000013e+03 0.000000000000000000e+00 4.918821000000000304e-03
1.068429080000000113e+03 0.000000000000000000e+00 4.939843000000000185e-03
1.069115839999999935e+03 0.000000000000000000e+00 4.929418999999999988e-03
1.069802490000000034e+03 0.000000000000000000e+00 4.923092999999999914e-03
1.070489139999999907e+03 0.000000000000000000e+00 4.928720999999999623e-03
1.071175780000000032e+03 0.000000000000000000e+00 4.953729999999999939e-03
1.071862300000000005e+03 0.000000000000000000e+00 4.957729999999999602e-03
1.072548950000000104e+03 0.000000000000000000e+00 4.922041000000000263e-03
1.073235470000000078e+03 0.000000000000000000e+00 4.870957000000000411e-03
1.073922000000000025e+03 0.000000000000000000e+00 4.857677999999999822e-03
1.074608519999999999e+03 0.000000000000000000e+00 4.826785000000000103e-03
1.075295039999999972e+03 0.000000000000000000e+00 4.785908999999999650e-03
1.075981569999999920e+03 0.000000000000000000e+00 4.758876999999999899e-03
1.076667969999999968e+03 0.000000000000000000e+00 4.699092000000000199e-03
1.077354370000000017e+03 0.000000000000000000e+00 4.666637000000000389e-03
1.078040770000000066e+03 0.000000000000000000e+00 4.624836999999999698e-03
1.078727169999999887e+03 0.000000000000000000e+00 4.543377999999999826e-03
1.079413569999999936e+03 0.000000000000000000e+00 4.514922000000000206e-03
1.080099979999999960e+03 0.000000000000000000e+00 4.476042999999999862e-03
1.080786250000000109e+03 0.000000000000000000e+00 4.450866999999999844e-03
1.081472659999999905e+03 0.000000000000000000e+00 4.403688000000000220e-03
1.082158940000000030e+03 0.000000000000000000e+00 4.304421999999999589e-03
1.082845209999999952e+03 0.000000000000000000e+00 4.241408000000000331e-03
1.083531369999999924e+03 0.000000000000000000e+00 4.185409000000000178e-03
1.084217650000000049e+03 0.000000000000000000e+00 4.142835999999999567e-03
1.084903929999999946e+03 0.000000000000000000e+00 4.121333999999999935e-03
1.085590089999999918e+03 0.000000000000000000e+00 4.120557000000000386e-03
1.086276249999999891e+03 0.000000000000000000e+00 4.082256000000000253e-03
1.086962399999999889e+03 0.000000000000000000e+00 4.072687000000000182e-03
1.087648560000000089e+03 0.000000000000000000e+00 4.055928000000000311e-03
1.088334589999999935e+03 0.000000000000000000e+00 4.037688999999999688e-03
1.089020749999999907e+03 0.000000000000000000e+00 4.022592000000000181e-03
1.089706789999999955e+03 0.000000000000000000e+00 4.036694000000000393e-03
1.090392820000000029e+03 0.000000000000000000e+00 4.082813000000000241e-03
1.091078860000000077e+03 0.000000000000000000e+00 4.151051999999999693e-03
1.091764889999999923e+03 0.000000000000000000e+00 4.199356999999999916e-03
1.092450810000000047e+03 0.000000000000000000e+00 4.260238999999999866e-03
1.093136839999999893e+03 0.000000000000000000e+00 4.384686999999999960e-03
1.093822750000000042e+03 0.000000000000000000e+00 4.525178999999999833e-03
1.094508669999999938e+03 0.000000000000000000e+00 4.615832999999999742e-03
1.095194580000000087e+03 0.000000000000000000e+00 4.747297999999999622e-03
1.095880490000000009e+03 0.000000000000000000e+00 4.950605999999999757e-03
1.096566409999999905e+03 0.000000000000000000e+00 5.188024999999999755e-03
1.097252199999999903e+03 0.000000000000000000e+00 5.386257000000000197e-03
1.097937989999999900e+03 0.000000000000000000e+00 5.568375999999999881e-03
1.098623779999999897e+03 0.000000000000000000e+00 5.669895999999999790e-03
1.099309569999999894e+03 0.000000000000000000e+00 5.885229999999999975e-03
1.099995359999999891e+03 0.000000000000000000e+00 6.196768000000000068e-03
1.100681149999999889e+03 0.000000000000000000e+00 6.544496000000000341e-03
1.101366819999999962e+03 0.000000000000000000e+00 6.856489000000000333e-03
1.102052490000000034e+03 0.000000000000000000e+00 7.219996999999999700e-03
1.102738160000000107e+03 0.000000000000000000e+00 7.513935000000000232e-03
1.103423829999999953e+03 0.000000000000000000e+00 7.783296999999999785e-03
1.104109500000000025e+03 0.000000000000000000e+00 8.205241000000000270e-03
1.104795170000000098e+03 0.000000000000000000e+00 8.598003999999999369e-03
1.105480710000000045e+03 0.000000000000000000e+00 8.935223000000000818e-03
1.106166259999999966e+03 0.000000000000000000e+00 9.325000999999999429e-03
1.106851809999999887e+03 0.000000000000000000e+00 9.833084000000000616e-03
1.107537350000000060e+03 0.000000000000000000e+00 1.031620400000000069e-02
1.108222899999999981e+03 0.000000000000000000e+00 1.071402599999999976e-02
1.108908449999999903e+03 0.000000000000000000e+00 1.101180700000000019e-02
1.109593869999999924e+03 0.000000000000000000e+00 1.128445200000000037e-02
1.110279299999999921e+03 0.000000000000000000e+00 1.162552900000000076e-02
1.110964719999999943e+03 0.000000000000000000e+00 1.195348400000000033e-02
1.111650149999999940e+03 0.000000000000000000e+00 1.228326199999999965e-02
1.112335569999999962e+03 0.000000000000000000e+00 1.260445099999999916e-02
1.113020999999999958e+03 0.000000000000000000e+00 1.291036899999999966e-02
1.113706300000000056e+03 0.000000000000000000e+00 1.313722800000000079e-02
1.114391599999999926e+03 0.000000000000000000e+00 1.333784900000000058e-02
1.115076900000000023e+03 0.000000000000000000e+00 1.350287399999999978e-02
1.115762210000000096e+03 0.000000000000000000e+00 1.358841099999999989e-02
1.116447509999999966e+03 0.000000000000000000e+00 1.371319600000000041e-02
1.117132689999999911e+03 0.000000000000000000e+00 1.382125600000000051e-02
1.117817990000000009e+03 0.000000000000000000e+00 1.387306800000000055e-02
1.118503169999999955e+03 0.000000000000000000e+00 1.384648399999999918e-02
1.119188349999999900e+03 0.000000000000000000e+00 1.387362200000000038e-02
1.119873540000000048e+03 0.000000000000000000e+00 1.394206400000000054e-02
1.120558590000000095e+03 0.000000000000000000e+00 1.395136699999999924e-02
1.121243770000000040e+03 0.000000000000000000e+00 1.394006899999999938e-02
1.121928830000000062e+03 0.000000000000000000e+00 1.396736500000000068e-02
1.122613890000000083e+03 0.000000000000000000e+00 1.388233500000000085e-02
1.123298950000000104e+03 0.000000000000000000e+00 1.375736800000000072e-02
1.123984009999999898e+03 0.000000000000000000e+00 1.355878800000000044e-02
1.124669069999999920e+03 0.000000000000000000e+00 1.349906799999999948e-02
1.125354000000000042e+03 0.000000000000000000e+00 1.340116099999999998e-02
1.126039060000000063e+03 0.000000000000000000e+00 1.315458299999999921e-02
1.126723999999999933e+03 0.000000000000000000e+00 1.286307499999999986e-02
1.127408940000000030e+03 0.000000000000000000e+00 1.260907000000000000e-02
1.128093869999999924e+03 0.000000000000000000e+00 1.227188199999999958e-02
1.128778690000000097e+03 0.000000000000000000e+00 1.194231800000000038e-02
1.129463619999999992e+03 0.000000000000000000e+00 1.162801699999999917e-02
1.130148439999999937e+03 0.000000000000000000e+00 1.145100200000000006e-02
1.130833249999999907e+03 0.000000000000000000e+00 1.126851499999999978e-02
1.131518070000000080e+03 0.000000000000000000e+00 1.106353799999999950e-02
1.132202880000000050e+03 0.000000000000000000e+00 1.077088799999999930e-02
1.132887699999999995e+03 0.000000000000000000e+00 1.055356099999999950e-02
1.133572390000000041e+03 0.000000000000000000e+00 1.033970499999999938e-02
1.134257080000000087e+03 0.000000000000000000e+00 1.011258699999999927e-02
1.134941769999999906e+03 0.000000000000000000e+00 9.840899000000000174e-03
1.135626459999999952e+03 0.000000000000000000e+00 9.604803999999999772e-03
1.136311159999999973e+03 0.000000000000000000e+00 9.400464000000000736e-03
1.136995850000000019e+03 0.000000000000000000e+00 9.145178999999999808e-03
1.137680419999999913e+03 0.000000000000000000e+00 8.984040000000000428e-03
1.138364990000000034e+03 0.000000000000000000e+00 8.826950999999999548e-03
1.139049559999999929e+03 0.000000000000000000e+00 8.676796000000000508e-03
1.139734130000000050e+03 0.000000000000000000e+00 8.501814999999999373e-03
1.140418699999999944e+03 0.000000000000000000e+00 8.430451000000000264e-03
1.141103149999999914e+03 0.000000000000000000e+00 8.395876999999999507e-03
1.141787720000000036e+03 0.000000000000000000e+00 8.341816999999999635e-03
1.142472170000000006e+03 0.000000000000000000e+00 8.276525999999999328e-03
1.143156619999999975e+03 0.000000000000000000e+00 8.208949999999999581e-03
1.143841059999999970e+03 0.000000000000000000e+00 8.201912000000000438e-03
1.144525509999999940e+03 0.000000000000000000e+00 8.251308000000000600e-03
1.145209839999999986e+03 0.000000000000000000e+00 8.303523999999999627e-03
1.145894289999999955e+03 0.000000000000000000e+00 8.373109000000000107e-03
1.146578610000000026e+03 0.000000000000000000e+00 8.420387999999999137e-03
1.147262940000000071e+03 0.000000000000000000e+00 8.460723999999999329e-03
1.147947269999999889e+03 0.000000000000000000e+00 8.515438000000000174e-03
1.148631470000000036e+03 0.000000000000000000e+00 8.563232000000000482e-03
1.149315800000000081e+03 0.000000000000000000e+00 8.618410999999999433e-03
1.150000000000000000e+03 0.000000000000000000e+00 8.753116000000000022e-03
1.150684199999999919e+03 0.000000000000000000e+00 8.892284999999999773e-03
1.151368410000000040e+03 0.000000000000000000e+00 9.015017999999999643e-03
1.152052609999999959e+03 0.000000000000000000e+00 9.093735999999999833e-03
1.152736820000000080e+03 0.000000000000000000e+00 9.120236000000000315e-03
1.153420900000000074e+03 0.000000000000000000e+00 9.181943999999999176e-03
1.154104980000000069e+03 0.000000000000000000e+00 9.273300999999999419e-03
1.154789060000000063e+03 0.000000000000000000e+00 9.372227999999999809e-03
1.155473140000000058e+03 0.000000000000000000e+00 9.415026999999999424e-03
1.156157230000000027e+03 0.000000000000000000e+00 9.418831000000000772e-03
1.156841310000000021e+03 0.000000000000000000e+00 9.418272999999999576e-03
1.157525270000000091e+03 0.000000000000000000e+00 9.393979000000000218e-03
1.158209229999999934e+03 0.000000000000000000e+00 9.346207999999999946e-03
1.158893190000000004e+03 0.000000000000000000e+00 9.302809000000000425e-03
1.159577150000000074e+03 0.000000000000000000e+00 9.274288999999999797e-03
1.160261109999999917e+03 0.000000000000000000e+00 9.188098000000000445e-03
1.160945069999999987e+03 0.000000000000000000e+00 9.091917999999999181e-03
1.161628909999999905e+03 0.000000000000000000e+00 8.967209000000000291e-03
1.162312740000000076e+03 0.000000000000000000e+00 8.879712999999999148e-03
1.162996579999999994e+03 0.000000000000000000e+00 8.800073000000000270e-03
1.163680419999999913e+03 0.000000000000000000e+00 8.705776999999999613e-03
1.164364260000000058e+03 0.000000000000000000e+00 8.587473999999999455e-03
1.165047970000000078e+03 0.000000000000000000e+00 8.459846000000000033e-03
1.165731809999999996e+03 0.000000000000000000e+00 8.345761999999999625e-03
1.166415529999999990e+03 0.000000000000000000e+00 8.187409999999999133e-03
1.167099240000000009e+03 0.000000000000000000e+00 8.090290999999999455e-03
1.167782840000000078e+03 0.000000000000000000e+00 7.947720000000000132e-03
1.168466550000000097e+03 0.000000000000000000e+00 7.800587000000000319e-03
1.169150270000000091e+03 0.000000000000000000e+00 7.651383000000000316e-03
1.169833859999999959e+03 0.000000000000000000e+00 7.527403999999999692e-03
1.170517460000000028e+03 0.000000000000000000e+00 7.401572000000000359e-03
1.171201049999999896e+03 0.000000000000000000e+00 7.278073999999999828e-03
1.171884639999999990e+03 0.000000000000000000e+00 7.168612999999999895e-03
1.172568119999999908e+03 0.000000000000000000e+00 7.070667000000000098e-03
1.173251710000000003e+03 0.000000000000000000e+00 6.950457000000000163e-03
1.173935179999999946e+03 0.000000000000000000e+00 6.819371999999999760e-03
1.174618649999999889e+03 0.000000000000000000e+00 6.714885999999999772e-03
1.175302120000000059e+03 0.000000000000000000e+00 6.630103000000000038e-03
1.175985599999999977e+03 0.000000000000000000e+00 6.537936999999999742e-03
1.176668949999999995e+03 0.000000000000000000e+00 6.446112000000000369e-03
1.177352419999999938e+03 0.000000000000000000e+00 6.355829000000000339e-03
1.178035769999999957e+03 0.000000000000000000e+00 6.260103999999999842e-03
1.178719119999999975e+03 0.000000000000000000e+00 6.174948000000000416e-03
1.179402469999999994e+03 0.000000000000000000e+00 6.100971000000000172e-03
1.180085690000000113e+03 0.000000000000000000e+00 6.016368000000000237e-03
1.180769039999999904e+03 0.000000000000000000e+00 5.916049999999999955e-03
1.181452269999999999e+03 0.000000000000000000e+00 5.837486999999999711e-03
1.182135500000000093e+03 0.000000000000000000e+00 5.756408999999999658e-03
1.182818729999999960e+03 0.000000000000000000e+00 5.682440999999999881e-03
1.183501950000000079e+03 0.000000000000000000e+00 5.588637999999999939e-03
1.184185179999999946e+03 0.000000000000000000e+00 5.492778999999999717e-03
1.184868289999999888e+03 0.000000000000000000e+00 5.397169999999999745e-03
1.185551390000000083e+03 0.000000000000000000e+00 5.313977000000000110e-03
1.186234500000000025e+03 0.000000000000000000e+00 5.227614000000000219e-03
1.186917599999999993e+03 0.000000000000000000e+00 5.127569999999999698e-03
1.187600709999999935e+03 0.000000000000000000e+00 5.043778999999999971e-03
1.188283809999999903e+03 0.000000000000000000e+00 4.959611000000000054e-03
1.188966799999999921e+03 0.000000000000000000e+00 4.883255999999999881e-03
1.189649779999999964e+03 0.000000000000000000e+00 4.799992000000000321e-03
1.190332760000000007e+03 0.000000000000000000e+00 4.714667999999999984e-03
1.191015750000000025e+03 0.000000000000000000e+00 4.631767999999999649e-03
1.191698730000000069e+03 0.000000000000000000e+00 4.570051000000000321e-03
1.192381589999999960e+03 0.000000000000000000e+00 4.492727000000000179e-03
1.193064579999999978e+03 0.000000000000000000e+00 4.409915000000000362e-03
1.193747440000000097e+03 0.000000000000000000e+00 4.312154000000000334e-03
1.194430299999999988e+03 0.000000000000000000e+00 4.247181000000000047e-03
1.195113160000000107e+03 0.000000000000000000e+00 4.206716999999999575e-03
1.195795900000000074e+03 0.000000000000000000e+00 4.124102999999999623e-03
1.196478759999999966e+03 0.000000000000000000e+00 4.037396999999999861e-03
1.197161499999999933e+03 0.000000000000000000e+00 3.940805000000000349e-03
1.197844239999999900e+03 0.000000000000000000e+00 3.899647999999999917e-03
1.198526980000000094e+03 0.000000000000000000e+00 3.854155000000000168e-03
1.199209720000000061e+03 0.000000000000000000e+00 3.808053000000000046e-03
1.199892329999999902e+03 0.000000000000000000e+00 3.760415000000000025e-03
1.200575070000000096e+03 0.000000000000000000e+00 3.730163999999999789e-03
1.201257689999999911e+03 0.000000000000000000e+00 3.689054000000000205e-03
1.201940309999999954e+03 0.000000000000000000e+00 3.640555000000000180e-03
1.202622920000000022e+03 0.000000000000000000e+00 3.595093000000000160e-03
1.203305540000000065e+03 0.000000000000000000e+00 3.555649000000000136e-03
1.203988039999999955e+03 0.000000000000000000e+00 3.497980999999999834e-03
1.204670650000000023e+03 0.000000000000000000e+00 3.445672999999999792e-03
1.205353149999999914e+03 0.000000000000000000e+00 3.388770000000000150e-03
1.206035640000000058e+03 0.000000000000000000e+00 3.350168000000000156e-03
1.206718139999999948e+03 0.000000000000000000e+00 3.312466000000000022e-03
1.207400509999999940e+03 0.000000000000000000e+00 3.266259999999999997e-03
1.208083010000000058e+03 0.000000000000000000e+00 3.218593000000000062e-03
1.208765380000000050e+03 0.000000000000000000e+00 3.191956000000000133e-03
1.209447750000000042e+03 0.000000000000000000e+00 3.165597999999999936e-03
1.210130130000000008e+03 0.000000000000000000e+00 3.129193000000000165e-03
1.210812500000000000e+03 0.000000000000000000e+00 3.095210000000000149e-03
1.211494750000000067e+03 0.000000000000000000e+00 3.060480999999999879e-03
1.212177120000000059e+03 0.000000000000000000e+00 3.040856000000000201e-03
1.212859380000000101e+03 0.000000000000000000e+00 3.032612000000000068e-03
1.213541629999999941e+03 0.000000000000000000e+00 2.993879999999999979e-03
1.214223880000000008e+03 0.000000000000000000e+00 2.976088999999999905e-03
1.214906009999999924e+03 0.000000000000000000e+00 2.930362000000000158e-03
1.215588259999999991e+03 0.000000000000000000e+00 2.869252000000000087e-03
1.216270389999999907e+03 0.000000000000000000e+00 2.816482999999999834e-03
1.216952510000000075e+03 0.000000000000000000e+00 2.791113999999999921e-03
1.217634639999999990e+03 0.000000000000000000e+00 2.769052000000000145e-03
1.218316769999999906e+03 0.000000000000000000e+00 2.718791999999999823e-03
1.218998900000000049e+03 0.000000000000000000e+00 2.668193000000000127e-03
1.219680910000000040e+03 0.000000000000000000e+00 2.649608999999999819e-03
1.220363039999999955e+03 0.000000000000000000e+00 2.654590000000000075e-03
1.221045039999999972e+03 0.000000000000000000e+00 2.645848000000000123e-03
1.221727049999999963e+03 0.000000000000000000e+00 2.621997999999999950e-03
1.222408940000000030e+03 0.000000000000000000e+00 2.603536000000000045e-03
1.223090940000000046e+03 0.000000000000000000e+00 2.594627999999999865e-03
1.223772830000000113e+03 0.000000000000000000e+00 2.586616999999999823e-03
1.224454709999999977e+03 0.000000000000000000e+00 2.565438000000000180e-03
1.225136600000000044e+03 0.000000000000000000e+00 2.540971999999999849e-03
1.225818479999999909e+03 0.000000000000000000e+00 2.532641999999999879e-03
1.226500369999999975e+03 0.000000000000000000e+00 2.525763999999999787e-03
1.227182129999999916e+03 0.000000000000000000e+00 2.517347000000000074e-03
1.227864010000000007e+03 0.000000000000000000e+00 2.504650000000000192e-03
1.228545779999999922e+03 0.000000000000000000e+00 2.486169999999999786e-03
1.229227540000000090e+03 0.000000000000000000e+00 2.488324000000000091e-03
1.229909180000000106e+03 0.000000000000000000e+00 2.460453000000000032e-03
1.230590940000000046e+03 0.000000000000000000e+00 2.408965999999999798e-03
1.231272580000000062e+03 0.000000000000000000e+00 2.353083000000000171e-03
1.231954349999999977e+03 0.000000000000000000e+00 2.343572999999999837e-03
1.232635989999999993e+03 0.000000000000000000e+00 2.389936000000000057e-03
1.233317630000000008e+03 0.000000000000000000e+00 2.421728000000000162e-03
1.233999150000000100e+03 0.000000000000000000e+00 2.418987999999999954e-03
1.234680789999999888e+03 0.000000000000000000e+00 2.411729000000000043e-03
1.235362300000000005e+03 0.000000000000000000e+00 2.432517999999999833e-03
1.236043820000000096e+03 0.000000000000000000e+00 2.445408999999999951e-03
1.236725339999999960e+03 0.000000000000000000e+00 2.448844999999999841e-03
1.237406860000000052e+03 0.000000000000000000e+00 2.451172000000000160e-03
1.238088379999999916e+03 0.000000000000000000e+00 2.450608999999999860e-03
1.238769780000000083e+03 0.000000000000000000e+00 2.470411999999999955e-03
1.239451170000000047e+03 0.000000000000000000e+00 2.496916000000000066e-03
1.240132569999999987e+03 0.000000000000000000e+00 2.526889999999999952e-03
1.240813959999999952e+03 0.000000000000000000e+00 2.533066999999999958e-03
1.241495359999999891e+03 0.000000000000000000e+00 2.575145000000000038e-03
1.242176760000000058e+03 0.000000000000000000e+00 2.618168000000000144e-03
1.242858030000000099e+03 0.000000000000000000e+00 2.645183000000000170e-03
1.243539309999999887e+03 0.000000000000000000e+00 2.677102000000000214e-03
1.244220579999999927e+03 0.000000000000000000e+00 2.727036999999999864e-03
1.244901859999999942e+03 0.000000000000000000e+00 2.779288999999999892e-03
1.245583129999999983e+03 0.000000000000000000e+00 2.836904999999999809e-03
1.246264280000000099e+03 0.000000000000000000e+00 2.879608999999999988e-03
1.246945429999999988e+03 0.000000000000000000e+00 2.950663999999999978e-03
1.247626590000000078e+03 0.000000000000000000e+00 3.008300000000000210e-03
1.248307739999999967e+03 0.000000000000000000e+00 3.090307000000000037e-03
1.248988890000000083e+03 0.000000000000000000e+00 3.202544999999999784e-03
1.249670039999999972e+03 0.000000000000000000e+00 3.338474000000000129e-03
1.250351069999999936e+03 0.000000000000000000e+00 3.406460000000000043e-03
1.251032099999999900e+03 0.000000000000000000e+00 3.454908000000000024e-03
1.251713130000000092e+03 0.000000000000000000e+00 3.515242000000000019e-03
1.252394170000000031e+03 0.000000000000000000e+00 3.626619000000000197e-03
1.253075199999999995e+03 0.000000000000000000e+00 3.712551000000000132e-03
1.253756100000000060e+03 0.000000000000000000e+00 3.809320000000000154e-03
1.254437130000000025e+03 0.000000000000000000e+00 3.902492999999999934e-03
1.255118040000000065e+03 0.000000000000000000e+00 4.049734999999999620e-03
1.255798950000000104e+03 0.000000000000000000e+00 4.189082999999999696e-03
1.256479739999999993e+03 0.000000000000000000e+00 4.290654999999999990e-03
1.257160640000000058e+03 0.000000000000000000e+00 4.384314999999999740e-03
1.257841429999999946e+03 0.000000000000000000e+00 4.540477999999999702e-03
1.258522220000000061e+03 0.000000000000000000e+00 4.693695999999999806e-03
1.259202999999999975e+03 0.000000000000000000e+00 4.816260000000000159e-03
1.259883790000000090e+03 0.000000000000000000e+00 4.945386000000000400e-03
1.260564579999999978e+03 0.000000000000000000e+00 5.112923000000000121e-03
1.261245239999999967e+03 0.000000000000000000e+00 5.267664000000000027e-03
1.261926030000000083e+03 0.000000000000000000e+00 5.384480999999999989e-03
1.262606690000000071e+03 0.000000000000000000e+00 5.477148000000000259e-03
1.263287350000000060e+03 0.000000000000000000e+00 5.592653000000000381e-03
1.263968020000000024e+03 0.000000000000000000e+00 5.692494999999999673e-03
1.264648560000000089e+03 0.000000000000000000e+00 5.799170999999999666e-03
1.265329220000000078e+03 0.000000000000000000e+00 5.904610000000000240e-03
1.266009769999999889e+03 0.000000000000000000e+00 6.036170999999999898e-03
1.266690309999999954e+03 0.000000000000000000e+00 6.128068000000000404e-03
1.267370850000000019e+03 0.000000000000000000e+00 6.167398999999999624e-03
1.268051269999999931e+03 0.000000000000000000e+00 6.176227000000000279e-03
1.268731809999999996e+03 0.000000000000000000e+00 6.215937000000000372e-03
1.269412229999999909e+03 0.000000000000000000e+00 6.266029000000000217e-03
1.270092650000000049e+03 0.000000000000000000e+00 6.324322000000000277e-03
1.270773069999999962e+03 0.000000000000000000e+00 6.319321999999999613e-03
1.271453490000000102e+03 0.000000000000000000e+00 6.317701000000000219e-03
1.272133910000000014e+03 0.000000000000000000e+00 6.341287000000000139e-03
1.272814210000000003e+03 0.000000000000000000e+00 6.370938999999999942e-03
1.273494509999999991e+03 0.000000000000000000e+00 6.375712999999999867e-03
1.274174800000000005e+03 0.000000000000000000e+00 6.350996999999999719e-03
1.274855099999999993e+03 0.000000000000000000e+00 6.347339999999999927e-03
1.275535399999999981e+03 0.000000000000000000e+00 6.344085000000000175e-03
1.276215580000000045e+03 0.000000000000000000e+00 6.311144000000000302e-03
1.276895870000000059e+03 0.000000000000000000e+00 6.278353000000000406e-03
1.277576049999999896e+03 0.000000000000000000e+00 6.227268999999999687e-03
1.278256229999999960e+03 0.000000000000000000e+00 6.184086999999999570e-03
1.278936279999999897e+03 0.000000000000000000e+00 6.118351000000000171e-03
1.279616459999999961e+03 0.000000000000000000e+00 6.027898999999999757e-03
1.280296509999999898e+03 0.000000000000000000e+00 5.949801999999999695e-03
1.280976560000000063e+03 0.000000000000000000e+00 5.867625999999999918e-03
1.281656739999999900e+03 0.000000000000000000e+00 5.778069999999999734e-03
1.282336669999999913e+03 0.000000000000000000e+00 5.688231000000000190e-03
1.283016720000000078e+03 0.000000000000000000e+00 5.584142000000000272e-03
1.283696779999999990e+03 0.000000000000000000e+00 5.536094000000000084e-03
1.284376710000000003e+03 0.000000000000000000e+00 5.495129999999999980e-03
1.285056640000000016e+03 0.000000000000000000e+00 5.436927000000000253e-03
1.285736570000000029e+03 0.000000000000000000e+00 5.333351000000000064e-03
1.286416500000000042e+03 0.000000000000000000e+00 5.232821000000000347e-03
1.287096309999999903e+03 0.000000000000000000e+00 5.127096000000000257e-03
1.287776249999999891e+03 0.000000000000000000e+00 5.021460999999999633e-03
1.288456050000000005e+03 0.000000000000000000e+00 4.932574999999999807e-03
1.289135860000000093e+03 0.000000000000000000e+00 4.851094999999999713e-03
1.289815669999999955e+03 0.000000000000000000e+00 4.741360000000000019e-03
1.290495359999999891e+03 0.000000000000000000e+00 4.671151999999999596e-03
1.291175169999999980e+03 0.000000000000000000e+00 4.617615999999999735e-03
1.291854859999999917e+03 0.000000000000000000e+00 4.538244000000000306e-03
1.292534550000000081e+03 0.000000000000000000e+00 4.446058999999999602e-03
1.293214230000000043e+03 0.000000000000000000e+00 4.349114999999999752e-03
1.293893919999999980e+03 0.000000000000000000e+00 4.280484999999999672e-03
1.294573489999999993e+03 0.000000000000000000e+00 4.200156000000000028e-03
1.295253169999999955e+03 0.000000000000000000e+00 4.120134999999999596e-03
1.295932739999999967e+03 0.000000000000000000e+00 4.036638000000000379e-03
1.296612300000000005e+03 0.000000000000000000e+00 3.935588999999999754e-03
1.297291870000000017e+03 0.000000000000000000e+00 3.863740000000000056e-03
1.297971309999999903e+03 0.000000000000000000e+00 3.802038000000000206e-03
1.298650879999999916e+03 0.000000000000000000e+00 3.736105999999999889e-03
1.299330320000000029e+03 0.000000000000000000e+00 3.661094000000000154e-03
1.300009769999999889e+03 0.000000000000000000e+00 3.605141000000000075e-03
1.300689210000000003e+03 0.000000000000000000e+00 3.554477999999999804e-03
1.301368649999999889e+03 0.000000000000000000e+00 3.488872999999999974e-03
1.302047970000000078e+03 0.000000000000000000e+00 3.399033000000000089e-03
1.302727290000000039e+03 0.000000000000000000e+00 3.325846999999999831e-03
1.303406739999999900e+03 0.000000000000000000e+00 3.267054000000000138e-03
1.304085939999999937e+03 0.000000000000000000e+00 3.215475000000000191e-03
1.304765259999999898e+03 0.000000000000000000e+00 3.155586000000000155e-03
1.305444580000000087e+03 0.000000000000000000e+00 3.099390999999999952e-03
1.306123779999999897e+03 0.000000000000000000e+00 3.043356000000000099e-03
1.306802979999999934e+03 0.000000000000000000e+00 2.975685999999999956e-03
1.307482299999999896e+03 0.000000000000000000e+00 2.919825000000000025e-03
1.308161380000000008e+03 0.000000000000000000e+00 2.850993999999999924e-03
1.308840580000000045e+03 0.000000000000000000e+00 2.779699999999999966e-03
1.309519780000000083e+03 0.000000000000000000e+00 2.720549000000000057e-03
1.310198849999999993e+03 0.000000000000000000e+00 2.664386999999999832e-03
1.310877930000000106e+03 0.000000000000000000e+00 2.610167000000000043e-03
1.311557009999999991e+03 0.000000000000000000e+00 2.557807000000000049e-03
1.312236079999999902e+03 0.000000000000000000e+00 2.521737000000000024e-03
1.312915040000000090e+03 0.000000000000000000e+00 2.473500000000000004e-03
1.313594119999999975e+03 0.000000000000000000e+00 2.439924999999999906e-03
1.314273069999999962e+03 0.000000000000000000e+00 2.399964999999999998e-03
1.314952029999999922e+03 0.000000000000000000e+00 2.373328999999999977e-03
1.315630979999999909e+03 0.000000000000000000e+00 2.357521000000000009e-03
1.316309809999999970e+03 0.000000000000000000e+00 2.349018999999999933e-03
1.316988769999999931e+03 0.000000000000000000e+00 2.304978000000000062e-03
1.317667599999999993e+03 0.000000000000000000e+00 2.228789000000000117e-03
1.318346440000000030e+03 0.000000000000000000e+00 2.173056999999999940e-03
1.319025270000000091e+03 0.000000000000000000e+00 2.149069999999999887e-03
1.319704099999999926e+03 0.000000000000000000e+00 2.131950000000000078e-03
1.320382810000000063e+03 0.000000000000000000e+00 2.096103000000000202e-03
1.321061519999999973e+03 0.000000000000000000e+00 2.044859000000000000e-03
1.321740360000000010e+03 0.000000000000000000e+00 2.012584999999999895e-03
1.322419069999999920e+03 0.000000000000000000e+00 1.994940000000000168e-03
1.323097659999999905e+03 0.000000000000000000e+00 1.995026000000000004e-03
1.323776370000000043e+03 0.000000000000000000e+00 1.956569000000000016e-03
1.324454960000000028e+03 0.000000000000000000e+00 1.903179999999999976e-03
1.325133669999999938e+03 0.000000000000000000e+00 1.858227999999999963e-03
1.325812259999999924e+03 0.000000000000000000e+00 1.836933000000000012e-03
1.326490720000000010e+03 0.000000000000000000e+00 1.802846000000000093e-03
1.327169309999999996e+03 0.000000000000000000e+00 1.781002000000000062e-03
1.327847899999999981e+03 0.000000000000000000e+00 1.758931000000000036e-03
1.328526370000000043e+03 0.000000000000000000e+00 1.727786000000000035e-03
1.329204829999999902e+03 0.000000000000000000e+00 1.699135000000000055e-03
1.329883299999999963e+03 0.000000000000000000e+00 1.684458000000000006e-03
1.330561770000000024e+03 0.000000000000000000e+00 1.667092999999999917e-03
1.331240109999999959e+03 0.000000000000000000e+00 1.661443000000000078e-03
1.331918580000000020e+03 0.000000000000000000e+00 1.641234000000000096e-03
1.332596919999999955e+03 0.000000000000000000e+00 1.617268000000000048e-03
1.333275270000000091e+03 0.000000000000000000e+00 1.603852000000000012e-03
1.333953610000000026e+03 0.000000000000000000e+00 1.577484000000000091e-03
1.334631840000000011e+03 0.000000000000000000e+00 1.541587999999999986e-03
1.335310179999999946e+03 0.000000000000000000e+00 1.506483999999999992e-03
1.335988399999999956e+03 0.000000000000000000e+00 1.488491999999999897e-03
1.336666629999999941e+03 0.000000000000000000e+00 1.474594999999999986e-03
1.337344849999999951e+03 0.000000000000000000e+00 1.458759000000000011e-03
1.338022950000000037e+03 0.000000000000000000e+00 1.428461000000000010e-03
1.338701170000000047e+03 0.000000000000000000e+00 1.416832000000000031e-03
1.339379269999999906e+03 0.000000000000000000e+00 1.416773000000000077e-03
1.340057369999999992e+03 0.000000000000000000e+00 1.410573999999999942e-03
1.340735470000000078e+03 0.000000000000000000e+00 1.396578000000000099e-03
1.341413569999999936e+03 0.000000000000000000e+00 1.384306000000000078e-03
1.342091550000000097e+03 0.000000000000000000e+00 1.375691000000000067e-03
1.342769649999999956e+03 0.000000000000000000e+00 1.358356000000000017e-03
1.343447629999999890e+03 0.000000000000000000e+00 1.343608000000000042e-03
1.344125610000000052e+03 0.000000000000000000e+00 1.323472000000000016e-03
1.344803589999999986e+03 0.000000000000000000e+00 1.286800999999999960e-03
1.345481449999999995e+03 0.000000000000000000e+00 1.241630000000000077e-03
1.346159419999999955e+03 0.000000000000000000e+00 1.219924999999999959e-03
1.346837279999999964e+03 0.000000000000000000e+00 1.211464999999999894e-03
1.347515139999999974e+03 0.000000000000000000e+00 1.190861000000000090e-03
1.348192990000000009e+03 0.000000000000000000e+00 1.177052999999999953e-03
1.348870850000000019e+03 0.000000000000000000e+00 1.153729999999999947e-03
1.349548579999999902e+03 0.000000000000000000e+00 1.136700000000000037e-03
1.350226319999999987e+03 0.000000000000000000e+00 1.116271000000000060e-03
1.350904170000000022e+03 0.000000000000000000e+00 1.096252000000000034e-03
1.351581789999999955e+03 0.000000000000000000e+00 1.081497999999999965e-03
1.352259520000000066e+03 0.000000000000000000e+00 1.097993999999999923e-03
1.352937259999999924e+03 0.000000000000000000e+00 1.099197000000000108e-03
1.353614870000000110e+03 0.000000000000000000e+00 1.092230999999999931e-03
1.354292480000000069e+03 0.000000000000000000e+00 1.066087999999999975e-03
1.354970090000000027e+03 0.000000000000000000e+00 1.071441999999999924e-03
1.355647709999999961e+03 0.000000000000000000e+00 1.083884000000000019e-03
1.356325319999999920e+03 0.000000000000000000e+00 1.082690000000000085e-03
1.357002809999999954e+03 0.000000000000000000e+00 1.077225999999999921e-03
1.357680299999999988e+03 0.000000000000000000e+00 1.079953000000000033e-03
1.358357790000000023e+03 0.000000000000000000e+00 1.078460000000000052e-03
1.359035280000000057e+03 0.000000000000000000e+00 1.050518999999999975e-03
1.359712770000000091e+03 0.000000000000000000e+00 1.018622999999999968e-03
1.360390139999999974e+03 0.000000000000000000e+00 9.907530000000000329e-04
1.361067630000000008e+03 0.000000000000000000e+00 9.823709999999998953e-04
1.361744999999999891e+03 0.000000000000000000e+00 9.819119999999999324e-04
1.362422360000000026e+03 0.000000000000000000e+00 9.598309999999999655e-04
1.363099609999999984e+03 0.000000000000000000e+00 9.402430000000000032e-04
1.363776980000000094e+03 0.000000000000000000e+00 9.213000000000000052e-04
1.364454220000000078e+03 0.000000000000000000e+00 9.110729999999999827e-04
1.365131470000000036e+03 0.000000000000000000e+00 9.013330000000000387e-04
1.365808719999999994e+03 0.000000000000000000e+00 8.822170000000000272e-04
1.366485959999999977e+03 0.000000000000000000e+00 8.446610000000000229e-04
1.367163209999999935e+03 0.000000000000000000e+00 8.093189999999999672e-04
1.367840329999999994e+03 0.000000000000000000e+00 7.878170000000000095e-04
