9.306945799999999736e+02 0.000000000000000000e+00 3.030600000000000047e-03
9.313851899999999659e+02 0.000000000000000000e+00 2.340346000000000093e-03
9.320757399999999961e+02 0.000000000000000000e+00 2.217983000000000194e-03
9.327663000000000011e+02 0.000000000000000000e+00 2.224874999999999856e-03
9.334568500000000313e+02 0.000000000000000000e+00 2.152803000000000008e-03
9.341473999999999478e+02 0.000000000000000000e+00 2.226737999999999808e-03
9.348378900000000158e+02 0.000000000000000000e+00 2.176598000000000074e-03
9.355283799999999701e+02 0.000000000000000000e+00 2.192892000000000105e-03
9.362188700000000381e+02 0.000000000000000000e+00 2.110294999999999879e-03
9.369093000000000302e+02 0.000000000000000000e+00 2.016510000000000004e-03
9.375997300000000223e+02 0.000000000000000000e+00 1.770923999999999892e-03
9.382901600000000144e+02 0.000000000000000000e+00 1.732515000000000010e-03
9.389805300000000443e+02 0.000000000000000000e+00 1.643703999999999955e-03
9.396708999999999605e+02 0.000000000000000000e+00 1.664385999999999904e-03
9.403612699999999904e+02 0.000000000000000000e+00 1.549164999999999917e-03
9.410515699999999697e+02 0.000000000000000000e+00 1.569298999999999911e-03
9.417418800000000374e+02 0.000000000000000000e+00 1.627572000000000090e-03
9.424321899999999914e+02 0.000000000000000000e+00 1.715890000000000080e-03
9.431224999999999454e+02 0.000000000000000000e+00 1.611992999999999933e-03
9.438127399999999625e+02 0.000000000000000000e+00 1.643553999999999978e-03
9.445029899999999543e+02 0.000000000000000000e+00 1.580365000000000025e-03
9.451931799999999839e+02 0.000000000000000000e+00 1.623927999999999960e-03
9.458833600000000388e+02 0.000000000000000000e+00 1.623064999999999924e-03
9.465735499999999547e+02 0.000000000000000000e+00 1.757999000000000107e-03
9.472637300000000096e+02 0.000000000000000000e+00 1.813528999999999922e-03
9.479538599999999633e+02 0.000000000000000000e+00 1.859400999999999892e-03
9.486439800000000560e+02 0.000000000000000000e+00 1.839211000000000101e-03
9.493341100000000097e+02 0.000000000000000000e+00 1.846594999999999921e-03
9.500241700000000264e+02 0.000000000000000000e+00 1.865438999999999986e-03
9.507142300000000432e+02 0.000000000000000000e+00 1.990660999999999906e-03
9.514043000000000347e+02 0.000000000000000000e+00 2.000117000000000041e-03
9.520943600000000515e+02 0.000000000000000000e+00 2.059898000000000111e-03
9.527843599999999924e+02 0.000000000000000000e+00 2.029505999999999932e-03
9.534743700000000217e+02 0.000000000000000000e+00 2.165762999999999803e-03
9.541643100000000004e+02 0.000000000000000000e+00 2.226258999999999964e-03
9.548542499999999791e+02 0.000000000000000000e+00 2.409183999999999978e-03
9.555441899999999578e+02 0.000000000000000000e+00 2.510319999999999913e-03
9.562341300000000501e+02 0.000000000000000000e+00 2.600149999999999857e-03
9.569240099999999529e+02 0.000000000000000000e+00 2.676323999999999891e-03
9.576138899999999694e+02 0.000000000000000000e+00 2.822269999999999987e-03
9.583037699999999859e+02 0.000000000000000000e+00 2.955184000000000023e-03
9.589935900000000402e+02 0.000000000000000000e+00 3.097741000000000210e-03
9.596834099999999808e+02 0.000000000000000000e+00 3.216511000000000023e-03
9.603731699999999591e+02 0.000000000000000000e+00 3.381538999999999812e-03
9.610629900000000134e+02 0.000000000000000000e+00 3.530764000000000038e-03
9.617527499999999918e+02 0.000000000000000000e+00 3.659092999999999981e-03
9.624424999999999955e+02 0.000000000000000000e+00 3.876501000000000079e-03
9.631322000000000116e+02 0.000000000000000000e+00 4.060636999999999754e-03
9.638219000000000278e+02 0.000000000000000000e+00 4.107682999999999994e-03
9.645116000000000440e+02 0.000000000000000000e+00 4.085680999999999861e-03
9.652012300000000096e+02 0.000000000000000000e+00 4.130916000000000102e-03
9.658908699999999499e+02 0.000000000000000000e+00 4.253200999999999857e-03
9.665805100000000039e+02 0.000000000000000000e+00 4.383769000000000034e-03
9.672701399999999694e+02 0.000000000000000000e+00 4.503685999999999801e-03
9.679597199999999475e+02 0.000000000000000000e+00 4.422202000000000077e-03
9.686492899999999509e+02 0.000000000000000000e+00 4.382574999999999665e-03
9.693388700000000426e+02 0.000000000000000000e+00 4.339721000000000377e-03
9.700283799999999701e+02 0.000000000000000000e+00 4.391767000000000414e-03
9.707178999999999860e+02 0.000000000000000000e+00 4.363042000000000135e-03
9.714073499999999513e+02 0.000000000000000000e+00 4.348101000000000049e-03
9.720968599999999924e+02 0.000000000000000000e+00 4.241088999999999970e-03
9.727863200000000461e+02 0.000000000000000000e+00 4.176819000000000018e-03
9.734757100000000491e+02 0.000000000000000000e+00 4.092997999999999602e-03
9.741651600000000144e+02 0.000000000000000000e+00 4.156980000000000224e-03
9.748545500000000175e+02 0.000000000000000000e+00 4.208301999999999703e-03
9.755438799999999446e+02 0.000000000000000000e+00 4.199055999999999622e-03
9.762332800000000361e+02 0.000000000000000000e+00 4.090640999999999895e-03
9.769226099999999633e+02 0.000000000000000000e+00 4.086939999999999844e-03
9.776119400000000041e+02 0.000000000000000000e+00 4.119908000000000250e-03
9.783012099999999691e+02 0.000000000000000000e+00 4.156064999999999586e-03
9.789904800000000478e+02 0.000000000000000000e+00 4.197463000000000236e-03
9.796797500000000127e+02 0.000000000000000000e+00 4.364520999999999679e-03
9.803690199999999777e+02 0.000000000000000000e+00 4.411700999999999644e-03
9.810582299999999805e+02 0.000000000000000000e+00 4.477169999999999934e-03
9.817474399999999832e+02 0.000000000000000000e+00 4.519488000000000325e-03
9.824365800000000490e+02 0.000000000000000000e+00 4.712588000000000193e-03
9.831257299999999759e+02 0.000000000000000000e+00 4.783042000000000370e-03
9.838148800000000165e+02 0.000000000000000000e+00 4.919187999999999686e-03
9.845040299999999434e+02 0.000000000000000000e+00 5.037437999999999985e-03
9.851931200000000217e+02 0.000000000000000000e+00 5.193902000000000241e-03
9.858822000000000116e+02 0.000000000000000000e+00 5.300138000000000245e-03
9.865712899999999763e+02 0.000000000000000000e+00 5.408595000000000416e-03
9.872603100000000040e+02 0.000000000000000000e+00 5.585459000000000084e-03
9.879493400000000065e+02 0.000000000000000000e+00 5.677851000000000252e-03
9.886383700000000090e+02 0.000000000000000000e+00 5.699494000000000261e-03
9.893273299999999608e+02 0.000000000000000000e+00 5.776902000000000426e-03
9.900163000000000011e+02 0.000000000000000000e+00 5.811305999999999590e-03
9.907052599999999529e+02 0.000000000000000000e+00 5.915349000000000301e-03
9.913941700000000310e+02 0.000000000000000000e+00 5.933464000000000273e-03
9.920830700000000206e+02 0.000000000000000000e+00 6.043444999999999720e-03
9.927719700000000103e+02 0.000000000000000000e+00 6.085115000000000315e-03
9.934608799999999746e+02 0.000000000000000000e+00 6.084181000000000138e-03
9.941497200000000021e+02 0.000000000000000000e+00 5.928832999999999673e-03
9.948385600000000295e+02 0.000000000000000000e+00 5.855024999999999813e-03
9.955273399999999810e+02 0.000000000000000000e+00 5.748862000000000416e-03
9.962161300000000210e+02 0.000000000000000000e+00 5.690457999999999801e-03
9.969049099999999726e+02 0.000000000000000000e+00 5.514938999999999952e-03
9.975936900000000378e+02 0.000000000000000000e+00 5.400313999999999809e-03
9.982824100000000271e+02 0.000000000000000000e+00 5.227874000000000410e-03
9.989711300000000165e+02 0.000000000000000000e+00 5.165722999999999669e-03
9.996597900000000436e+02 0.000000000000000000e+00 5.104805999999999927e-03
1.000348449999999957e+03 0.000000000000000000e+00 4.964167999999999706e-03
1.001037109999999984e+03 0.000000000000000000e+00 4.809530000000000229e-03
1.001725770000000011e+03 0.000000000000000000e+00 4.643493000000000273e-03
1.002414369999999963e+03 0.000000000000000000e+00 4.482101999999999961e-03
1.003102970000000028e+03 0.000000000000000000e+00 4.369238999999999588e-03
1.003791560000000004e+03 0.000000000000000000e+00 4.199961000000000319e-03
1.004480099999999993e+03 0.000000000000000000e+00 4.062393000000000080e-03
1.005168639999999982e+03 0.000000000000000000e+00 3.978750999999999989e-03
1.005857179999999971e+03 0.000000000000000000e+00 3.848114000000000135e-03
1.006545650000000023e+03 0.000000000000000000e+00 3.692545000000000202e-03
1.007234130000000050e+03 0.000000000000000000e+00 3.516027000000000128e-03
1.007922609999999963e+03 0.000000000000000000e+00 3.394167999999999925e-03
1.008611020000000053e+03 0.000000000000000000e+00 3.327814000000000119e-03
1.009299440000000004e+03 0.000000000000000000e+00 3.278020999999999886e-03
1.009987849999999980e+03 0.000000000000000000e+00 3.175532000000000007e-03
1.010676270000000045e+03 0.000000000000000000e+00 3.072725000000000109e-03
1.011364619999999945e+03 0.000000000000000000e+00 3.012378000000000017e-03
1.012052919999999972e+03 0.000000000000000000e+00 2.938889999999999992e-03
1.012741269999999986e+03 0.000000000000000000e+00 2.893249000000000081e-03
1.013429570000000012e+03 0.000000000000000000e+00 2.792810000000000171e-03
1.014117859999999951e+03 0.000000000000000000e+00 2.747287000000000166e-03
1.014806090000000040e+03 0.000000000000000000e+00 2.670309000000000051e-03
1.015494320000000016e+03 0.000000000000000000e+00 2.653632999999999860e-03
1.016182559999999967e+03 0.000000000000000000e+00 2.558155999999999798e-03
1.016870790000000056e+03 0.000000000000000000e+00 2.550506000000000127e-03
1.017558959999999956e+03 0.000000000000000000e+00 2.520735000000000076e-03
1.018247129999999970e+03 0.000000000000000000e+00 2.530497999999999949e-03
1.018935240000000022e+03 0.000000000000000000e+00 2.466095000000000179e-03
1.019623349999999959e+03 0.000000000000000000e+00 2.466307000000000048e-03
1.020311460000000011e+03 0.000000000000000000e+00 2.402688000000000046e-03
1.020999569999999949e+03 0.000000000000000000e+00 2.389659000000000141e-03
1.021687620000000038e+03 0.000000000000000000e+00 2.376533000000000118e-03
1.022375670000000014e+03 0.000000000000000000e+00 2.395268999999999784e-03
1.023063719999999989e+03 0.000000000000000000e+00 2.331454000000000165e-03
1.023751710000000003e+03 0.000000000000000000e+00 2.339157000000000129e-03
1.024439699999999903e+03 0.000000000000000000e+00 2.305788999999999929e-03
1.025127690000000030e+03 0.000000000000000000e+00 2.333659000000000081e-03
1.025815550000000030e+03 0.000000000000000000e+00 2.353524000000000067e-03
1.026503539999999930e+03 0.000000000000000000e+00 2.443472999999999826e-03
1.027191409999999905e+03 0.000000000000000000e+00 2.462573000000000019e-03
1.027879269999999906e+03 0.000000000000000000e+00 2.465117000000000176e-03
1.028567140000000109e+03 0.000000000000000000e+00 2.480300999999999860e-03
1.029255000000000109e+03 0.000000000000000000e+00 2.561031999999999979e-03
1.029942870000000084e+03 0.000000000000000000e+00 2.677081999999999899e-03
1.030630619999999908e+03 0.000000000000000000e+00 2.788065000000000161e-03
1.031318479999999909e+03 0.000000000000000000e+00 2.822175000000000118e-03
1.032006229999999960e+03 0.000000000000000000e+00 2.899516999999999893e-03
1.032693970000000036e+03 0.000000000000000000e+00 2.922918000000000044e-03
1.033381710000000112e+03 0.000000000000000000e+00 3.027301000000000037e-03
1.034069340000000011e+03 0.000000000000000000e+00 3.097281999999999813e-03
1.034757080000000087e+03 0.000000000000000000e+00 3.133431999999999797e-03
1.035444700000000012e+03 0.000000000000000000e+00 3.171689000000000105e-03
1.036132319999999936e+03 0.000000000000000000e+00 3.283297000000000125e-03
1.036820069999999987e+03 0.000000000000000000e+00 3.331087999999999844e-03
1.037507569999999987e+03 0.000000000000000000e+00 3.423979000000000172e-03
1.038195189999999911e+03 0.000000000000000000e+00 3.466610000000000177e-03
1.038882810000000063e+03 0.000000000000000000e+00 3.512611000000000119e-03
1.039570310000000063e+03 0.000000000000000000e+00 3.528944000000000004e-03
1.040257810000000063e+03 0.000000000000000000e+00 3.544255000000000062e-03
1.040945310000000063e+03 0.000000000000000000e+00 3.572440999999999985e-03
1.041632810000000063e+03 0.000000000000000000e+00 3.632265999999999880e-03
1.042320310000000063e+03 0.000000000000000000e+00 3.645203999999999979e-03
1.043007689999999911e+03 0.000000000000000000e+00 3.648736999999999987e-03
1.043695189999999911e+03 0.000000000000000000e+00 3.603288999999999971e-03
1.044382569999999987e+03 0.000000000000000000e+00 3.617139000000000118e-03
1.045069950000000063e+03 0.000000000000000000e+00 3.585635000000000211e-03
1.045757319999999936e+03 0.000000000000000000e+00 3.594503000000000194e-03
1.046444700000000012e+03 0.000000000000000000e+00 3.525705999999999979e-03
1.047131959999999935e+03 0.000000000000000000e+00 3.450752999999999980e-03
1.047819340000000011e+03 0.000000000000000000e+00 3.412289000000000207e-03
1.048506589999999960e+03 0.000000000000000000e+00 3.387255999999999947e-03
1.049193850000000111e+03 0.000000000000000000e+00 3.368777999999999790e-03
1.049881100000000060e+03 0.000000000000000000e+00 3.343747000000000212e-03
1.050568359999999984e+03 0.000000000000000000e+00 3.237555000000000033e-03
1.051255490000000009e+03 0.000000000000000000e+00 3.143712999999999803e-03
1.051942749999999933e+03 0.000000000000000000e+00 3.121656999999999904e-03
1.052629879999999957e+03 0.000000000000000000e+00 3.143677000000000103e-03
1.053317019999999957e+03 0.000000000000000000e+00 3.164628999999999966e-03
1.054004149999999981e+03 0.000000000000000000e+00 3.116975000000000127e-03
1.054691280000000006e+03 0.000000000000000000e+00 3.074620000000000131e-03
1.055378300000000081e+03 0.000000000000000000e+00 3.020141999999999965e-03
1.056065430000000106e+03 0.000000000000000000e+00 2.956288000000000058e-03
1.056752439999999979e+03 0.000000000000000000e+00 2.900141000000000177e-03
1.057439450000000079e+03 0.000000000000000000e+00 2.845563000000000172e-03
1.058126459999999952e+03 0.000000000000000000e+00 2.784360999999999954e-03
1.058813480000000027e+03 0.000000000000000000e+00 2.706799000000000184e-03
1.059500489999999900e+03 0.000000000000000000e+00 2.677913000000000081e-03
1.060187380000000076e+03 0.000000000000000000e+00 2.625447999999999844e-03
1.060874270000000024e+03 0.000000000000000000e+00 2.563193000000000069e-03
1.061561159999999973e+03 0.000000000000000000e+00 2.538390000000000177e-03
1.062248049999999921e+03 0.000000000000000000e+00 2.514676999999999885e-03
1.062934940000000097e+03 0.000000000000000000e+00 2.453611000000000073e-03
1.063621830000000045e+03 0.000000000000000000e+00 2.398043999999999783e-03
1.064308590000000095e+03 0.000000000000000000e+00 2.297078000000000141e-03
1.064995480000000043e+03 0.000000000000000000e+00 2.262493999999999877e-03
1.065682250000000067e+03 0.000000000000000000e+00 2.212183999999999852e-03
1.066369020000000091e+03 0.000000000000000000e+00 2.184984999999999965e-03
1.067055659999999989e+03 0.000000000000000000e+00 2.147563999999999810e-03
1.067742430000000013e+03 0.000000000000000000e+00 2.109083999999999785e-03
1.068429080000000113e+03 0.000000000000000000e+00 2.085964999999999955e-03
1.069115839999999935e+03 0.000000000000000000e+00 2.081322000000000033e-03
1.069802490000000034e+03 0.000000000000000000e+00 2.082258999999999933e-03
1.070489139999999907e+03 0.000000000000000000e+00 2.076169000000000105e-03
1.071175780000000032e+03 0.000000000000000000e+00 2.021930999999999815e-03
1.071862300000000005e+03 0.000000000000000000e+00 1.966415999999999911e-03
1.072548950000000104e+03 0.000000000000000000e+00 1.892762000000000090e-03
1.073235470000000078e+03 0.000000000000000000e+00 1.880528999999999925e-03
1.073922000000000025e+03 0.000000000000000000e+00 1.844144000000000035e-03
1.074608519999999999e+03 0.000000000000000000e+00 1.819204999999999954e-03
1.075295039999999972e+03 0.000000000000000000e+00 1.780922000000000104e-03
1.075981569999999920e+03 0.000000000000000000e+00 1.767815999999999962e-03
1.076667969999999968e+03 0.000000000000000000e+00 1.769685999999999915e-03
1.077354370000000017e+03 0.000000000000000000e+00 1.774310999999999987e-03
1.078040770000000066e+03 0.000000000000000000e+00 1.792317000000000085e-03
1.078727169999999887e+03 0.000000000000000000e+00 1.816024999999999974e-03
1.079413569999999936e+03 0.000000000000000000e+00 1.798384000000000094e-03
1.080099979999999960e+03 0.000000000000000000e+00 1.768555999999999904e-03
1.080786250000000109e+03 0.000000000000000000e+00 1.724978000000000058e-03
1.081472659999999905e+03 0.000000000000000000e+00 1.756715000000000056e-03
1.082158940000000030e+03 0.000000000000000000e+00 1.730386999999999897e-03
1.082845209999999952e+03 0.000000000000000000e+00 1.737400000000000055e-03
1.083531369999999924e+03 0.000000000000000000e+00 1.690932000000000025e-03
1.084217650000000049e+03 0.000000000000000000e+00 1.680824999999999941e-03
1.084903929999999946e+03 0.000000000000000000e+00 1.703197999999999952e-03
1.085590089999999918e+03 0.000000000000000000e+00 1.714791000000000015e-03
1.086276249999999891e+03 0.000000000000000000e+00 1.711057999999999893e-03
1.086962399999999889e+03 0.000000000000000000e+00 1.674857999999999989e-03
1.087648560000000089e+03 0.000000000000000000e+00 1.668811999999999986e-03
1.088334589999999935e+03 0.000000000000000000e+00 1.680786000000000086e-03
1.089020749999999907e+03 0.000000000000000000e+00 1.724985000000000060e-03
1.089706789999999955e+03 0.000000000000000000e+00 1.715726000000000100e-03
1.090392820000000029e+03 0.000000000000000000e+00 1.682806999999999923e-03
1.091078860000000077e+03 0.000000000000000000e+00 1.671065000000000007e-03
1.091764889999999923e+03 0.000000000000000000e+00 1.704736000000000098e-03
1.092450810000000047e+03 0.000000000000000000e+00 1.763664999999999981e-03
1.093136839999999893e+03 0.000000000000000000e+00 1.795504999999999974e-03
1.093822750000000042e+03 0.000000000000000000e+00 1.797111000000000108e-03
1.094508669999999938e+03 0.000000000000000000e+00 1.842599000000000103e-03
1.095194580000000087e+03 0.000000000000000000e+00 1.944268999999999989e-03
1.095880490000000009e+03 0.000000000000000000e+00 2.041760000000000103e-03
1.096566409999999905e+03 0.000000000000000000e+00 2.097845000000000092e-03
1.097252199999999903e+03 0.000000000000000000e+00 2.106896000000000029e-03
1.097937989999999900e+03 0.000000000000000000e+00 2.162090000000000192e-03
1.098623779999999897e+03 0.000000000000000000e+00 2.224516000000000167e-03
1.099309569999999894e+03 0.000000000000000000e+00 2.289269999999999933e-03
1.099995359999999891e+03 0.000000000000000000e+00 2.342611999999999993e-03
1.100681149999999889e+03 0.000000000000000000e+00 2.440106999999999953e-03
1.101366819999999962e+03 0.000000000000000000e+00 2.559787000000000000e-03
1.102052490000000034e+03 0.000000000000000000e+00 2.652991999999999850e-03
1.102738160000000107e+03 0.000000000000000000e+00 2.768263999999999881e-03
1.103423829999999953e+03 0.000000000000000000e+00 2.878546000000000056e-03
1.104109500000000025e+03 0.000000000000000000e+00 3.008100000000000097e-03
1.104795170000000098e+03 0.000000000000000000e+00 3.115230999999999990e-03
1.105480710000000045e+03 0.000000000000000000e+00 3.243273000000000076e-03
1.106166259999999966e+03 0.000000000000000000e+00 3.367585000000000196e-03
1.106851809999999887e+03 0.000000000000000000e+00 3.503815999999999875e-03
1.107537350000000060e+03 0.000000000000000000e+00 3.692295999999999859e-03
1.108222899999999981e+03 0.000000000000000000e+00 3.857161000000000010e-03
1.108908449999999903e+03 0.000000000000000000e+00 3.955631999999999725e-03
1.109593869999999924e+03 0.000000000000000000e+00 4.039021999999999751e-03
1.110279299999999921e+03 0.000000000000000000e+00 4.145572999999999619e-03
1.110964719999999943e+03 0.000000000000000000e+00 4.257239000000000335e-03
1.111650149999999940e+03 0.000000000000000000e+00 4.360010000000000101e-03
1.112335569999999962e+03 0.000000000000000000e+00 4.449403000000000212e-03
1.113020999999999958e+03 0.000000000000000000e+00 4.554965000000000229e-03
1.113706300000000056e+03 0.000000000000000000e+00 4.629557000000000290e-03
1.114391599999999926e+03 0.000000000000000000e+00 4.673042999999999988e-03
1.115076900000000023e+03 0.000000000000000000e+00 4.702630000000000178e-03
1.115762210000000096e+03 0.000000000000000000e+00 4.764820999999999813e-03
1.116447509999999966e+03 0.000000000000000000e+00 4.803270999999999583e-03
1.117132689999999911e+03 0.000000000000000000e+00 4.843402999999999597e-03
1.117817990000000009e+03 0.000000000000000000e+00 4.886627000000000158e-03
1.118503169999999955e+03 0.000000000000000000e+00 4.971754999999999577e-03
1.119188349999999900e+03 0.000000000000000000e+00 5.053254000000000079e-03
1.119873540000000048e+03 0.000000000000000000e+00 5.085771999999999689e-03
1.120558590000000095e+03 0.000000000000000000e+00 5.105344999999999848e-03
1.121243770000000040e+03 0.000000000000000000e+00 5.130705999999999635e-03
1.121928830000000062e+03 0.000000000000000000e+00 5.163417000000000007e-03
1.122613890000000083e+03 0.000000000000000000e+00 5.180065999999999664e-03
1.123298950000000104e+03 0.000000000000000000e+00 5.134813999999999698e-03
1.123984009999999898e+03 0.000000000000000000e+00 5.067564000000000096e-03
1.124669069999999920e+03 0.000000000000000000e+00 5.023462000000000240e-03
1.125354000000000042e+03 0.000000000000000000e+00 4.983554000000000282e-03
1.126039060000000063e+03 0.000000000000000000e+00 4.920502000000000209e-03
1.126723999999999933e+03 0.000000000000000000e+00 4.808772000000000220e-03
1.127408940000000030e+03 0.000000000000000000e+00 4.727043000000000217e-03
1.128093869999999924e+03 0.000000000000000000e+00 4.653972999999999617e-03
1.128778690000000097e+03 0.000000000000000000e+00 4.576239000000000175e-03
1.129463619999999992e+03 0.000000000000000000e+00 4.523934999999999762e-03
1.130148439999999937e+03 0.000000000000000000e+00 4.453953000000000079e-03
1.130833249999999907e+03 0.000000000000000000e+00 4.417756999999999587e-03
1.131518070000000080e+03 0.000000000000000000e+00 4.362246999999999653e-03
1.132202880000000050e+03 0.000000000000000000e+00 4.317094999999999960e-03
1.132887699999999995e+03 0.000000000000000000e+00 4.240495000000000375e-03
1.133572390000000041e+03 0.000000000000000000e+00 4.167305999999999962e-03
1.134257080000000087e+03 0.000000000000000000e+00 4.093715000000000374e-03
1.134941769999999906e+03 0.000000000000000000e+00 4.031978000000000298e-03
1.135626459999999952e+03 0.000000000000000000e+00 3.936738999999999863e-03
1.136311159999999973e+03 0.000000000000000000e+00 3.869065999999999998e-03
1.136995850000000019e+03 0.000000000000000000e+00 3.801088000000000210e-03
1.137680419999999913e+03 0.000000000000000000e+00 3.740373999999999869e-03
1.138364990000000034e+03 0.000000000000000000e+00 3.686474999999999821e-03
1.139049559999999929e+03 0.000000000000000000e+00 3.640482999999999913e-03
1.139734130000000050e+03 0.000000000000000000e+00 3.621393000000000095e-03
1.140418699999999944e+03 0.000000000000000000e+00 3.607503000000000185e-03
1.141103149999999914e+03 0.000000000000000000e+00 3.615591999999999938e-03
1.141787720000000036e+03 0.000000000000000000e+00 3.617719000000000143e-03
1.142472170000000006e+03 0.000000000000000000e+00 3.673128999999999804e-03
1.143156619999999975e+03 0.000000000000000000e+00 3.727821000000000086e-03
1.143841059999999970e+03 0.000000000000000000e+00 3.762039999999999915e-03
1.144525509999999940e+03 0.000000000000000000e+00 3.807626000000000153e-03
1.145209839999999986e+03 0.000000000000000000e+00 3.842317000000000041e-03
1.145894289999999955e+03 0.000000000000000000e+00 3.915949999999999639e-03
1.146578610000000026e+03 0.000000000000000000e+00 3.969695999999999989e-03
1.147262940000000071e+03 0.000000000000000000e+00 4.010536000000000309e-03
1.147947269999999889e+03 0.000000000000000000e+00 4.028460999999999674e-03
1.148631470000000036e+03 0.000000000000000000e+00 4.084520000000000338e-03
1.149315800000000081e+03 0.000000000000000000e+00 4.140315999999999788e-03
1.150000000000000000e+03 0.000000000000000000e+00 4.192783999999999747e-03
1.150684199999999919e+03 0.000000000000000000e+00 4.241059999999999622e-03
1.151368410000000040e+03 0.000000000000000000e+00 4.323630999999999655e-03
1.152052609999999959e+03 0.000000000000000000e+00 4.414943000000000166e-03
1.152736820000000080e+03 0.000000000000000000e+00 4.472125000000000405e-03
1.153420900000000074e+03 0.000000000000000000e+00 4.506849000000000272e-03
1.154104980000000069e+03 0.000000000000000000e+00 4.539422000000000422e-03
1.154789060000000063e+03 0.000000000000000000e+00 4.602789000000000359e-03
1.155473140000000058e+03 0.000000000000000000e+00 4.645068999999999934e-03
1.156157230000000027e+03 0.000000000000000000e+00 4.652945000000000345e-03
1.156841310000000021e+03 0.000000000000000000e+00 4.691622999999999800e-03
1.157525270000000091e+03 0.000000000000000000e+00 4.706781000000000159e-03
1.158209229999999934e+03 0.000000000000000000e+00 4.733656000000000148e-03
1.158893190000000004e+03 0.000000000000000000e+00 4.702956000000000324e-03
1.159577150000000074e+03 0.000000000000000000e+00 4.691093999999999820e-03
1.160261109999999917e+03 0.000000000000000000e+00 4.673291000000000424e-03
1.160945069999999987e+03 0.000000000000000000e+00 4.646197000000000348e-03
1.161628909999999905e+03 0.000000000000000000e+00 4.590857000000000271e-03
1.162312740000000076e+03 0.000000000000000000e+00 4.556952000000000398e-03
1.162996579999999994e+03 0.000000000000000000e+00 4.510923000000000016e-03
1.163680419999999913e+03 0.000000000000000000e+00 4.482706000000000364e-03
1.164364260000000058e+03 0.000000000000000000e+00 4.420674000000000305e-03
1.165047970000000078e+03 0.000000000000000000e+00 4.375058000000000245e-03
1.165731809999999996e+03 0.000000000000000000e+00 4.282849000000000031e-03
1.166415529999999990e+03 0.000000000000000000e+00 4.229975999999999875e-03
1.167099240000000009e+03 0.000000000000000000e+00 4.164418999999999933e-03
1.167782840000000078e+03 0.000000000000000000e+00 4.107630000000000135e-03
1.168466550000000097e+03 0.000000000000000000e+00 4.014608000000000239e-03
1.169150270000000091e+03 0.000000000000000000e+00 3.973728999999999630e-03
1.169833859999999959e+03 0.000000000000000000e+00 3.928212000000000370e-03
1.170517460000000028e+03 0.000000000000000000e+00 3.896176999999999800e-03
1.171201049999999896e+03 0.000000000000000000e+00 3.814628000000000029e-03
1.171884639999999990e+03 0.000000000000000000e+00 3.775872999999999903e-03
1.172568119999999908e+03 0.000000000000000000e+00 3.739622000000000172e-03
1.173251710000000003e+03 0.000000000000000000e+00 3.703558999999999931e-03
1.173935179999999946e+03 0.000000000000000000e+00 3.651998999999999957e-03
1.174618649999999889e+03 0.000000000000000000e+00 3.592269999999999838e-03
1.175302120000000059e+03 0.000000000000000000e+00 3.546914999999999877e-03
1.175985599999999977e+03 0.000000000000000000e+00 3.515945999999999828e-03
1.176668949999999995e+03 0.000000000000000000e+00 3.456284000000000006e-03
1.177352419999999938e+03 0.000000000000000000e+00 3.410102999999999832e-03
1.178035769999999957e+03 0.000000000000000000e+00 3.360709999999999826e-03
1.178719119999999975e+03 0.000000000000000000e+00 3.341176999999999862e-03
1.179402469999999994e+03 0.000000000000000000e+00 3.299079999999999808e-03
1.180085690000000113e+03 0.000000000000000000e+00 3.239010000000000066e-03
1.180769039999999904e+03 0.000000000000000000e+00 3.185666000000000192e-03
1.181452269999999999e+03 0.000000000000000000e+00 3.152147000000000109e-03
1.182135500000000093e+03 0.000000000000000000e+00 3.085526999999999801e-03
1.182818729999999960e+03 0.000000000000000000e+00 3.025329000000000212e-03
1.183501950000000079e+03 0.000000000000000000e+00 2.976891000000000172e-03
1.184185179999999946e+03 0.000000000000000000e+00 2.930416999999999831e-03
1.184868289999999888e+03 0.000000000000000000e+00 2.888256000000000070e-03
1.185551390000000083e+03 0.000000000000000000e+00 2.829035000000000143e-03
1.186234500000000025e+03 0.000000000000000000e+00 2.788086999999999857e-03
1.186917599999999993e+03 0.000000000000000000e+00 2.767487999999999806e-03
1.187600709999999935e+03 0.000000000000000000e+00 2.712168000000000044e-03
1.188283809999999903e+03 0.000000000000000000e+00 2.644954000000000142e-03
1.188966799999999921e+03 0.000000000000000000e+00 2.575652999999999797e-03
1.189649779999999964e+03 0.000000000000000000e+00 2.550797000000000047e-03
1.190332760000000007e+03 0.000000000000000000e+00 2.537947000000000033e-03
1.191015750000000025e+03 0.000000000000000000e+00 2.497283999999999789e-03
1.191698730000000069e+03 0.000000000000000000e+00 2.428421999999999959e-03
1.192381589999999960e+03 0.000000000000000000e+00 2.353931000000000079e-03
1.193064579999999978e+03 0.000000000000000000e+00 2.318965000000000089e-03
1.193747440000000097e+03 0.000000000000000000e+00 2.290855999999999969e-03
1.194430299999999988e+03 0.000000000000000000e+00 2.229492999999999926e-03
1.195113160000000107e+03 0.000000000000000000e+00 2.161240000000000036e-03
1.195795900000000074e+03 0.000000000000000000e+00 2.093784999999999917e-03
1.196478759999999966e+03 0.000000000000000000e+00 2.045261000000000041e-03
1.197161499999999933e+03 0.000000000000000000e+00 2.006748999999999946e-03
1.197844239999999900e+03 0.000000000000000000e+00 1.983892000000000121e-03
1.198526980000000094e+03 0.000000000000000000e+00 1.960176000000000106e-03
1.199209720000000061e+03 0.000000000000000000e+00 1.942118000000000056e-03
1.199892329999999902e+03 0.000000000000000000e+00 1.893457999999999990e-03
1.200575070000000096e+03 0.000000000000000000e+00 1.861790000000000103e-03
1.201257689999999911e+03 0.000000000000000000e+00 1.827351000000000062e-03
1.201940309999999954e+03 0.000000000000000000e+00 1.812547999999999980e-03
1.202622920000000022e+03 0.000000000000000000e+00 1.788651999999999950e-03
1.203305540000000065e+03 0.000000000000000000e+00 1.757841000000000004e-03
1.203988039999999955e+03 0.000000000000000000e+00 1.703475000000000085e-03
1.204670650000000023e+03 0.000000000000000000e+00 1.681282999999999996e-03
1.205353149999999914e+03 0.000000000000000000e+00 1.655685000000000056e-03
1.206035640000000058e+03 0.000000000000000000e+00 1.647873999999999910e-03
1.206718139999999948e+03 0.000000000000000000e+00 1.620647999999999924e-03
1.207400509999999940e+03 0.000000000000000000e+00 1.595789000000000018e-03
1.208083010000000058e+03 0.000000000000000000e+00 1.573509999999999969e-03
1.208765380000000050e+03 0.000000000000000000e+00 1.553474000000000001e-03
1.209447750000000042e+03 0.000000000000000000e+00 1.502784000000000064e-03
1.210130130000000008e+03 0.000000000000000000e+00 1.475051999999999917e-03
1.210812500000000000e+03 0.000000000000000000e+00 1.479145999999999976e-03
1.211494750000000067e+03 0.000000000000000000e+00 1.484501999999999957e-03
1.212177120000000059e+03 0.000000000000000000e+00 1.468502999999999909e-03
1.212859380000000101e+03 0.000000000000000000e+00 1.454320000000000048e-03
1.213541629999999941e+03 0.000000000000000000e+00 1.427599000000000099e-03
1.214223880000000008e+03 0.000000000000000000e+00 1.418458000000000045e-03
1.214906009999999924e+03 0.000000000000000000e+00 1.391728000000000062e-03
1.215588259999999991e+03 0.000000000000000000e+00 1.369598000000000083e-03
1.216270389999999907e+03 0.000000000000000000e+00 1.336621999999999984e-03
1.216952510000000075e+03 0.000000000000000000e+00 1.306574000000000017e-03
1.217634639999999990e+03 0.000000000000000000e+00 1.286561000000000085e-03
1.218316769999999906e+03 0.000000000000000000e+00 1.274703000000000077e-03
1.218998900000000049e+03 0.000000000000000000e+00 1.258385000000000102e-03
1.219680910000000040e+03 0.000000000000000000e+00 1.251607999999999974e-03
1.220363039999999955e+03 0.000000000000000000e+00 1.247339000000000087e-03
1.221045039999999972e+03 0.000000000000000000e+00 1.257988999999999939e-03
1.221727049999999963e+03 0.000000000000000000e+00 1.254476000000000029e-03
1.222408940000000030e+03 0.000000000000000000e+00 1.251666999999999927e-03
1.223090940000000046e+03 0.000000000000000000e+00 1.240832000000000089e-03
1.223772830000000113e+03 0.000000000000000000e+00 1.250346000000000053e-03
1.224454709999999977e+03 0.000000000000000000e+00 1.251191000000000022e-03
1.225136600000000044e+03 0.000000000000000000e+00 1.224257000000000080e-03
1.225818479999999909e+03 0.000000000000000000e+00 1.192291000000000054e-03
1.226500369999999975e+03 0.000000000000000000e+00 1.193080999999999916e-03
1.227182129999999916e+03 0.000000000000000000e+00 1.191641999999999918e-03
1.227864010000000007e+03 0.000000000000000000e+00 1.174029999999999952e-03
1.228545779999999922e+03 0.000000000000000000e+00 1.145912000000000016e-03
1.229227540000000090e+03 0.000000000000000000e+00 1.146073000000000057e-03
1.229909180000000106e+03 0.000000000000000000e+00 1.155451000000000047e-03
1.230590940000000046e+03 0.000000000000000000e+00 1.168463999999999918e-03
1.231272580000000062e+03 0.000000000000000000e+00 1.142474000000000094e-03
1.231954349999999977e+03 0.000000000000000000e+00 1.117892000000000104e-03
1.232635989999999993e+03 0.000000000000000000e+00 1.113234999999999962e-03
1.233317630000000008e+03 0.000000000000000000e+00 1.126814000000000071e-03
1.233999150000000100e+03 0.000000000000000000e+00 1.116494999999999901e-03
1.234680789999999888e+03 0.000000000000000000e+00 1.111056999999999930e-03
1.235362300000000005e+03 0.000000000000000000e+00 1.102034999999999907e-03
1.236043820000000096e+03 0.000000000000000000e+00 1.091236999999999893e-03
1.236725339999999960e+03 0.000000000000000000e+00 1.085959999999999964e-03
1.237406860000000052e+03 0.000000000000000000e+00 1.068099999999999996e-03
1.238088379999999916e+03 0.000000000000000000e+00 1.055252000000000013e-03
1.238769780000000083e+03 0.000000000000000000e+00 1.048763000000000082e-03
1.239451170000000047e+03 0.000000000000000000e+00 1.044180000000000021e-03
1.240132569999999987e+03 0.000000000000000000e+00 1.028545000000000067e-03
1.240813959999999952e+03 0.000000000000000000e+00 1.029495999999999970e-03
1.241495359999999891e+03 0.000000000000000000e+00 1.031426000000000001e-03
1.242176760000000058e+03 0.000000000000000000e+00 1.013760000000000052e-03
1.242858030000000099e+03 0.000000000000000000e+00 9.983819999999999154e-04
1.243539309999999887e+03 0.000000000000000000e+00 9.945819999999999314e-04
1.244220579999999927e+03 0.000000000000000000e+00 9.986599999999999557e-04
1.244901859999999942e+03 0.000000000000000000e+00 9.847729999999999852e-04
1.245583129999999983e+03 0.000000000000000000e+00 9.735879999999999491e-04
1.246264280000000099e+03 0.000000000000000000e+00 9.529410000000000094e-04
1.246945429999999988e+03 0.000000000000000000e+00 9.650159999999999641e-04
1.247626590000000078e+03 0.000000000000000000e+00 9.791069999999998941e-04
1.248307739999999967e+03 0.000000000000000000e+00 9.900480000000000998e-04
1.248988890000000083e+03 0.000000000000000000e+00 9.904219999999999170e-04
1.249670039999999972e+03 0.000000000000000000e+00 1.022483999999999936e-03
1.250351069999999936e+03 0.000000000000000000e+00 1.030429000000000024e-03
1.251032099999999900e+03 0.000000000000000000e+00 1.049259000000000086e-03
1.251713130000000092e+03 0.000000000000000000e+00 1.051613999999999978e-03
1.252394170000000031e+03 0.000000000000000000e+00 1.044159999999999923e-03
1.253075199999999995e+03 0.000000000000000000e+00 1.027626999999999924e-03
1.253756100000000060e+03 0.000000000000000000e+00 1.018830000000000083e-03
1.254437130000000025e+03 0.000000000000000000e+00 1.019228999999999968e-03
1.255118040000000065e+03 0.000000000000000000e+00 1.022394999999999944e-03
1.255798950000000104e+03 0.000000000000000000e+00 1.009518999999999955e-03
1.256479739999999993e+03 0.000000000000000000e+00 1.000793000000000038e-03
1.257160640000000058e+03 0.000000000000000000e+00 9.885239999999999565e-04
1.257841429999999946e+03 0.000000000000000000e+00 1.017195999999999942e-03
1.258522220000000061e+03 0.000000000000000000e+00 1.038723999999999984e-03
1.259202999999999975e+03 0.000000000000000000e+00 1.043396999999999944e-03
1.259883790000000090e+03 0.000000000000000000e+00 1.031915000000000002e-03
1.260564579999999978e+03 0.000000000000000000e+00 1.043749000000000066e-03
1.261245239999999967e+03 0.000000000000000000e+00 1.078539000000000104e-03
1.261926030000000083e+03 0.000000000000000000e+00 1.112064999999999972e-03
1.262606690000000071e+03 0.000000000000000000e+00 1.112754000000000087e-03
1.263287350000000060e+03 0.000000000000000000e+00 1.105174000000000000e-03
1.263968020000000024e+03 0.000000000000000000e+00 1.104638000000000017e-03
1.264648560000000089e+03 0.000000000000000000e+00 1.118391000000000047e-03
1.265329220000000078e+03 0.000000000000000000e+00 1.128789999999999958e-03
1.266009769999999889e+03 0.000000000000000000e+00 1.149981000000000007e-03
1.266690309999999954e+03 0.000000000000000000e+00 1.145359999999999998e-03
1.267370850000000019e+03 0.000000000000000000e+00 1.139697999999999970e-03
1.268051269999999931e+03 0.000000000000000000e+00 1.147407999999999935e-03
1.268731809999999996e+03 0.000000000000000000e+00 1.167649999999999895e-03
1.269412229999999909e+03 0.000000000000000000e+00 1.175758999999999962e-03
1.270092650000000049e+03 0.000000000000000000e+00 1.184485000000000095e-03
1.270773069999999962e+03 0.000000000000000000e+00 1.182862999999999927e-03
1.271453490000000102e+03 0.000000000000000000e+00 1.202769000000000017e-03
1.272133910000000014e+03 0.000000000000000000e+00 1.219524000000000042e-03
1.272814210000000003e+03 0.000000000000000000e+00 1.230874999999999981e-03
1.273494509999999991e+03 0.000000000000000000e+00 1.231618999999999986e-03
1.274174800000000005e+03 0.000000000000000000e+00 1.243930999999999986e-03
1.274855099999999993e+03 0.000000000000000000e+00 1.242070000000000066e-03
1.275535399999999981e+03 0.000000000000000000e+00 1.255339000000000064e-03
1.276215580000000045e+03 0.000000000000000000e+00 1.284696000000000102e-03
1.276895870000000059e+03 0.000000000000000000e+00 1.304278999999999985e-03
1.277576049999999896e+03 0.000000000000000000e+00 1.313319999999999982e-03
1.278256229999999960e+03 0.000000000000000000e+00 1.303092000000000052e-03
1.278936279999999897e+03 0.000000000000000000e+00 1.295834000000000048e-03
1.279616459999999961e+03 0.000000000000000000e+00 1.306866000000000061e-03
1.280296509999999898e+03 0.000000000000000000e+00 1.307575999999999964e-03
1.280976560000000063e+03 0.000000000000000000e+00 1.316979000000000023e-03
1.281656739999999900e+03 0.000000000000000000e+00 1.324311000000000108e-03
1.282336669999999913e+03 0.000000000000000000e+00 1.337456000000000105e-03
1.283016720000000078e+03 0.000000000000000000e+00 1.336516000000000049e-03
1.283696779999999990e+03 0.000000000000000000e+00 1.339202999999999965e-03
1.284376710000000003e+03 0.000000000000000000e+00 1.344427000000000035e-03
1.285056640000000016e+03 0.000000000000000000e+00 1.367249999999999976e-03
1.285736570000000029e+03 0.000000000000000000e+00 1.359201999999999893e-03
1.286416500000000042e+03 0.000000000000000000e+00 1.349099000000000088e-03
1.287096309999999903e+03 0.000000000000000000e+00 1.336602000000000103e-03
1.287776249999999891e+03 0.000000000000000000e+00 1.343592000000000007e-03
1.288456050000000005e+03 0.000000000000000000e+00 1.345211999999999927e-03
1.289135860000000093e+03 0.000000000000000000e+00 1.354614000000000078e-03
1.289815669999999955e+03 0.000000000000000000e+00 1.351514999999999965e-03
1.290495359999999891e+03 0.000000000000000000e+00 1.349806999999999960e-03
1.291175169999999980e+03 0.000000000000000000e+00 1.325601999999999944e-03
1.291854859999999917e+03 0.000000000000000000e+00 1.351292999999999939e-03
1.292534550000000081e+03 0.000000000000000000e+00 1.371306999999999995e-03
1.293214230000000043e+03 0.000000000000000000e+00 1.395191999999999960e-03
1.293893919999999980e+03 0.000000000000000000e+00 1.369765999999999909e-03
1.294573489999999993e+03 0.000000000000000000e+00 1.325248999999999915e-03
1.295253169999999955e+03 0.000000000000000000e+00 1.305315999999999942e-03
1.295932739999999967e+03 0.000000000000000000e+00 1.301302000000000058e-03
1.296612300000000005e+03 0.000000000000000000e+00 1.287949999999999946e-03
1.297291870000000017e+03 0.000000000000000000e+00 1.266439000000000063e-03
1.297971309999999903e+03 0.000000000000000000e+00 1.255220999999999941e-03
1.298650879999999916e+03 0.000000000000000000e+00 1.235792000000000097e-03
1.299330320000000029e+03 0.000000000000000000e+00 1.215904000000000073e-03
1.300009769999999889e+03 0.000000000000000000e+00 1.224536999999999935e-03
1.300689210000000003e+03 0.000000000000000000e+00 1.222206999999999894e-03
1.301368649999999889e+03 0.000000000000000000e+00 1.227673999999999996e-03
1.302047970000000078e+03 0.000000000000000000e+00 1.220277000000000080e-03
1.302727290000000039e+03 0.000000000000000000e+00 1.209107000000000064e-03
1.303406739999999900e+03 0.000000000000000000e+00 1.204507999999999968e-03
1.304085939999999937e+03 0.000000000000000000e+00 1.199640000000000081e-03
1.304765259999999898e+03 0.000000000000000000e+00 1.192918999999999967e-03
1.305444580000000087e+03 0.000000000000000000e+00 1.183259000000000090e-03
1.306123779999999897e+03 0.000000000000000000e+00 1.165943000000000014e-03
1.306802979999999934e+03 0.000000000000000000e+00 1.150200000000000094e-03
1.307482299999999896e+03 0.000000000000000000e+00 1.136384000000000049e-03
1.308161380000000008e+03 0.000000000000000000e+00 1.122561000000000002e-03
1.308840580000000045e+03 0.000000000000000000e+00 1.107813999999999934e-03
1.309519780000000083e+03 0.000000000000000000e+00 1.081998000000000031e-03
1.310198849999999993e+03 0.000000000000000000e+00 1.069608000000000104e-03
1.310877930000000106e+03 0.000000000000000000e+00 1.058907999999999898e-03
1.311557009999999991e+03 0.000000000000000000e+00 1.055799999999999968e-03
1.312236079999999902e+03 0.000000000000000000e+00 1.045013000000000018e-03
1.312915040000000090e+03 0.000000000000000000e+00 1.029911000000000108e-03
1.313594119999999975e+03 0.000000000000000000e+00 1.024752999999999992e-03
1.314273069999999962e+03 0.000000000000000000e+00 1.007520000000000030e-03
1.314952029999999922e+03 0.000000000000000000e+00 9.882709999999999845e-04
1.315630979999999909e+03 0.000000000000000000e+00 9.546259999999999772e-04
1.316309809999999970e+03 0.000000000000000000e+00 9.518830000000000477e-04
1.316988769999999931e+03 0.000000000000000000e+00 9.633489999999999545e-04
1.317667599999999993e+03 0.000000000000000000e+00 9.778189999999999972e-04
1.318346440000000030e+03 0.000000000000000000e+00 9.665039999999999742e-04
1.319025270000000091e+03 0.000000000000000000e+00 9.665029999999999585e-04
1.319704099999999926e+03 0.000000000000000000e+00 9.672599999999999514e-04
1.320382810000000063e+03 0.000000000000000000e+00 9.642630000000000342e-04
1.321061519999999973e+03 0.000000000000000000e+00 9.401939999999999907e-04
1.321740360000000010e+03 0.000000000000000000e+00 9.279250000000000172e-04
1.322419069999999920e+03 0.000000000000000000e+00 9.116830000000000463e-04
1.323097659999999905e+03 0.000000000000000000e+00 9.247889999999999713e-04
1.323776370000000043e+03 0.000000000000000000e+00 8.912640000000000102e-04
1.324454960000000028e+03 0.000000000000000000e+00 8.825909999999999528e-04
1.325133669999999938e+03 0.000000000000000000e+00 8.652059999999999829e-04
1.325812259999999924e+03 0.000000000000000000e+00 8.601099999999999761e-04
1.326490720000000010e+03 0.000000000000000000e+00 8.359910000000000127e-04
1.327169309999999996e+03 0.000000000000000000e+00 8.286790000000000258e-04
1.327847899999999981e+03 0.000000000000000000e+00 8.255489999999999660e-04
1.328526370000000043e+03 0.000000000000000000e+00 8.304469999999999994e-04
1.329204829999999902e+03 0.000000000000000000e+00 8.195509999999999601e-04
1.329883299999999963e+03 0.000000000000000000e+00 7.969589999999999704e-04
1.330561770000000024e+03 0.000000000000000000e+00 7.701750000000000046e-04
1.331240109999999959e+03 0.000000000000000000e+00 7.541330000000000386e-04
1.331918580000000020e+03 0.000000000000000000e+00 7.555609999999999713e-04
1.332596919999999955e+03 0.000000000000000000e+00 7.672039999999999546e-04
1.333275270000000091e+03 0.000000000000000000e+00 7.701150000000000356e-04
1.333953610000000026e+03 0.000000000000000000e+00 7.705910000000000494e-04
1.334631840000000011e+03 0.000000000000000000e+00 7.775969999999999887e-04
1.335310179999999946e+03 0.000000000000000000e+00 7.845200000000000307e-04
1.335988399999999956e+03 0.000000000000000000e+00 7.854659999999999637e-04
1.336666629999999941e+03 0.000000000000000000e+00 7.783700000000000167e-04
1.337344849999999951e+03 0.000000000000000000e+00 7.711359999999999569e-04
1.338022950000000037e+03 0.000000000000000000e+00 7.702870000000000333e-04
1.338701170000000047e+03 0.000000000000000000e+00 7.570030000000000162e-04
1.339379269999999906e+03 0.000000000000000000e+00 7.436240000000000211e-04
1.340057369999999992e+03 0.000000000000000000e+00 7.270240000000000513e-04
1.340735470000000078e+03 0.000000000000000000e+00 7.308469999999999637e-04
1.341413569999999936e+03 0.000000000000000000e+00 7.267950000000000235e-04
1.342091550000000097e+03 0.000000000000000000e+00 7.212990000000000070e-04
1.342769649999999956e+03 0.000000000000000000e+00 7.251700000000000246e-04
1.343447629999999890e+03 0.000000000000000000e+00 7.279250000000000347e-04
1.344125610000000052e+03 0.000000000000000000e+00 7.210959999999999549e-04
1.344803589999999986e+03 0.000000000000000000e+00 7.146340000000000157e-04
1.345481449999999995e+03 0.000000000000000000e+00 7.049130000000000456e-04
1.346159419999999955e+03 0.000000000000000000e+00 7.193100000000000232e-04
1.346837279999999964e+03 0.000000000000000000e+00 7.163490000000000222e-04
1.347515139999999974e+03 0.000000000000000000e+00 7.198750000000000288e-04
1.348192990000000009e+03 0.000000000000000000e+00 6.975119999999999584e-04
1.348870850000000019e+03 0.000000000000000000e+00 6.873769999999999750e-04
1.349548579999999902e+03 0.000000000000000000e+00 6.756670000000000210e-04
1.350226319999999987e+03 0.000000000000000000e+00 6.862590000000000443e-04
1.350904170000000022e+03 0.000000000000000000e+00 6.719300000000000533e-04
1.351581789999999955e+03 0.000000000000000000e+00 6.620559999999999510e-04
1.352259520000000066e+03 0.000000000000000000e+00 6.673080000000000287e-04
1.352937259999999924e+03 0.000000000000000000e+00 6.834770000000000428e-04
1.353614870000000110e+03 0.000000000000000000e+00 6.927219999999999992e-04
1.354292480000000069e+03 0.000000000000000000e+00 6.965660000000000254e-04
1.354970090000000027e+03 0.000000000000000000e+00 6.777719999999999882e-04
1.355647709999999961e+03 0.000000000000000000e+00 6.938110000000000154e-04
1.356325319999999920e+03 0.000000000000000000e+00 6.882989999999999638e-04
1.357002809999999954e+03 0.000000000000000000e+00 6.785409999999999532e-04
1.357680299999999988e+03 0.000000000000000000e+00 6.584870000000000263e-04
1.358357790000000023e+03 0.000000000000000000e+00 6.672400000000000423e-04
1.359035280000000057e+03 0.000000000000000000e+00 6.650350000000000185e-04
1.359712770000000091e+03 0.000000000000000000e+00 6.591980000000000539e-04
1.360390139999999974e+03 0.000000000000000000e+00 6.397170000000000417e-04
1.361067630000000008e+03 0.000000000000000000e+00 6.299120000000000500e-04
1.361744999999999891e+03 0.000000000000000000e+00 6.360419999999999659e-04
1.362422360000000026e+03 0.000000000000000000e+00 6.304999999999999841e-04
1.363099609999999984e+03 0.000000000000000000e+00 6.203769999999999727e-04
1.363776980000000094e+03 0.000000000000000000e+00 6.081910000000000050e-04
1.364454220000000078e+03 0.000000000000000000e+00 6.010959999999999654e-04
1.365131470000000036e+03 0.000000000000000000e+00 5.726820000000000304e-04
1.365808719999999994e+03 0.000000000000000000e+00 5.376289999999999715e-04
1.366485959999999977e+03 0.000000000000000000e+00 5.298500000000000041e-04
1.367163209999999935e+03 0.000000000000000000e+00 5.256679999999999686e-04
1.367840329999999994e+03 0.000000000000000000e+00 5.370239999999999866e-04
