9.306945799999999736e+02 1.972471588798532880e-05 1.972471588798532880e-05
9.313851899999999659e+02 1.978845430275078795e-05 1.908385135581659077e-05
9.320757399999999961e+02 1.985218717994093887e-05 1.844304250177574938e-05
9.327663000000000011e+02 1.898453779140010328e-05 1.780222436804694159e-05
9.334568500000000313e+02 1.785919685016472869e-05 1.716141551400610020e-05
9.341473999999999478e+02 1.670527712258035286e-05 1.652060665996536384e-05
9.348378900000000158e+02 1.546881576394965494e-05 1.587985348405241909e-05
9.355283799999999701e+02 1.423235440531916199e-05 1.523910030813957767e-05
9.362188700000000381e+02 1.464168980015279986e-05 1.459834713222663122e-05
9.369093000000000302e+02 1.565843254566529237e-05 1.395764963444168643e-05
9.375997300000000223e+02 1.605695583529262590e-05 1.331695213665674165e-05
9.382901600000000144e+02 1.403969706772644772e-05 1.267625463887179517e-05
9.389805300000000443e+02 1.202261360471826583e-05 1.208393444291566532e-05
9.396708999999999605e+02 1.264346515793475747e-05 1.232310421052888191e-05
9.403612699999999904e+02 1.452316130189750959e-05 1.256227397814213915e-05
9.410515699999999697e+02 1.577261038633804890e-05 1.280141949515970726e-05
9.417418800000000374e+02 1.344784377246815700e-05 1.304056847654811642e-05
9.424321899999999914e+02 1.112307715859864795e-05 1.327971745793648661e-05
9.431224999999999454e+02 1.190807070226405256e-05 1.351886643932485681e-05
9.438127399999999625e+02 1.457682997790844001e-05 1.375799117011757683e-05
9.445029899999999543e+02 1.693781124028394405e-05 1.399711936528109894e-05
9.451931799999999839e+02 1.638037938213412584e-05 1.423622677421977465e-05
9.458833600000000388e+02 1.582295560048290771e-05 1.447533071878764998e-05
9.465735499999999547e+02 1.532705811228594293e-05 1.471443812772628503e-05
9.472637300000000096e+02 1.487801756751154478e-05 1.494736681620965604e-05
9.479538599999999633e+02 1.444317986843719720e-05 1.512814065251217936e-05
9.486439800000000560e+02 1.434783788652828733e-05 1.530891186939758355e-05
9.493341100000000097e+02 1.425249452309180996e-05 1.548968570570010686e-05
9.500241700000000264e+02 1.515052865284326471e-05 1.567044120608254389e-05
9.507142300000000432e+02 1.699424149685543851e-05 1.585119670646498093e-05
9.514043000000000347e+02 1.883798105902022535e-05 1.603195482626456589e-05
9.520943600000000515e+02 1.795984771635588794e-05 1.621271032664700293e-05
9.527843599999999924e+02 1.703826921243546102e-05 1.639345011052647450e-05
9.534743700000000217e+02 1.641540885123950324e-05 1.657419251382312450e-05
9.541643100000000004e+02 1.614883733624406851e-05 1.675491658119966111e-05
9.548542499999999791e+02 1.588226582124863717e-05 1.693564064857619434e-05
9.555441899999999578e+02 1.738604157107521164e-05 1.714265700585120881e-05
9.562341300000000501e+02 1.902773243897044574e-05 1.749530733896534075e-05
9.569240099999999529e+02 1.912413818485569726e-05 1.784792700416624626e-05
9.576138899999999694e+02 1.689493880326036528e-05 1.820054666936720937e-05
9.583037699999999859e+02 1.466573942166503330e-05 1.855316633456817249e-05
9.589935900000000402e+02 1.620608887066471695e-05 1.890575533185602099e-05
9.596834099999999808e+02 1.830737239925495330e-05 1.925834432914381189e-05
9.603731699999999591e+02 1.971881322373562545e-05 1.961090265851848818e-05
9.610629900000000134e+02 1.980027058295460209e-05 1.996349165580633668e-05
9.617527499999999918e+02 1.988172085707665173e-05 2.031604998518101636e-05
9.624424999999999955e+02 2.038399351728458367e-05 2.066860320323685038e-05
9.631322000000000116e+02 2.098339407407664634e-05 2.102113086469841545e-05
9.638219000000000278e+02 2.131489334517689579e-05 2.129676518909766607e-05
9.645116000000000440e+02 2.096856211417675531e-05 2.125699942082514556e-05
9.652012300000000096e+02 2.062226603351181270e-05 2.121723768851576793e-05
9.658908699999999499e+02 2.024049431419510888e-05 2.117747537964023138e-05
9.665805100000000039e+02 1.984713626339946078e-05 2.113771307076468467e-05
9.672701399999999694e+02 1.968066812289883459e-05 2.109795133845530704e-05
9.679597199999999475e+02 2.029893947084883711e-05 2.105819248897674767e-05
9.686492899999999509e+02 2.091720185288703214e-05 2.101843421606434722e-05
9.693388700000000426e+02 2.156072041963662885e-05 2.097867536658577770e-05
9.700283799999999701e+02 2.221527131445109635e-05 2.093892055307036121e-05
9.707178999999999860e+02 2.259953617323763258e-05 2.089916516298877564e-05
9.714073499999999513e+02 2.161344778401175866e-05 2.085941380887033634e-05
9.720968599999999924e+02 2.062727357956588645e-05 2.084157283715857992e-05
9.727863200000000461e+02 1.992962919603020284e-05 2.089501848943781386e-05
9.734757100000000491e+02 1.939809674631552452e-05 2.094845871544770657e-05
9.741651600000000144e+02 1.913666776466446733e-05 2.100190359254559927e-05
9.748545500000000175e+02 2.119324387611489508e-05 2.105534381855549199e-05
9.755438799999999446e+02 2.324964099662137933e-05 2.110877939347737117e-05
9.762332800000000361e+02 2.433692775920290958e-05 2.116222039466860173e-05
9.769226099999999633e+02 2.470443664399439148e-05 2.121565596959048091e-05
9.776119400000000041e+02 2.499631571429693916e-05 2.126909154451237026e-05
9.783012099999999691e+02 2.362084573957244781e-05 2.132252246834624607e-05
9.789904800000000478e+02 2.224537576484773285e-05 2.137595339218012865e-05
9.796797500000000127e+02 2.152497064738383180e-05 2.142938431601400446e-05
9.803690199999999777e+02 2.142737535952794813e-05 2.152018056029291078e-05
9.810582299999999805e+02 2.132978856720685565e-05 2.171188159468043550e-05
9.817474399999999832e+02 2.305242838569470729e-05 2.190358262906795682e-05
9.824365800000000490e+02 2.480887369507801655e-05 2.209526419323248095e-05
9.831257299999999759e+02 2.494438761200812383e-05 2.228694853885739355e-05
9.838148800000000165e+02 2.310297726917090176e-05 2.247863288448234003e-05
9.845040299999999434e+02 2.126156692633397784e-05 2.267031723010725264e-05
9.851931200000000217e+02 2.184294915804598831e-05 2.286198488696962090e-05
9.858822000000000116e+02 2.263695448748373885e-05 2.305364976237153629e-05
9.865712899999999763e+02 2.310920975602034149e-05 2.324531741923387067e-05
9.872603100000000040e+02 2.307365913035497247e-05 2.343696560587320784e-05
9.879493400000000065e+02 2.303810798873033244e-05 2.362861657397296737e-05
9.886383700000000090e+02 2.420603511361961454e-05 2.361042458404487957e-05
9.893273299999999608e+02 2.557575200632585417e-05 2.310551439325055247e-05
9.900163000000000011e+02 2.554476737225365291e-05 2.260059687387118362e-05
9.907052599999999529e+02 2.259808335544288851e-05 2.209568668307685990e-05
9.913941700000000310e+02 1.965161318878375451e-05 2.159081313520734173e-05
9.920830700000000206e+02 1.999111181289693926e-05 2.108594691592286869e-05
9.927719700000000103e+02 2.119137087135258084e-05 2.058108069663839904e-05
9.934608799999999746e+02 2.206387793858376580e-05 2.007620714876896556e-05
9.941497200000000021e+02 2.200582911703151124e-05 1.957138490099434659e-05
9.948385600000000295e+02 2.194778029547925330e-05 1.906656265321972761e-05
9.955273399999999810e+02 2.061028592477419407e-05 1.856178437695504740e-05
9.962161300000000210e+02 1.879504511039570329e-05 1.805699877210532205e-05
9.969049099999999726e+02 1.750922991293750886e-05 1.768672564885493182e-05
9.975936900000000378e+02 1.839969148415174195e-05 1.759175920254954300e-05
9.982824100000000271e+02 1.929007548677463406e-05 1.749680102882289912e-05
9.989711300000000165e+02 2.009560415897854876e-05 1.740184285509625186e-05
9.996597900000000436e+02 2.085796405647310356e-05 1.730689295394833259e-05
1.000348449999999957e+03 2.142141886340191367e-05 1.721194305280042687e-05
1.001037109999999984e+03 2.065708496350380816e-05 1.711699315165250761e-05
1.001725770000000011e+03 1.989275106360570265e-05 1.702204325050458834e-05
1.002414369999999963e+03 1.815437807398060640e-05 1.692710162193541062e-05
1.003102970000000028e+03 1.575933171409399068e-05 1.683215999336621597e-05
1.003791560000000004e+03 1.362793417028737675e-05 1.673721974356015619e-05
1.004480099999999993e+03 1.534107006753668040e-05 1.664228638756970309e-05
1.005168639999999982e+03 1.705420596478598406e-05 1.647609893551003893e-05
1.005857179999999971e+03 1.771111729235774201e-05 1.617823407317842558e-05
1.006545650000000023e+03 1.743442876867178147e-05 1.588039949309671188e-05
1.007234130000000050e+03 1.715773622609577230e-05 1.558256058697930356e-05
1.007922609999999963e+03 1.672554761360587253e-05 1.528472168086194267e-05
1.008611020000000053e+03 1.629298813608972605e-05 1.498691305699443400e-05
1.009299440000000004e+03 1.574622489543623584e-05 1.468910010709127814e-05
1.009987849999999980e+03 1.506739067928562767e-05 1.439129148322381690e-05
1.010676270000000045e+03 1.438854660223494389e-05 1.409347853332061361e-05
1.011364619999999945e+03 1.392704606040651528e-05 1.379569586566740652e-05
1.012052919999999972e+03 1.348194382012453477e-05 1.349793482819266241e-05
1.012741269999999986e+03 1.311849060582488003e-05 1.320015216053940619e-05
1.013429570000000012e+03 1.287973606159194808e-05 1.309460652779310026e-05
1.014117859999999951e+03 1.264098498611604619e-05 1.331636618697547792e-05
1.014806090000000040e+03 1.477786567355327673e-05 1.353810651480113620e-05
1.015494320000000016e+03 1.729560319244225939e-05 1.375984684262675551e-05
1.016182559999999967e+03 1.847584742040724821e-05 1.398159039234516421e-05
1.016870790000000056e+03 1.690862387875305273e-05 1.420333072017082079e-05
1.017558959999999956e+03 1.534153696789495420e-05 1.442505171663964788e-05
1.018247129999999970e+03 1.496256805382689278e-05 1.464677271310851054e-05
1.018935240000000022e+03 1.489392521674551417e-05 1.486847437822061656e-05
1.019623349999999959e+03 1.496601369726538005e-05 1.509017604333268530e-05
1.020311460000000011e+03 1.544260191961703983e-05 1.531187770844478962e-05
1.020999569999999949e+03 1.591919014196861829e-05 1.553357937355686006e-05
1.021687620000000038e+03 1.535241872941906980e-05 1.556641207787402050e-05
1.022375670000000014e+03 1.438673543795843933e-05 1.529716361890377463e-05
1.023063719999999989e+03 1.361578436517582972e-05 1.502791515993352705e-05
1.023751710000000003e+03 1.368363111921838846e-05 1.475869018022718376e-05
1.024439699999999903e+03 1.375147787326093534e-05 1.448946520052088281e-05
1.025127690000000030e+03 1.334624501715800673e-05 1.422024022081449547e-05
1.025815550000000030e+03 1.269008299240899492e-05 1.395106611284664334e-05
1.026503539999999930e+03 1.217077067168522300e-05 1.368184113314034409e-05
1.027191409999999905e+03 1.267877934937960375e-05 1.341266311196184831e-05
1.027879269999999906e+03 1.318678064183147472e-05 1.314348900399399788e-05
1.028567140000000109e+03 1.315558793889962264e-05 1.287431098281541231e-05
1.029255000000000109e+03 1.273754160160958933e-05 1.260513687484756187e-05
1.029942870000000084e+03 1.235227103424248525e-05 1.249910013413601079e-05
1.030630619999999908e+03 1.263657594801620867e-05 1.264263176015883720e-05
1.031318479999999909e+03 1.292092633404084420e-05 1.278618634289396819e-05
1.032006229999999960e+03 1.287992130992190413e-05 1.292971796891684373e-05
1.032693970000000036e+03 1.252740411538658955e-05 1.307324750796587940e-05
1.033381710000000112e+03 1.217488692085127667e-05 1.321677704701491677e-05
1.034069340000000011e+03 1.222787404517798368e-05 1.336028362935164787e-05
1.034757080000000087e+03 1.229135868535716215e-05 1.350381316840068524e-05
1.035444700000000012e+03 1.257904607600609443e-05 1.364731766376357986e-05
1.036132319999999936e+03 1.315385635542372287e-05 1.379082215912647279e-05
1.036820069999999987e+03 1.372877530727146904e-05 1.393435378514934833e-05
1.037507569999999987e+03 1.400725877643897576e-05 1.407783323682614765e-05
1.038195189999999911e+03 1.425366235986560154e-05 1.411325231987322192e-05
1.038882810000000063e+03 1.423562012907912493e-05 1.398765156460858892e-05
1.039570310000000063e+03 1.375863265776347575e-05 1.386207272855900361e-05
1.040257810000000063e+03 1.328164518644782488e-05 1.373649389250941830e-05
1.040945310000000063e+03 1.274225244563457097e-05 1.361091505645983468e-05
1.041632810000000063e+03 1.218997191098170285e-05 1.348533622041024937e-05
1.042320310000000063e+03 1.180913216194365762e-05 1.335975738436066406e-05
1.043007689999999911e+03 1.184381610485617410e-05 1.323420046752612643e-05
1.043695189999999911e+03 1.187850610275014950e-05 1.310862163147654112e-05
1.044382569999999987e+03 1.207001989527652356e-05 1.298306471464196114e-05
1.045069950000000063e+03 1.231239639516456813e-05 1.285750779780738285e-05
1.045757319999999936e+03 1.254413264014620860e-05 1.273195270757409172e-05
1.046444700000000012e+03 1.273765327628045468e-05 1.265603244696756637e-05
1.047131959999999935e+03 1.293114012837040966e-05 1.265335838190938512e-05
1.047819340000000011e+03 1.289030642866599753e-05 1.265068384994230809e-05
1.048506589999999960e+03 1.273939156192468696e-05 1.264800982379320021e-05
1.049193850000000111e+03 1.273421589118360130e-05 1.264533575873501897e-05
1.049881100000000060e+03 1.360509108665992722e-05 1.264266173258591109e-05
1.050568359999999984e+03 1.447597895401974907e-05 1.263998766752772984e-05
1.051255490000000009e+03 1.394677083874253229e-05 1.263731410828751606e-05
1.051942749999999933e+03 1.250290968670344388e-05 1.263464004322933481e-05
1.052629879999999957e+03 1.119665799911923396e-05 1.263196648398912103e-05
1.053317019999999957e+03 1.180376658017186538e-05 1.262929288583983387e-05
1.054004149999999981e+03 1.241086632592776680e-05 1.262661932659962178e-05
1.054691280000000006e+03 1.271345791353491192e-05 1.259749204526670519e-05
1.055378300000000081e+03 1.274458268492979674e-05 1.252901903793883114e-05
1.056065430000000106e+03 1.277571243976745107e-05 1.246053506727538969e-05
1.056752439999999979e+03 1.307612844832608387e-05 1.239206305661440650e-05
1.057439450000000079e+03 1.337905566706948185e-05 1.232359104595339961e-05
1.058126459999999952e+03 1.324538333705463899e-05 1.225511903529241642e-05
1.058813480000000027e+03 1.258279426270836072e-05 1.218664602796454407e-05
1.059500489999999900e+03 1.192021483275507846e-05 1.211817401730356089e-05
1.060187380000000076e+03 1.219729024679331716e-05 1.204971396664499194e-05
1.060874270000000024e+03 1.256318131381806159e-05 1.198125391598644501e-05
1.061561159999999973e+03 1.261668806512958085e-05 1.191279386532789808e-05
1.062248049999999921e+03 1.214872310736414741e-05 1.184433381466935285e-05
1.062934940000000097e+03 1.168075814959855981e-05 1.181187533933519121e-05
1.063621830000000045e+03 1.189505926510742642e-05 1.183438746832387025e-05
1.064308590000000095e+03 1.224316097438085485e-05 1.185689533669328541e-05
1.064995480000000043e+03 1.258128277902190897e-05 1.187940746568196444e-05
1.065682250000000067e+03 1.289554596208822621e-05 1.190191566179132219e-05
1.066369020000000091e+03 1.320980914515454345e-05 1.192442385790067995e-05
1.067055659999999989e+03 1.266830000854289172e-05 1.194692779339076705e-05
1.067742430000000013e+03 1.185271222391839972e-05 1.196943598950012480e-05
1.068429080000000113e+03 1.128374175507901887e-05 1.199194025273016127e-05
1.069115839999999935e+03 1.159918178533970949e-05 1.201444812109956965e-05
1.069802490000000034e+03 1.191457129081264178e-05 1.203695238432960612e-05
1.070489139999999907e+03 1.204672061679532882e-05 1.205945664755963581e-05
1.071175780000000032e+03 1.209200376773850200e-05 1.203139680858588166e-05
1.071862300000000005e+03 1.203245382300121326e-05 1.192272534924742060e-05
1.072548950000000104e+03 1.132174463735192566e-05 1.181403331179072994e-05
1.073235470000000078e+03 1.061117000670769685e-05 1.170536185245226889e-05
1.073922000000000025e+03 1.075285897557398165e-05 1.159668881018164297e-05
1.074608519999999999e+03 1.146584553508429342e-05 1.148801735084318361e-05
1.075295039999999972e+03 1.210096824982413698e-05 1.137934589150472255e-05
1.075981569999999920e+03 1.148683386214006122e-05 1.127067284923409663e-05
1.076667969999999968e+03 1.087281576576202791e-05 1.116202038508166474e-05
1.077354370000000017e+03 1.069285828454713629e-05 1.105336792092923285e-05
1.078040770000000066e+03 1.091642384797194998e-05 1.094471545677680096e-05
1.078727169999999887e+03 1.113998941139669082e-05 1.083606299262440464e-05
1.079413569999999936e+03 1.044811484695356072e-05 1.069490687326382591e-05
1.080099979999999960e+03 9.735242528137635746e-06 1.049855151107682814e-05
1.080786250000000109e+03 9.368399159959245304e-06 1.030223619747694406e-05
1.081472659999999905e+03 9.447126086388365996e-06 1.010588083529000897e-05
1.082158940000000030e+03 9.525838102632014338e-06 9.909562661076765677e-06
1.082845209999999952e+03 9.570330177315155730e-06 9.713247347476945974e-06
1.083531369999999924e+03 9.610856940599800798e-06 9.516963500624158937e-06
1.084217650000000049e+03 9.242413203953538393e-06 9.320645326410915646e-06
1.084903929999999946e+03 8.130999534593587091e-06 9.124327152197735035e-06
1.085590089999999918e+03 7.019780202297572073e-06 8.928043305344949692e-06
1.086276249999999891e+03 7.346322243531515482e-06 8.731759458492162655e-06
1.086962399999999889e+03 8.001567390138004799e-06 8.535478472252736525e-06
1.087648560000000089e+03 8.597627575832795420e-06 8.417398385350513714e-06
1.088334589999999935e+03 9.035893795284184428e-06 8.443441091540646308e-06
1.089020749999999907e+03 9.474243064468942219e-06 8.469488732721681566e-06
1.089706789999999955e+03 9.169057416183681338e-06 8.495531818526505757e-06
1.090392820000000029e+03 8.590734846530401187e-06 8.521574524716646822e-06
1.091078860000000077e+03 8.094265463294015643e-06 8.547617610521471014e-06
1.091764889999999923e+03 7.947914445667519085e-06 8.573660316711603609e-06
1.092450810000000047e+03 7.801586894379082055e-06 8.599698847140220122e-06
1.093136839999999893e+03 8.090383324363155783e-06 8.625741553330352717e-06
1.093822750000000042e+03 8.615969701419771171e-06 8.651779704144284410e-06
1.094508669999999938e+03 9.065790271381980151e-06 8.677818234572890759e-06
1.095194580000000087e+03 8.874623193046768372e-06 8.703856385386822452e-06
1.095880490000000009e+03 8.683456114711619273e-06 8.782851877836185883e-06
1.096566409999999905e+03 8.717908879346583561e-06 8.970153718491888269e-06
1.097252199999999903e+03 8.927133350740854511e-06 9.157420060489927362e-06
1.097937989999999900e+03 9.125437314379212790e-06 9.344686402487964761e-06
1.098623779999999897e+03 8.810354599353153145e-06 9.531952744486002160e-06
1.099309569999999894e+03 8.495271884327095194e-06 9.719219086484039559e-06
1.099995359999999891e+03 8.725924688185961371e-06 9.906485428482078652e-06
1.100681149999999889e+03 9.551024201316000599e-06 1.009375177048011605e-05
1.101366819999999962e+03 1.037597933797289967e-05 1.028098534448645748e-05
1.102052490000000034e+03 1.044003969351038551e-05 1.046821891849279891e-05
1.102738160000000107e+03 1.045183765326970009e-05 1.065545249249914034e-05
1.103423829999999953e+03 1.065167349178917011e-05 1.084268606650541909e-05
1.104109500000000025e+03 1.114204102000794299e-05 1.103963629896672664e-05
1.104795170000000098e+03 1.163240854822671418e-05 1.125917618593613068e-05
1.105480710000000045e+03 1.173373626231897612e-05 1.147867444911371910e-05
1.106166259999999966e+03 1.176637157177195619e-05 1.169817591412143716e-05
1.106851809999999887e+03 1.188581356167487027e-05 1.191767737912915521e-05
1.107537350000000060e+03 1.220154574494072486e-05 1.213717564230681817e-05
1.108222899999999981e+03 1.251728253380472413e-05 1.235667710731453622e-05
1.108908449999999903e+03 1.306650170908832131e-05 1.257617857232225428e-05
1.109593869999999924e+03 1.368798398090070432e-05 1.279563841353822956e-05
1.110279299999999921e+03 1.411213862308945089e-05 1.301510145658433447e-05
1.110964719999999943e+03 1.383498765675231158e-05 1.323456129780030975e-05
1.111650149999999940e+03 1.355783264689491325e-05 1.345402434084641467e-05
1.112335569999999962e+03 1.367816849729619910e-05 1.366754509530288777e-05
1.113020999999999958e+03 1.398913248690111338e-05 1.386491571981903848e-05
1.113706300000000056e+03 1.431005759002967930e-05 1.406224891063493376e-05
1.114391599999999926e+03 1.469687601737883674e-05 1.425958210145076298e-05
1.115076900000000023e+03 1.508369444472812293e-05 1.445691529226665657e-05
1.115762210000000096e+03 1.573053635510791395e-05 1.465425136259795104e-05
1.116447509999999966e+03 1.655942733499456794e-05 1.485158455341378026e-05
1.117132689999999911e+03 1.734404100208931259e-05 1.504888319004475154e-05
1.117817990000000009e+03 1.716166435813776825e-05 1.524621638086064683e-05
1.118503169999999955e+03 1.697931964939314084e-05 1.544351501749161642e-05
1.119188349999999900e+03 1.669848197395802647e-05 1.564081365412258939e-05
1.119873540000000048e+03 1.631882703206822782e-05 1.583811517026902592e-05
1.120558590000000095e+03 1.593924966237286194e-05 1.600671135367543973e-05
1.121243770000000040e+03 1.605067816806986827e-05 1.608067794467341372e-05
1.121928830000000062e+03 1.618545760732893036e-05 1.615463158142445285e-05
1.122613890000000083e+03 1.672702649172290595e-05 1.622858521817549198e-05
1.123298950000000104e+03 1.785437987724562204e-05 1.630253885492653112e-05
1.123984009999999898e+03 1.898173326276796205e-05 1.637649249167754653e-05
1.124669069999999920e+03 1.814198931699097085e-05 1.645044612842858566e-05
1.125354000000000042e+03 1.699528673260726787e-05 1.652438573141211259e-05
1.126039060000000063e+03 1.628019679100723314e-05 1.659833936816315511e-05
1.126723999999999933e+03 1.648411274792947216e-05 1.667228005066723567e-05
1.127408940000000030e+03 1.668802870485177557e-05 1.674622073317133994e-05
1.128093869999999924e+03 1.680551502098249822e-05 1.682016033615484654e-05
1.128778690000000097e+03 1.689783073264544198e-05 1.687034472837565965e-05
1.129463619999999992e+03 1.705670058038438576e-05 1.682044312733218958e-05
1.130148439999999937e+03 1.743929295252774885e-05 1.677054954050347587e-05
1.130833249999999907e+03 1.782187973791296776e-05 1.672065668223974002e-05
1.131518070000000080e+03 1.789843699150988636e-05 1.667076309541101276e-05
1.132202880000000050e+03 1.783323226217318534e-05 1.662087023714727690e-05
1.132887699999999995e+03 1.770785174258143133e-05 1.657097665031856320e-05
1.133572390000000041e+03 1.720547877116253548e-05 1.652109253483455818e-05
1.134257080000000087e+03 1.670310579974363963e-05 1.647120841935055316e-05
1.134941769999999906e+03 1.648940100455213576e-05 1.642132430386656508e-05
1.135626459999999952e+03 1.647486894953233938e-05 1.637144018838256006e-05
1.136311159999999973e+03 1.645146256668322853e-05 1.632155534433357718e-05
1.136995850000000019e+03 1.624251518087335569e-05 1.626252435858143157e-05
1.137680419999999913e+03 1.603360441555791067e-05 1.615030937330379619e-05
1.138364990000000034e+03 1.597585943153716258e-05 1.603809438802612355e-05
1.139049559999999929e+03 1.606971220011189545e-05 1.592587940274848817e-05
1.139734130000000050e+03 1.616356496868665541e-05 1.581366441747081552e-05
1.140418699999999944e+03 1.597419921380169793e-05 1.570144943219318014e-05
1.141103149999999914e+03 1.577082175711887757e-05 1.558925411736301574e-05
1.141787720000000036e+03 1.555720430617340633e-05 1.547703913208534310e-05
1.142472170000000006e+03 1.532869913283479513e-05 1.536484381725517870e-05
1.143156619999999975e+03 1.510019395949618393e-05 1.525264850242501430e-05
1.143841059999999970e+03 1.501166716331834228e-05 1.514045482679880158e-05
1.144525509999999940e+03 1.494609493607264682e-05 1.502825951196863718e-05
1.145209839999999986e+03 1.493249747080790691e-05 1.494367101372830810e-05
1.145894289999999955e+03 1.503341509115632219e-05 1.511583703854397310e-05
1.146578610000000026e+03 1.513431354386555818e-05 1.528797036325998422e-05
1.147262940000000071e+03 1.574317812016811204e-05 1.546010620336827146e-05
1.147947269999999889e+03 1.650786890429401511e-05 1.563224204347650110e-05
1.148631470000000036e+03 1.709318395290961376e-05 1.580434518348513106e-05
1.149315800000000081e+03 1.703429294484948631e-05 1.597648102359341829e-05
1.150000000000000000e+03 1.697541312412742244e-05 1.614858416360199405e-05
1.150684199999999919e+03 1.708938809288024915e-05 1.632068730361056980e-05
1.151368410000000040e+03 1.728839085880639825e-05 1.649279295901147927e-05
1.152052609999999959e+03 1.743601145599226962e-05 1.666489609902005502e-05
1.152736820000000080e+03 1.721581312907192841e-05 1.683700175442096110e-05
1.153420900000000074e+03 1.699565663986592402e-05 1.700607822024418847e-05
1.154104980000000069e+03 1.696829868140647883e-05 1.710849627708935575e-05
1.154789060000000063e+03 1.708368288947932122e-05 1.721091433393452303e-05
1.155473140000000058e+03 1.721601959253731866e-05 1.731333239077969031e-05
1.156157230000000027e+03 1.796916766127290655e-05 1.741575194478976117e-05
1.156841310000000021e+03 1.872230472052046157e-05 1.751817000163492845e-05
1.157525270000000091e+03 1.899746281872821818e-05 1.762057009250124259e-05
1.158209229999999934e+03 1.875182389438500807e-05 1.772297018336752285e-05
1.158893190000000004e+03 1.850618497004172003e-05 1.782537027423384038e-05
1.159577150000000074e+03 1.825908627602238369e-05 1.792777036510015453e-05
1.160261109999999917e+03 1.801187777388784387e-05 1.803017045596643479e-05
1.160945069999999987e+03 1.796172287583276678e-05 1.813257054683274893e-05
1.161628909999999905e+03 1.823087708887407375e-05 1.823495267172017944e-05
1.162312740000000076e+03 1.850002736599168411e-05 1.813748304534082382e-05
1.162996579999999994e+03 1.830122777591579409e-05 1.803686695710633942e-05
1.163680419999999913e+03 1.800855287631997643e-05 1.793625086887185163e-05
1.164364260000000058e+03 1.757815837783788986e-05 1.783563478063733334e-05
1.165047970000000078e+03 1.680071685536187680e-05 1.773503781981782608e-05
1.165731809999999996e+03 1.602312751085921075e-05 1.763442173158334168e-05
1.166415529999999990e+03 1.610960135104759586e-05 1.753382329942422340e-05
1.167099240000000009e+03 1.650776402119693472e-05 1.743322633860471953e-05
1.167782840000000078e+03 1.688432239658743322e-05 1.733264556252097076e-05
1.168466550000000097e+03 1.716637063288044995e-05 1.723204860170146689e-05
1.169150270000000091e+03 1.744842299443469548e-05 1.713145016954234861e-05
1.169833859999999959e+03 1.707387295805658399e-05 1.703087086479824813e-05
1.170517460000000028e+03 1.632395715096645919e-05 1.683485322145578672e-05
1.171201049999999896e+03 1.562982851714056750e-05 1.663070610801355972e-05
1.171884639999999990e+03 1.552393191359023180e-05 1.642655899457126835e-05
1.172568119999999908e+03 1.541805235040971997e-05 1.622244473149617543e-05
1.173251710000000003e+03 1.552079520931254626e-05 1.601829761805388067e-05
1.173935179999999946e+03 1.580352872092131389e-05 1.581418634137579595e-05
1.174618649999999889e+03 1.608626223253008491e-05 1.561007506469770783e-05
1.175302120000000059e+03 1.574094065484591128e-05 1.540596378801955535e-05
1.175985599999999977e+03 1.538719970913256271e-05 1.520184952494446244e-05
1.176668949999999995e+03 1.507993673514925757e-05 1.499777408503051491e-05
1.177352419999999938e+03 1.483247856350585329e-05 1.479366280835242849e-05
1.178035769999999957e+03 1.458506383924211349e-05 1.458958736843848096e-05
1.178719119999999975e+03 1.446522077649565657e-05 1.440994996561813899e-05
1.179402469999999994e+03 1.436169928272904614e-05 1.423449203722250079e-05
1.180085690000000113e+03 1.424343972172573387e-05 1.405906748781372687e-05
1.180769039999999904e+03 1.409602067122508072e-05 1.388360955941814797e-05
1.181452269999999999e+03 1.394862750831645998e-05 1.370818244239500613e-05
1.182135500000000093e+03 1.392531354150016808e-05 1.353275532537186259e-05
1.182818729999999960e+03 1.393589836634306534e-05 1.335732820834877835e-05
1.183501950000000079e+03 1.385451246225177692e-05 1.318190365894000443e-05
1.184185179999999946e+03 1.347304001783738631e-05 1.300647654191692019e-05
1.184868289999999888e+03 1.309163457383764538e-05 1.283108023626633061e-05
1.185551390000000083e+03 1.278179106631363740e-05 1.265568649823005135e-05
1.186234500000000025e+03 1.250504672565191859e-05 1.248029019257946177e-05
1.186917599999999993e+03 1.226728669082156103e-05 1.236835621904951811e-05
1.187600709999999935e+03 1.228453300539872303e-05 1.227414023316608418e-05
1.188283809999999903e+03 1.230177906750827915e-05 1.217992562650394188e-05
1.188966799999999921e+03 1.205931733413476324e-05 1.208572619127603618e-05
1.189649779999999964e+03 1.162974889370456034e-05 1.199152813526942379e-05
1.190332760000000007e+03 1.122697653764151920e-05 1.189733007926281140e-05
1.191015750000000025e+03 1.169532128592947857e-05 1.180313064403490570e-05
1.191698730000000069e+03 1.216365917694651044e-05 1.170893258802829331e-05
1.192381589999999960e+03 1.228582203837735728e-05 1.161475108267724134e-05
1.193064579999999978e+03 1.203027210772732641e-05 1.152055164744933733e-05
1.193747440000000097e+03 1.177477081833259694e-05 1.142637014209825316e-05
1.194430299999999988e+03 1.141654066575108222e-05 1.133218863674720119e-05
1.195113160000000107e+03 1.105016494230252521e-05 1.124920444164723580e-05
1.195795900000000074e+03 1.076511076166991754e-05 1.117091587356294862e-05
1.196478759999999966e+03 1.061580709409421354e-05 1.109261354529445809e-05
1.197161499999999933e+03 1.046652966387330728e-05 1.101432497721017092e-05
1.197844239999999900e+03 1.055211607004977611e-05 1.093603640912588374e-05
1.198526980000000094e+03 1.068846395907049140e-05 1.085774784104157115e-05
1.199209720000000061e+03 1.075256330715362484e-05 1.077945927295728566e-05
1.199892329999999902e+03 1.062133386581335469e-05 1.070118561173924518e-05
1.200575070000000096e+03 1.049007943241697619e-05 1.062289704365493259e-05
1.201257689999999911e+03 1.042967280505881012e-05 1.054462223575487756e-05
1.201940309999999954e+03 1.039715876566803242e-05 1.046634742785479542e-05
1.202622920000000022e+03 1.036754840600491606e-05 1.038807376663672952e-05
1.203305540000000065e+03 1.035266246025974073e-05 1.033215300073684468e-05
1.203988039999999955e+03 1.033777913136360429e-05 1.028971654772458154e-05
1.204670650000000023e+03 1.018197029812201396e-05 1.024727325513746433e-05
1.205353149999999914e+03 9.936769860875625208e-06 1.020483680212520120e-05
1.206035640000000058e+03 9.706092178741456558e-06 1.016240097089245532e-05
1.206718139999999948e+03 9.707658844941048976e-06 1.011996451788019219e-05
1.207400509999999940e+03 9.709225212728033835e-06 1.007753614800183120e-05
1.208083010000000058e+03 9.686040627193686983e-06 1.003509969498955451e-05
1.208765380000000050e+03 9.638648041722834646e-06 9.992671325111193522e-06
1.209447750000000042e+03 9.591255456251982308e-06 9.950242955232832529e-06
1.210130130000000008e+03 9.723266128661085171e-06 9.907813963574940732e-06
1.210812500000000000e+03 9.864239229489651364e-06 9.865385593696579739e-06
1.211494750000000067e+03 9.707359726854761518e-06 9.803034464825396835e-06
1.212177120000000059e+03 9.101090452104805586e-06 9.723554242798486302e-06
1.212859380000000101e+03 8.494918909699753038e-06 9.644086833211188721e-06
1.213541629999999941e+03 8.564798872983855736e-06 9.564620588391153477e-06
1.214223880000000008e+03 8.758629955482021690e-06 9.485154343571091127e-06
1.214906009999999924e+03 8.835815475038225414e-06 9.405702075957904067e-06
1.215588259999999991e+03 8.629076805053267075e-06 9.326235831137841717e-06
1.216270389999999907e+03 8.422374498044388400e-06 9.246783563524654657e-06
1.216952510000000075e+03 8.670362789124831947e-06 9.167332460678675722e-06
1.217634639999999990e+03 9.080664294843975593e-06 9.087880193065488662e-06
1.218316769999999906e+03 9.361850084898577315e-06 9.008427925452301601e-06
1.218998900000000049e+03 9.065477718649020915e-06 8.928975657839087436e-06
1.219680910000000040e+03 8.769157490091684113e-06 8.832939874421745507e-06
1.220363039999999955e+03 8.561088885562538606e-06 8.716388655692314886e-06
1.221045039999999972e+03 8.405287055966121509e-06 8.599859649236825415e-06
1.221727049999999963e+03 8.259726846600514238e-06 8.483328934144880625e-06
1.222408940000000030e+03 8.242506508426052238e-06 8.366818722690423361e-06
1.223090940000000046e+03 8.225283392329639542e-06 8.250289716234933889e-06
1.223772830000000113e+03 8.281797397221615832e-06 8.133779504780476626e-06
1.224454709999999977e+03 8.406651765652084672e-06 8.017271001962511949e-06
1.225136600000000044e+03 8.531507965113978829e-06 7.900760790508054685e-06
1.225818479999999909e+03 7.953053901798829670e-06 7.784252287690090008e-06
1.226500369999999975e+03 7.348342841709084623e-06 7.667742076235631050e-06
1.227182129999999916e+03 7.196964093104722876e-06 7.551254077055153898e-06
1.227864010000000007e+03 7.700686889876091261e-06 7.482153991425707522e-06
1.228545779999999922e+03 8.204328426737013473e-06 7.500202490796071342e-06
1.229227540000000090e+03 8.027773139336573309e-06 7.518250725436410389e-06
1.229909180000000106e+03 7.734722959605624102e-06 7.536295783316365755e-06
1.230590940000000046e+03 7.505197896381655830e-06 7.554344017956698872e-06
1.231272580000000062e+03 7.425370639541342137e-06 7.572389075836653392e-06
1.231954349999999977e+03 7.345528158325431845e-06 7.590437575207018059e-06
1.232635989999999993e+03 7.796419898269215428e-06 7.608482633086972578e-06
1.233317630000000008e+03 8.431035908314071838e-06 7.626527690966927945e-06
1.233999150000000100e+03 8.859148396598363795e-06 7.644569572086504713e-06
1.234680789999999888e+03 8.388826636066218180e-06 7.662614629966453303e-06
1.235362300000000005e+03 7.918594573657297979e-06 7.680656246355999368e-06
1.236043820000000096e+03 7.637884620060685539e-06 7.711925981148566115e-06
1.236725339999999960e+03 7.468085941778902116e-06 7.782375348775814585e-06
1.237406860000000052e+03 7.308364087671388853e-06 7.852824716403085078e-06
1.238088379999999916e+03 7.273157314577225892e-06 7.923274084030333548e-06
1.238769780000000083e+03 7.237956740586185103e-06 7.993711047144003393e-06
1.239451170000000047e+03 7.401646808737576771e-06 8.064146976548185059e-06
1.240132569999999987e+03 7.750205758977824004e-06 8.134583939661831187e-06
1.240813959999999952e+03 8.098759593882743572e-06 8.205019869066012853e-06
1.241495359999999891e+03 7.897501485700187475e-06 8.275456832179658981e-06
1.242176760000000058e+03 7.674533271496569730e-06 8.345893795293328826e-06
1.242858030000000099e+03 7.716917230818016776e-06 8.416317320183908150e-06
1.243539309999999887e+03 8.148304299568487867e-06 8.486741878783929914e-06
1.244220579999999927e+03 8.579685036310709181e-06 8.553274513247539554e-06
1.244901859999999942e+03 8.469099532371798697e-06 8.597387310634989230e-06
1.245583129999999983e+03 8.261817763917892751e-06 8.641499460523652208e-06
1.246264280000000099e+03 8.193322224765171570e-06 8.685603840426871426e-06
1.246945429999999988e+03 8.461940177880678560e-06 8.729708220330075397e-06
1.247626590000000078e+03 8.730562074590968283e-06 8.773813247732081312e-06
1.248307739999999967e+03 8.773868484427514041e-06 8.817917627635285283e-06
1.248988890000000083e+03 8.735544977635187087e-06 8.862022007538504500e-06
1.249670039999999972e+03 8.688160375745079014e-06 8.906126387441708471e-06
1.250351069999999936e+03 8.598624284422225311e-06 8.950222997359470376e-06
1.251032099999999900e+03 8.509088193099371609e-06 8.994319607277230586e-06
1.251713130000000092e+03 8.712805541674490981e-06 9.038416217195006043e-06
1.252394170000000031e+03 9.096814530749678225e-06 9.087641811576698336e-06
1.253075199999999995e+03 9.470215902565261361e-06 9.264523618363281314e-06
1.253756100000000060e+03 9.683248374528082930e-06 9.441371660653640122e-06
1.254437130000000025e+03 9.896321519455121221e-06 9.618253467440224794e-06
1.255118040000000065e+03 1.001559390761579666e-05 9.795104106999519102e-06
1.255798950000000104e+03 1.004256916804793800e-05 9.971954746558813409e-06
1.256479739999999993e+03 1.006953967450193863e-05 1.014877421889075806e-05
1.257160640000000058e+03 1.039196550201420410e-05 1.032562226118111687e-05
1.257841429999999946e+03 1.073124665547262003e-05 1.050244173351306321e-05
1.258522220000000061e+03 1.095339431585969847e-05 1.067926120584506715e-05
1.259202999999999975e+03 1.099052447405010338e-05 1.085607808090807800e-05
1.259883790000000090e+03 1.102765517764664425e-05 1.103289755324008194e-05
1.260564579999999978e+03 1.120674921002648947e-05 1.120971702557202828e-05
1.261245239999999967e+03 1.141506141727398498e-05 1.125462758088097810e-05
1.261926030000000083e+03 1.150942637085228796e-05 1.128879063100246807e-05
1.262606690000000071e+03 1.129682993848711251e-05 1.132294715753148555e-05
1.263287350000000060e+03 1.108423350612193706e-05 1.135710368406050133e-05
1.263968020000000024e+03 1.110119272277498366e-05 1.139126071240432217e-05
1.264648560000000089e+03 1.121099649466635244e-05 1.142541121715568068e-05
1.265329220000000078e+03 1.128855814958253455e-05 1.145956774368469816e-05
1.266009769999999889e+03 1.118774745960543707e-05 1.149371875025084987e-05
1.266690309999999954e+03 1.108693825094032700e-05 1.152786925500220668e-05
1.267370850000000019e+03 1.119384165406708500e-05 1.156201975975356519e-05
1.268051269999999931e+03 1.144272980827527498e-05 1.159616424272725457e-05
1.268731809999999996e+03 1.166948369596478628e-05 1.163031474747861309e-05
1.269412229999999909e+03 1.128110877401349253e-05 1.160526323743895876e-05
1.270092650000000049e+03 1.089273385206206835e-05 1.156594717914739456e-05
1.270773069999999962e+03 1.089145941611879805e-05 1.152663112085584391e-05
1.271453490000000102e+03 1.131731353395207680e-05 1.148731506256427970e-05
1.272133910000000014e+03 1.174316765178521493e-05 1.144799900427272905e-05
1.272814210000000003e+03 1.165342121677227211e-05 1.140868987982643899e-05
1.273494509999999991e+03 1.151630295112384763e-05 1.136938075538014892e-05
1.274174800000000005e+03 1.136917783989194952e-05 1.133007220875429738e-05
1.274855099999999993e+03 1.120394433291511394e-05 1.129076308430800732e-05
1.275535399999999981e+03 1.103871082593827667e-05 1.125145395986171556e-05
1.276215580000000045e+03 1.106282390529398903e-05 1.121215176926068608e-05
1.276895870000000059e+03 1.113548379850543243e-05 1.117284322263483285e-05
1.277576049999999896e+03 1.122268710483892255e-05 1.114530907101570422e-05
1.278256229999999960e+03 1.135705653269967923e-05 1.112325461664932486e-05
1.278936279999999897e+03 1.149140027908547542e-05 1.110120437745991497e-05
1.279616459999999961e+03 1.133787870729936374e-05 1.107914992309353561e-05
1.280296509999999898e+03 1.104612924765307755e-05 1.105709968390412572e-05
1.280976560000000063e+03 1.076801970361247435e-05 1.103504944471470736e-05
1.281656739999999900e+03 1.059460155242664275e-05 1.101299499034833646e-05
1.282336669999999913e+03 1.042124714104169696e-05 1.099094864209150596e-05
1.283016720000000078e+03 1.048476210446482176e-05 1.096889840290208760e-05
1.283696779999999990e+03 1.073863082901331526e-05 1.094684783946829609e-05
1.284376710000000003e+03 1.099245102411710273e-05 1.092480149121146559e-05
1.285056640000000016e+03 1.092686175155016759e-05 1.090275514295463509e-05
1.285736570000000029e+03 1.085931126611194763e-05 1.084506330179273761e-05
1.286416500000000042e+03 1.073328234202117064e-05 1.075865593739717602e-05
1.287096309999999903e+03 1.053066665140999452e-05 1.067226382292990128e-05
1.287776249999999891e+03 1.032801221462002525e-05 1.058585518770698528e-05
1.288456050000000005e+03 1.024755287046189244e-05 1.049946434406703446e-05
1.289135860000000093e+03 1.018508507997843898e-05 1.041307222959973092e-05
1.289815669999999955e+03 1.011510648918976595e-05 1.032668011513245618e-05
1.290495359999999891e+03 1.002844772964090516e-05 1.024030325059343950e-05
1.291175169999999980e+03 9.941773670394891667e-06 1.015391113612613596e-05
1.291854859999999917e+03 9.929061165718199226e-06 1.006753427158711927e-05
1.292534550000000081e+03 9.941163012096844535e-06 9.981157407048075485e-06
1.293214230000000043e+03 9.923679641939335512e-06 9.894781813336411521e-06
1.293893919999999980e+03 9.777686956849753733e-06 9.793786362082313409e-06
1.294573489999999993e+03 9.631720046925616130e-06 9.672675538612252079e-06
1.295253169999999955e+03 9.347571411879768052e-06 9.551545111288907482e-06
1.295932739999999967e+03 8.980651260903404747e-06 9.430434287818846153e-06
1.296612300000000005e+03 8.650485983790120054e-06 9.309325246517261270e-06
1.297291870000000017e+03 8.863191774867575323e-06 9.188214423047199941e-06
1.297971309999999903e+03 9.075856875872091731e-06 9.067126767767415431e-06
1.298650879999999916e+03 9.054889088332224666e-06 8.946015944297352408e-06
1.299330320000000029e+03 8.801216243588098637e-06 8.824928289017527241e-06
1.300009769999999889e+03 8.547539665286362466e-06 8.703838851569266284e-06
1.300689210000000003e+03 8.453238393875735985e-06 8.582751196289441117e-06
1.301368649999999889e+03 8.369337104993412505e-06 8.461663541009656608e-06
1.302047970000000078e+03 8.406524706932410847e-06 8.366862163815188278e-06
1.302727290000000039e+03 8.644561559852731992e-06 8.338770780138996401e-06
1.303406739999999900e+03 8.882643965371028819e-06 8.310674020675437725e-06
1.304085939999999937e+03 8.913986760162313485e-06 8.282587599264509462e-06
1.304765259999999898e+03 8.897989805309578206e-06 8.254496215588317585e-06
1.305444580000000087e+03 8.867428980566585944e-06 8.226404831912117237e-06
1.306123779999999897e+03 8.793304649061623739e-06 8.198318410501199139e-06
1.306802979999999934e+03 8.719180317556637818e-06 8.170231989090272570e-06
1.307482299999999896e+03 8.610439694897067993e-06 8.142140605414080693e-06
1.308161380000000008e+03 8.486002106271140708e-06 8.114059146268417738e-06
1.308840580000000045e+03 8.356020012716528338e-06 8.085972724857489475e-06
1.309519780000000083e+03 8.187094562497268800e-06 8.057886303446562906e-06
1.310198849999999993e+03 8.018201444887772158e-06 8.023769987589858308e-06
1.310877930000000106e+03 8.022527380492910982e-06 7.952433833538035852e-06
1.311557009999999991e+03 8.162588071015942882e-06 7.881097679486237113e-06
1.312236079999999902e+03 8.302646699032494750e-06 7.809762575916764555e-06
1.312915040000000090e+03 8.010467271524285624e-06 7.738439027652891836e-06
1.313594119999999975e+03 7.717142803257609539e-06 7.667102873601093098e-06
1.314273069999999962e+03 7.538150406926167824e-06 7.595780375819570276e-06
1.314952029999999922e+03 7.508506994276752710e-06 7.524456827555721275e-06
1.315630979999999909e+03 7.478864018227617452e-06 7.453134329774199300e-06
1.316309809999999970e+03 7.342740128143663457e-06 7.381824437780627063e-06
1.316988769999999931e+03 7.190622615863751478e-06 7.310500889516777214e-06
1.317667599999999993e+03 7.104061543516975793e-06 7.239190997523204976e-06
1.318346440000000030e+03 7.166453322815513785e-06 7.167880055047304865e-06
1.319025270000000091e+03 7.228844183020022175e-06 7.149624578832452251e-06
1.319704099999999926e+03 7.137206996853729171e-06 7.131817717430115551e-06
1.320382810000000063e+03 6.991773817635066249e-06 7.114014003831150302e-06
1.321061519999999973e+03 6.851153144389065961e-06 7.096210290232191828e-06
1.321740360000000010e+03 6.732973851677809176e-06 7.078403166512901860e-06
1.322419069999999920e+03 6.614817190673680521e-06 7.060599452913943387e-06
1.323097659999999905e+03 6.666372644157746870e-06 7.042798887118362292e-06
1.323776370000000043e+03 6.825463524849396539e-06 7.024995173519397043e-06
1.324454960000000028e+03 6.978623314714891633e-06 7.007194607723815948e-06
1.325133669999999938e+03 7.012937034060032293e-06 6.989390894124857475e-06
1.325812259999999924e+03 7.047244686533727051e-06 6.971590328329276381e-06
1.326490720000000010e+03 6.975308134246458652e-06 6.953793172654020851e-06
1.327169309999999996e+03 6.789332020767098504e-06 6.897819843623023578e-06
1.327847899999999981e+03 6.603355907287738356e-06 6.834506005971906812e-06
1.328526370000000043e+03 6.509696511773954605e-06 6.771203364566701031e-06
1.329204829999999902e+03 6.424345568237465443e-06 6.707901656182007737e-06
1.329883299999999963e+03 6.362147248378765089e-06 6.644599014776802803e-06
1.330561770000000024e+03 6.342654977069940261e-06 6.581296373371597022e-06
1.331240109999999959e+03 6.323166440628202936e-06 6.518005861232815560e-06
1.331918580000000020e+03 6.479614705532933707e-06 6.454703219827610626e-06
1.332596919999999955e+03 6.683854567442368584e-06 6.391412707688829164e-06
1.333275270000000091e+03 6.782415322161821362e-06 6.328121262529536062e-06
1.333953610000000026e+03 6.508035974407833277e-06 6.264830750390754599e-06
1.334631840000000011e+03 6.233701120164826644e-06 6.201550501477393657e-06
1.335310179999999946e+03 6.119346315417590194e-06 6.128960675471964923e-06
1.335988399999999956e+03 6.089339278554515042e-06 6.052029356643264782e-06
1.336666629999999941e+03 6.060128925521306859e-06 5.975096903502414275e-06
1.337344849999999951e+03 6.039086505483760827e-06 5.898165584673714133e-06
1.338022950000000037e+03 6.018047808560252594e-06 5.821247877590839559e-06
1.338701170000000047e+03 5.932248717346485752e-06 5.744316558762139418e-06
1.339379269999999906e+03 5.787295138895337112e-06 5.667398851679290255e-06
1.340057369999999992e+03 5.642341560444141037e-06 5.590481144596414834e-06
1.340735470000000078e+03 5.485847513047237270e-06 5.513563437513540260e-06
1.341413569999999936e+03 5.328825484149033993e-06 5.436645730430691097e-06
1.342091550000000097e+03 5.238464589901578575e-06 5.359741635093641244e-06
1.342769649999999956e+03 5.252492355558141784e-06 5.282823928010792081e-06
1.343447629999999890e+03 5.266517638790463138e-06 5.231812809715236123e-06
1.344125610000000052e+03 5.494407616167261860e-06 5.204865936074367820e-06
1.344803589999999986e+03 5.768290230398436495e-06 5.177919062433508834e-06
1.345481449999999995e+03 5.857985557493623363e-06 5.150976958291506344e-06
1.346159419999999955e+03 5.412689382948195460e-06 5.124030482108884199e-06
1.346837279999999964e+03 4.967465457291623103e-06 5.097088377966881709e-06
1.347515139999999974e+03 4.928576006496314842e-06 5.070146273824879219e-06
1.348192990000000009e+03 5.073096764884948139e-06 5.043204567141113570e-06
1.348870850000000019e+03 5.192638688473988415e-06 5.016262462999111080e-06
1.349548579999999902e+03 5.132270084816331687e-06 4.989325525814211244e-06
1.350226319999999987e+03 5.071900590411551614e-06 4.962388191171066096e-06
1.350904170000000022e+03 4.986466269070484114e-06 4.935446484487300447e-06
1.351581789999999955e+03 4.880935712524025495e-06 4.920417459812038050e-06
1.352259520000000066e+03 4.775388024899324334e-06 4.927444742124800484e-06
1.352937259999999924e+03 4.633324699058441977e-06 4.934472128126083869e-06
1.353614870000000110e+03 4.490802139286043538e-06 4.941498166176563543e-06
1.354292480000000069e+03 4.566939263317750087e-06 4.948524204227040677e-06
1.354970090000000027e+03 4.946247219824374439e-06 4.955550242277517811e-06
1.355647709999999961e+03 5.325560774063551716e-06 4.962576384016517590e-06
1.356325319999999920e+03 5.048547066303295689e-06 4.969602422066994723e-06
1.357002809999999954e+03 4.656874104712474478e-06 4.976627215855189098e-06
1.357680299999999988e+03 4.436368344400482195e-06 4.983652009643383472e-06
1.358357790000000023e+03 4.649769898386119763e-06 4.990676803431577847e-06
1.359035280000000057e+03 4.863171452371757331e-06 4.997701597219772222e-06
1.359712770000000091e+03 5.032003408876564680e-06 5.012710833319190075e-06
1.360390139999999974e+03 5.183039384770642332e-06 5.064627602415569332e-06
1.361067630000000008e+03 5.343336916195987990e-06 5.116553568866864933e-06
1.361744999999999891e+03 5.557479371399545831e-06 5.168470337963245037e-06
1.362422360000000026e+03 5.771618665222325168e-06 5.220386340613401805e-06
1.363099609999999984e+03 6.047558736173356037e-06 5.272293912354883353e-06
1.363776980000000094e+03 6.368727349123209100e-06 5.324210681451280397e-06
1.364454220000000078e+03 6.679602235789726217e-06 5.376117486746520822e-06
1.365131470000000036e+03 5.841480365576171002e-06 5.428025058488002369e-06
1.365808719999999994e+03 5.003358495362616635e-06 5.479932630229483070e-06
1.366485959999999977e+03 4.732662864918116364e-06 5.531839435524724341e-06
1.367163209999999935e+03 5.184197076679152117e-06 5.583747007266205042e-06
1.367840329999999994e+03 5.635644615206547757e-06 5.635644615206547757e-06
