9.306945799999999736e+02 6.892403980051236072e-06 6.892403980051236072e-06
9.313851899999999659e+02 5.914157875172683582e-06 6.487187071152225922e-06
9.320757399999999961e+02 4.935996760036902626e-06 6.082005367382765771e-06
9.327663000000000011e+02 5.546863419494943971e-06 5.676817796091724542e-06
9.334568500000000313e+02 6.597392739944709141e-06 5.271636092322265238e-06
9.341473999999999478e+02 7.259820107694741213e-06 4.866454388552872003e-06
9.348378900000000158e+02 6.799907143953105268e-06 4.461307889912961852e-06
9.355283799999999701e+02 6.339994180211544710e-06 4.056161391273117769e-06
9.362188700000000381e+02 5.992239040358790603e-06 3.651014892633208465e-06
9.369093000000000302e+02 5.685910163353469152e-06 3.245903599122915228e-06
9.375997300000000223e+02 5.129099988411886823e-06 2.840792305612621991e-06
9.382901600000000144e+02 3.593497865956173746e-06 2.435681012102328755e-06
9.389805300000000443e+02 2.058029190956812056e-06 2.090611964919424335e-06
9.396708999999999605e+02 4.533139171927241630e-06 2.778108644590228377e-06
9.403612699999999904e+02 8.922130736704269135e-06 3.465605324261145922e-06
9.410515699999999697e+02 1.293105938697206730e-05 4.153032295272052404e-06
9.417418800000000374e+02 1.478651992355690401e-05 4.840469224663041962e-06
9.424321899999999914e+02 1.664198046014143579e-05 5.527906154053917171e-06
9.431224999999999454e+02 1.580067275868619054e-05 6.215343083444793228e-06
9.438127399999999625e+02 1.332578924954525102e-05 6.902710304175771300e-06
9.445029899999999543e+02 1.109164316355221785e-05 7.590087483286718099e-06
9.451931799999999839e+02 1.114030470972143566e-05 8.277404912117736490e-06
9.458833600000000388e+02 1.118896555084499722e-05 8.964712382568785305e-06
9.465735499999999547e+02 1.084297352905306428e-05 9.652029811399691887e-06
9.472637300000000096e+02 1.019651339675230122e-05 1.023731722858019855e-05
9.479538599999999633e+02 9.536609846748682071e-06 9.961202134468410841e-06
9.486439800000000560e+02 8.553519286401640374e-06 9.685091041270803034e-06
9.493341100000000097e+02 7.570414480842943032e-06 9.408975947159017021e-06
9.500241700000000264e+02 8.033096912050705115e-06 9.132888859446851147e-06
9.507142300000000432e+02 9.872063016279966822e-06 8.856801771734683579e-06
9.514043000000000347e+02 1.171105576987449412e-05 8.580710683108292065e-06
9.520943600000000515e+02 1.270477397376399601e-05 8.304623595396126191e-06
9.527843599999999924e+02 1.368489051140984116e-05 8.028560513169402251e-06
9.534743700000000217e+02 1.268476087045181057e-05 7.752493430028406930e-06
9.541643100000000004e+02 9.323349437297245705e-06 7.476454353287077489e-06
9.548542499999999791e+02 5.961938004142679147e-06 7.200415276545749741e-06
9.555441899999999578e+02 7.314689663359695840e-06 7.053716467166656727e-06
9.562341300000000501e+02 9.034688117822808721e-06 7.623438229931880461e-06
9.569240099999999529e+02 1.002900836112459789e-05 8.193110447365809656e-06
9.576138899999999694e+02 9.931330119639048017e-06 8.762782664799832026e-06
9.583037699999999859e+02 9.833651878153496455e-06 9.332454882233854395e-06
9.589935900000000402e+02 1.206003332775197385e-05 9.902077554336770267e-06
9.596834099999999808e+02 1.463226692833147699e-05 1.047170022643959127e-05
9.603731699999999591e+02 1.533458008790917804e-05 1.104127335321130409e-05
9.610629900000000134e+02 1.243098111341922081e-05 1.161089602531421996e-05
9.617527499999999918e+02 9.527634691680257037e-06 1.218046915208593447e-05
9.624424999999999955e+02 1.057568724188453958e-05 1.275003402130248009e-05
9.631322000000000116e+02 1.253599592300264576e-05 1.331955760274308471e-05
9.638219000000000278e+02 1.394368785355679614e-05 1.382444890027997835e-05
9.645116000000000440e+02 1.395317638043351311e-05 1.406423233396774979e-05
9.652012300000000096e+02 1.396266394428734727e-05 1.430399143121885353e-05
9.658908699999999499e+02 1.439172979102773944e-05 1.454375400510375678e-05
9.665805100000000039e+02 1.495784911639393982e-05 1.478351657898869899e-05
9.672701399999999694e+02 1.523554561905448673e-05 1.502327567623980273e-05
9.679597199999999475e+02 1.451567853170349468e-05 1.526301739032187506e-05
9.686492899999999509e+02 1.379582188356311680e-05 1.550275562777014788e-05
9.693388700000000426e+02 1.327861943570865455e-05 1.574249734185225748e-05
9.700283799999999701e+02 1.285055263674484517e-05 1.598221471949766212e-05
9.707178999999999860e+02 1.283896004472483291e-05 1.622193557377690353e-05
9.714073499999999513e+02 1.493879475893608137e-05 1.646163209161947386e-05
9.720968599999999924e+02 1.703881221313284565e-05 1.663374176626180494e-05
9.727863200000000461e+02 1.786594916144890654e-05 1.658591232769405480e-05
9.734757100000000491e+02 1.796039990901902733e-05 1.653808774518858682e-05
9.741651600000000144e+02 1.782847596142894003e-05 1.649025900034402565e-05
9.748545500000000175e+02 1.575411623640909372e-05 1.644243441783856105e-05
9.755438799999999446e+02 1.367993705010268541e-05 1.639461399767219642e-05
9.762332800000000361e+02 1.300216487431768315e-05 1.634678872144354285e-05
9.769226099999999633e+02 1.336137517138806764e-05 1.629896830127717822e-05
9.776119400000000041e+02 1.376638171296091882e-05 1.625114788111080681e-05
9.783012099999999691e+02 1.518097019601569456e-05 1.620333162328353876e-05
9.789904800000000478e+02 1.659555867907070407e-05 1.615551536545626054e-05
9.796797500000000127e+02 1.674986822019469121e-05 1.610769910762899248e-05
9.803690199999999777e+02 1.570595425049731497e-05 1.606778789709809675e-05
9.810582299999999805e+02 1.466213115206684881e-05 1.604922935858877725e-05
9.817474399999999832e+02 1.575111783579167369e-05 1.603067082007945436e-05
9.824365800000000490e+02 1.687980974962615581e-05 1.601211416647850194e-05
9.831257299999999759e+02 1.741598861893752973e-05 1.599355724360492517e-05
9.838148800000000165e+02 1.722951668548566013e-05 1.597500032073134840e-05
9.845040299999999434e+02 1.704304475203382102e-05 1.595644339785777502e-05
9.851931200000000217e+02 1.809096576398040558e-05 1.593788809061993760e-05
9.858822000000000116e+02 1.924721133575368681e-05 1.591933305265473130e-05
9.865712899999999763e+02 1.920741555136938459e-05 1.590077774541689726e-05
9.872603100000000040e+02 1.728017663335450573e-05 1.588222432308743031e-05
9.879493400000000065e+02 1.535290974461434599e-05 1.586367063148533900e-05
9.886383700000000090e+02 1.633968488595238493e-05 1.591630536007496532e-05
9.893273299999999608e+02 1.781525071961746921e-05 1.613405265476725665e-05
9.900163000000000011e+02 1.852709112297545481e-05 1.635180310998115302e-05
9.907052599999999529e+02 1.764912857514402115e-05 1.656955040467344436e-05
9.913941700000000310e+02 1.677122974382338425e-05 1.678728189675787993e-05
9.920830700000000206e+02 1.646318659138382149e-05 1.700501022832070708e-05
9.927719700000000103e+02 1.630441589658317221e-05 1.722273855988353761e-05
9.934608799999999746e+02 1.623246905541479552e-05 1.744047005196793591e-05
9.941497200000000021e+02 1.640701041001409554e-05 1.765817942040130565e-05
9.948385600000000295e+02 1.658155176461339556e-05 1.787588878883467200e-05
9.955273399999999810e+02 1.722933478117717664e-05 1.809357919413854366e-05
9.962161300000000210e+02 1.805383398074696094e-05 1.831127275996402375e-05
9.969049099999999726e+02 1.834389301570942864e-05 1.825311178180942474e-05
9.975936900000000378e+02 1.643700213881651716e-05 1.763033505467617867e-05
9.982824100000000271e+02 1.453027737222407421e-05 1.700761257796204457e-05
9.989711300000000165e+02 1.374503787115365808e-05 1.638489010124791046e-05
9.996597900000000436e+02 1.352947676083152991e-05 1.576222187495278669e-05
1.000348449999999957e+03 1.337383921671188770e-05 1.513955364865776286e-05
1.001037109999999984e+03 1.361822076838385528e-05 1.451688542236263739e-05
1.001725770000000011e+03 1.386260232005582286e-05 1.389421719606751192e-05
1.002414369999999963e+03 1.308003683606255966e-05 1.327160322019149842e-05
1.003102970000000028e+03 1.160519042094200467e-05 1.264898924431537989e-05
1.003791560000000004e+03 1.025291416028955846e-05 1.202638431017584892e-05
1.004480099999999993e+03 1.068790857475240048e-05 1.140382458471884405e-05
1.005168639999999982e+03 1.112290298921524250e-05 1.102929943314235952e-05
1.005857179999999971e+03 1.149881714731334329e-05 1.111314161970136006e-05
1.006545650000000023e+03 1.182247562009863187e-05 1.119697528249550456e-05
1.007234130000000050e+03 1.214613879401064928e-05 1.128081016297033963e-05
1.007922609999999963e+03 1.138093581758853074e-05 1.136464504344516285e-05
1.008611020000000053e+03 1.061290594236368992e-05 1.144847140015514189e-05
1.009299440000000004e+03 1.019386265751279829e-05 1.153229897454579964e-05
1.009987849999999980e+03 1.017847048633263907e-05 1.161612533125576682e-05
1.010676270000000045e+03 1.016307809156230408e-05 1.169995290564643813e-05
1.011364619999999945e+03 1.062329441672784574e-05 1.178377195627222629e-05
1.012052919999999972e+03 1.111929930682930901e-05 1.186758491849455651e-05
1.012741269999999986e+03 1.166425578323130318e-05 1.195140396912035993e-05
1.013429570000000012e+03 1.228383369140601799e-05 1.193458440953053203e-05
1.014117859999999951e+03 1.290340259801290570e-05 1.174640836738986836e-05
1.014806090000000040e+03 1.133907236356676097e-05 1.155824872903612488e-05
1.015494320000000016e+03 9.424629103631117211e-06 1.137008909068241190e-05
1.016182559999999967e+03 8.352363884738449811e-06 1.118192671836421249e-05
1.016870790000000056e+03 9.010108508086268062e-06 1.099376708001046901e-05
1.017558959999999956e+03 9.667795789153854931e-06 1.080562384544374058e-05
1.018247129999999970e+03 9.951341647399617336e-06 1.061748061087697996e-05
1.018935240000000022e+03 1.013715070639576240e-05 1.042935378009717171e-05
1.019623349999999959e+03 1.023192483945094703e-05 1.024122694931739396e-05
1.020311460000000011e+03 1.006504005629304102e-05 1.005310011853758571e-05
1.020999569999999949e+03 9.898155273135160424e-06 9.864973287757809644e-06
1.021687620000000038e+03 9.640256820763459924e-06 9.788890623558035435e-06
1.022375670000000014e+03 9.347553796962893271e-06 9.892005964700905727e-06
1.023063719999999989e+03 9.177638211104677000e-06 9.995121305843777712e-06
1.023751710000000003e+03 9.536594874934495165e-06 1.009822765502318010e-05
1.024439699999999903e+03 9.895551538764254038e-06 1.020133400420256725e-05
1.025127690000000030e+03 9.737598881493496027e-06 1.030444035338198658e-05
1.025815550000000030e+03 9.305415240192463778e-06 1.040752721997386051e-05
1.026503539999999930e+03 8.896156519401293697e-06 1.051063356915324596e-05
1.027191409999999905e+03 8.659506514264160324e-06 1.061372193440569391e-05
1.027879269999999906e+03 8.422859949457387361e-06 1.071680880099756784e-05
1.028567140000000109e+03 9.002338894802372322e-06 1.081989716625004968e-05
1.029255000000000109e+03 1.016734727249554265e-05 1.092298403284192191e-05
1.029942870000000084e+03 1.124037726214751744e-05 1.094889354835512894e-05
1.030630619999999908e+03 1.043438663280841777e-05 1.085674153378571068e-05
1.031318479999999909e+03 9.628267091845371862e-06 1.076457478025355828e-05
1.032006229999999960e+03 9.489413623063788479e-06 1.067242276568410953e-05
1.032693970000000036e+03 9.989404453791727177e-06 1.058027209102035741e-05
1.033381710000000112e+03 1.048939528451966587e-05 1.048812141635660530e-05
1.034069340000000011e+03 9.862891073720576180e-06 1.039598548065558394e-05
1.034757080000000087e+03 9.207146001559249918e-06 1.030383480599183183e-05
1.035444700000000012e+03 9.020687534898767787e-06 1.021170021019650880e-05
1.036132319999999936e+03 9.435039800788980527e-06 1.011956561440118577e-05
1.036820069999999987e+03 9.849470403252617192e-06 1.002741359983173702e-05
1.037507569999999987e+03 9.891066842126906546e-06 9.935295082904812593e-06
1.038195189999999911e+03 9.892249579327354819e-06 9.934617562632529160e-06
1.038882810000000063e+03 1.005023011502039233e-05 1.007018787819356653e-05
1.039570310000000063e+03 1.048030724824797343e-05 1.020573453470180204e-05
1.040257810000000063e+03 1.091038438147555623e-05 1.034128119121003754e-05
1.040945310000000063e+03 1.060695454836709150e-05 1.047682784771827135e-05
1.041632810000000063e+03 1.015204253053025392e-05 1.061237450422650685e-05
1.042320310000000063e+03 9.926255538464748781e-06 1.074792116073474236e-05
1.043007689999999911e+03 1.025575299613365617e-05 1.088344415819017430e-05
1.043695189999999911e+03 1.058530797612641737e-05 1.101899081469840980e-05
1.044382569999999987e+03 1.090020594728881867e-05 1.115451381215388748e-05
1.045069950000000063e+03 1.121036904551953582e-05 1.129003680960936516e-05
1.045757319999999936e+03 1.146647214766385964e-05 1.142555783547707179e-05
1.046444700000000012e+03 1.152835145494100183e-05 1.144339269610498568e-05
1.047131959999999935e+03 1.159021995958076273e-05 1.128758969182749710e-05
1.047819340000000011e+03 1.119252247893722459e-05 1.113175948334703233e-05
1.048506589999999960e+03 1.057901217210636400e-05 1.097595874608644870e-05
1.049193850000000111e+03 1.012685505928291928e-05 1.082015574180890930e-05
1.049881100000000060e+03 1.064465144247563161e-05 1.066435500454832567e-05
1.050568359999999984e+03 1.116245535999183219e-05 1.050855200027083710e-05
1.051255490000000009e+03 1.083457807143854132e-05 1.035277846721317716e-05
1.051942749999999933e+03 9.954232598279338131e-06 1.019697546293568858e-05
1.052629879999999957e+03 9.153342191642394385e-06 1.004120192987803033e-05
1.053317019999999957e+03 9.457093467431867972e-06 9.885426129803465448e-06
1.054004149999999981e+03 9.760840322706235050e-06 9.729652596745805504e-06
1.054691280000000006e+03 9.428178803623551009e-06 9.701074060287712201e-06
1.055378300000000081e+03 8.528318324308139706e-06 9.861704951048213774e-06
1.056065430000000106e+03 7.628313766723274283e-06 1.002236156070769377e-05
1.056752439999999979e+03 8.628884315894575684e-06 1.018299011338642213e-05
1.057439450000000079e+03 9.647176722203652753e-06 1.034361866606520471e-05
1.058126459999999952e+03 1.017988350209554300e-05 1.050424721874393307e-05
1.058813480000000027e+03 1.012433947148744324e-05 1.066487810950443634e-05
1.059500489999999900e+03 1.006879624935699591e-05 1.082550666218316470e-05
1.060187380000000076e+03 1.059584174893490211e-05 1.098610715788124817e-05
1.060874270000000024e+03 1.117795907623583997e-05 1.114670765357927912e-05
1.061561159999999973e+03 1.154347568968746200e-05 1.130730814927731007e-05
1.062248049999999921e+03 1.154741478865855079e-05 1.146790864497534102e-05
1.062934940000000097e+03 1.155135388762964297e-05 1.154906869629238396e-05
1.063621830000000045e+03 1.129880477956152673e-05 1.150893157669534398e-05
1.064308590000000095e+03 1.099598779491077199e-05 1.146880205340272513e-05
1.064995480000000043e+03 1.069813371231841367e-05 1.142866493380568515e-05
1.065682250000000067e+03 1.041222510216033553e-05 1.138853482618195646e-05
1.066369020000000091e+03 1.012631649200225738e-05 1.134840471855822776e-05
1.067055659999999989e+03 1.050886648336915554e-05 1.130828220723893544e-05
1.067742430000000013e+03 1.110549395498002189e-05 1.126815209961520675e-05
1.068429080000000113e+03 1.153569817428411336e-05 1.122802900396479104e-05
1.069115839999999935e+03 1.136911748414644567e-05 1.118789948067218574e-05
1.069802490000000034e+03 1.120256347563826714e-05 1.114777638502177003e-05
1.070489139999999907e+03 1.111640943261712820e-05 1.110765328937136787e-05
1.071175780000000032e+03 1.106836991596437074e-05 1.100536763837120651e-05
1.071862300000000005e+03 1.098577985394233559e-05 1.080398985198766493e-05
1.072548950000000104e+03 1.068850260454332499e-05 1.060257393253843833e-05
1.073235470000000078e+03 1.039128163715474204e-05 1.040119614615489674e-05
1.073922000000000025e+03 9.983734661995041014e-06 1.019981542645862006e-05
1.074608519999999999e+03 9.502242358140202557e-06 9.998437640075080171e-06
1.075295039999999972e+03 9.081544061537043298e-06 9.797059853691538587e-06
1.075981569999999920e+03 9.636233389900418947e-06 9.595679133995261905e-06
1.076667969999999968e+03 1.019081768335981091e-05 9.394336547364605868e-06
1.077354370000000017e+03 1.013184261093156801e-05 9.192993960733949831e-06
1.078040770000000066e+03 9.502474061783187736e-06 8.991651374103293794e-06
1.078727169999999887e+03 8.873105512635015831e-06 8.790308787472705520e-06
1.079413569999999936e+03 8.564622781843995138e-06 8.565290029431354185e-06
1.080099979999999960e+03 8.263492288252507863e-06 8.300061498300120123e-06
1.080786250000000109e+03 8.181889853695867954e-06 8.034887063109103891e-06
1.081472659999999905e+03 8.383037150722272949e-06 7.769658531977957920e-06
1.082158940000000030e+03 8.584146352224794190e-06 7.504480232791217894e-06
1.082845209999999952e+03 8.187379320959768908e-06 7.239305797600289753e-06
1.083531369999999924e+03 7.721518275046944268e-06 6.974173866362408905e-06
1.084217650000000049e+03 7.360358828086344014e-06 6.708995567175669725e-06
1.084903929999999946e+03 7.189553752837683086e-06 6.443817267989017790e-06
1.085590089999999918e+03 7.018778543837516767e-06 6.178685336751136942e-06
1.086276249999999891e+03 6.433497995902427138e-06 5.913553405513256094e-06
1.086962399999999889e+03 5.753459789694611684e-06 5.648425338271098194e-06
1.087648560000000089e+03 5.508349399536578006e-06 5.536206751451833699e-06
1.088334589999999935e+03 6.421863009560028800e-06 5.705771803962865511e-06
1.089020749999999907e+03 7.335549726837417082e-06 5.875368988387732988e-06
1.089706789999999955e+03 7.168415193746530161e-06 6.044936512584492356e-06
1.090392820000000029e+03 6.604255625799044180e-06 6.214501565095580919e-06
1.091078860000000077e+03 6.208060713876884940e-06 6.384069089292340287e-06
1.091764889999999923e+03 6.530269002683606380e-06 6.553634141803372099e-06
1.092450810000000047e+03 6.852425627697666022e-06 6.723172005772024206e-06
1.093136839999999893e+03 7.452116304554566065e-06 6.892737058283056865e-06
1.093822750000000042e+03 8.202729184362964870e-06 7.062272450566038167e-06
1.094508669999999938e+03 8.796612541238406157e-06 7.231810314534633522e-06
1.095194580000000087e+03 8.064592103415708192e-06 7.401345706817614824e-06
1.095880490000000009e+03 7.332571665593252478e-06 7.614142190791987264e-06
1.096566409999999905e+03 7.187425353469475591e-06 7.915416781619473573e-06
1.097252199999999903e+03 7.496935990663632170e-06 8.216634272935679229e-06
1.097937989999999900e+03 7.812682942997475238e-06 8.517851764251886578e-06
1.098623779999999897e+03 8.421606841699521854e-06 8.819069255568092234e-06
1.099309569999999894e+03 9.030530740401570164e-06 9.120286746884297889e-06
1.099995359999999891e+03 9.370212160727332522e-06 9.421504238200503544e-06
1.100681149999999889e+03 9.416619092352377550e-06 9.722721729516709200e-06
1.101366819999999962e+03 9.463017903661011918e-06 1.002388651359172659e-05
1.102052490000000034e+03 9.903539852794950862e-06 1.032505129766674398e-05
1.102738160000000107e+03 1.037113232458914323e-05 1.062621608174175967e-05
1.103423829999999953e+03 1.083284056860411878e-05 1.092738086581667711e-05
1.104109500000000025e+03 1.128545726866811692e-05 1.120424808727787325e-05
1.104795170000000098e+03 1.173807396873211675e-05 1.142462741762105270e-05
1.105480710000000045e+03 1.160349186788795246e-05 1.164496496501766505e-05
1.106166259999999966e+03 1.136521478923126055e-05 1.186530572648707904e-05
1.106851809999999887e+03 1.151093670679886741e-05 1.208564648795649303e-05
1.107537350000000060e+03 1.252497568642855255e-05 1.230598403535317823e-05
1.108222899999999981e+03 1.353902945788590574e-05 1.252632479682259222e-05
1.108908449999999903e+03 1.328258897733581112e-05 1.274666555829200621e-05
1.109593869999999924e+03 1.263241081315005412e-05 1.296696453681492765e-05
1.110279299999999921e+03 1.225345635296864796e-05 1.318726672941064903e-05
1.110964719999999943e+03 1.283842179681214160e-05 1.340756570793356877e-05
1.111650149999999940e+03 1.342339577506435302e-05 1.362786790052929016e-05
1.112335569999999962e+03 1.391483490888556379e-05 1.382966891183908556e-05
1.113020999999999958e+03 1.436142794578971453e-05 1.398116173185377221e-05
1.113706300000000056e+03 1.471516915782586303e-05 1.413262581944270152e-05
1.114391599999999926e+03 1.445886263889125904e-05 1.428408990703158171e-05
1.115076900000000023e+03 1.420255611995656864e-05 1.443555399462051272e-05
1.115762210000000096e+03 1.446779578643579714e-05 1.458702029239603510e-05
1.116447509999999966e+03 1.509820884083987172e-05 1.473848437998491528e-05
1.117132689999999911e+03 1.568748342596202577e-05 1.488992194533463120e-05
1.117817990000000009e+03 1.537775757373396475e-05 1.504138603292356051e-05
1.118503169999999955e+03 1.506808595629696814e-05 1.519282359827327643e-05
1.119188349999999900e+03 1.506583078911666398e-05 1.534426116362299234e-05
1.119873540000000048e+03 1.537199145136527022e-05 1.549570093915935215e-05
1.120558590000000095e+03 1.567808955798296564e-05 1.560079404178015935e-05
1.121243770000000040e+03 1.596361222647984249e-05 1.555295688630048799e-05
1.121928830000000062e+03 1.624810293791878625e-05 1.550512810885090463e-05
1.122613890000000083e+03 1.626252797259953667e-05 1.545729933140131787e-05
1.123298950000000104e+03 1.588805332066396927e-05 1.540947055395173451e-05
1.123984009999999898e+03 1.551357866872852385e-05 1.536164177650216469e-05
1.124669069999999920e+03 1.563632149651750892e-05 1.531381299905258133e-05
1.125354000000000042e+03 1.583667035504292473e-05 1.526599329780225261e-05
1.126039060000000063e+03 1.601143972648981547e-05 1.521816452035266755e-05
1.126723999999999933e+03 1.613166763172720411e-05 1.517034412093318403e-05
1.127408940000000030e+03 1.625189553696463341e-05 1.512252372151368527e-05
1.128093869999999924e+03 1.567188311974431083e-05 1.507470402026337349e-05
1.128778690000000097e+03 1.488818165264827324e-05 1.501866684945014656e-05
1.129463619999999992e+03 1.441194920403101687e-05 1.492794616720933754e-05
1.130148439999999937e+03 1.497012554983770994e-05 1.483724005474214553e-05
1.130833249999999907e+03 1.552829374494284022e-05 1.474653526679982271e-05
1.131518070000000080e+03 1.532836204270101782e-05 1.465582915433259852e-05
1.132202880000000050e+03 1.477726423993360007e-05 1.456512436639027740e-05
1.132887699999999995e+03 1.434362952166715875e-05 1.447441825392308369e-05
1.133572390000000041e+03 1.464607454746274293e-05 1.438372936027924878e-05
1.134257080000000087e+03 1.494851957325832542e-05 1.429304046663541217e-05
1.134941769999999906e+03 1.478474707098482482e-05 1.420235157299160606e-05
1.135626459999999952e+03 1.429929788167487591e-05 1.411166267934777115e-05
1.136311159999999973e+03 1.384214913463844318e-05 1.402097246117906366e-05
1.136995850000000019e+03 1.397686521233165191e-05 1.393842115080415963e-05
1.137680419999999913e+03 1.411155767944292626e-05 1.390320906578226319e-05
1.138364990000000034e+03 1.422115388192673726e-05 1.386799698076035319e-05
1.139049559999999929e+03 1.430558210470316882e-05 1.383278489573845676e-05
1.139734130000000050e+03 1.439001032747962918e-05 1.379757281071654676e-05
1.140418699999999944e+03 1.400677256039528473e-05 1.376236072569465033e-05
1.141103149999999914e+03 1.360041026760239239e-05 1.372715481308784487e-05
1.141787720000000036e+03 1.333986686725224996e-05 1.369194272806593657e-05
1.142472170000000006e+03 1.329275239852263832e-05 1.365673681545913111e-05
1.143156619999999975e+03 1.324563792979302668e-05 1.362153090285232734e-05
1.143841059999999970e+03 1.331287360019930007e-05 1.358632550461344500e-05
1.144525509999999940e+03 1.339886352694665057e-05 1.355111959200664124e-05
1.145209839999999986e+03 1.353888844643275750e-05 1.352688328242231724e-05
1.145894289999999955e+03 1.379805431970105960e-05 1.360468564542846640e-05
1.146578610000000026e+03 1.405717096868198053e-05 1.368247323115770129e-05
1.147262940000000071e+03 1.441299225564942807e-05 1.376026195360054354e-05
1.147947269999999889e+03 1.479847806161022773e-05 1.383805067604336039e-05
1.148631470000000036e+03 1.498747510654640590e-05 1.391582462120929007e-05
1.149315800000000081e+03 1.447041205577849081e-05 1.399361334365213232e-05
1.150000000000000000e+03 1.395344722983875257e-05 1.407138728881803490e-05
1.150684199999999919e+03 1.392822727272169213e-05 1.414916123398393917e-05
1.151368410000000040e+03 1.414489300603773545e-05 1.422693631586347451e-05
1.152052609999999959e+03 1.434231240408052614e-05 1.430471026102937878e-05
1.152736820000000080e+03 1.440197398285395171e-05 1.438248534290891413e-05
1.153420900000000074e+03 1.446162422591867907e-05 1.445713806452038829e-05
1.154104980000000069e+03 1.464282445187713786e-05 1.446266104632188859e-05
1.154789060000000063e+03 1.491401658717758637e-05 1.446818402812338719e-05
1.155473140000000058e+03 1.518491661795322685e-05 1.447370700992488748e-05
1.156157230000000027e+03 1.544512358490043641e-05 1.447923007246229198e-05
1.156841310000000021e+03 1.570532674815271776e-05 1.448475305426379228e-05
1.157525270000000091e+03 1.561212168694839917e-05 1.449027506723443021e-05
1.158209229999999934e+03 1.513379285504045840e-05 1.449579708020506644e-05
1.158893190000000004e+03 1.465546402313236007e-05 1.450131909317570437e-05
1.159577150000000074e+03 1.449682475027885261e-05 1.450684110614634230e-05
1.160261109999999917e+03 1.436223345467227133e-05 1.451236311911697854e-05
1.160945069999999987e+03 1.434548535986843838e-05 1.451788513208761647e-05
1.161628909999999905e+03 1.451969012749284141e-05 1.452340617622739034e-05
1.162312740000000076e+03 1.469389234766808656e-05 1.438251639113857353e-05
1.162996579999999994e+03 1.447497973447733088e-05 1.423932048488256975e-05
1.163680419999999913e+03 1.417720460204673244e-05 1.409612457862656766e-05
1.164364260000000058e+03 1.394004392090572430e-05 1.395292867237051645e-05
1.165047970000000078e+03 1.385570995151503707e-05 1.380975998807842130e-05
1.165731809999999996e+03 1.377135994693982387e-05 1.366656408182241921e-05
1.166415529999999990e+03 1.351059476126466881e-05 1.352339330353310384e-05
1.167099240000000009e+03 1.318618044775382795e-05 1.338022461924100869e-05
1.167782840000000078e+03 1.290992000301319220e-05 1.323707896891838172e-05
1.168466550000000097e+03 1.284480177321536131e-05 1.309391028462628657e-05
1.169150270000000091e+03 1.277968259099282380e-05 1.295073950633697289e-05
1.169833859999999959e+03 1.279293242793285766e-05 1.280759595001161358e-05
1.170517460000000028e+03 1.285098030421389360e-05 1.275226440774145370e-05
1.171201049999999896e+03 1.288674402484225339e-05 1.270441646415996077e-05
1.171884639999999990e+03 1.268750152631050608e-05 1.265656852057845259e-05
1.172568119999999908e+03 1.248829108891902419e-05 1.260872827645685797e-05
1.173251710000000003e+03 1.243894899126180092e-05 1.256088033287534810e-05
1.173935179999999946e+03 1.251894571299299316e-05 1.251304078870465225e-05
1.174618649999999889e+03 1.259894243472418370e-05 1.246520124453395640e-05
1.175302120000000059e+03 1.247500424779958962e-05 1.241736170036324361e-05
1.175985599999999977e+03 1.234833204661842256e-05 1.236952145624164899e-05
1.176668949999999995e+03 1.226723834216086724e-05 1.232169031148174853e-05
1.177352419999999938e+03 1.224488475137850061e-05 1.227385076731105098e-05
1.178035769999999957e+03 1.222253508531981040e-05 1.222601962255115052e-05
1.178719119999999975e+03 1.219775049127167438e-05 1.214711122506931999e-05
1.179402469999999994e+03 1.217265437157067756e-05 1.206288789241311562e-05
1.180085690000000113e+03 1.219277478095351172e-05 1.197868058234158663e-05
1.180769039999999904e+03 1.230216285300053825e-05 1.189445724968541105e-05
1.181452269999999999e+03 1.241153171590347800e-05 1.181024870710737052e-05
1.182135500000000093e+03 1.213725205071623343e-05 1.172604016452933000e-05
1.182818729999999960e+03 1.175815850912063409e-05 1.164183162195131658e-05
1.183501950000000079e+03 1.143820147766657277e-05 1.155762431187978759e-05
1.184185179999999946e+03 1.131117468219867716e-05 1.147341576930177417e-05
1.184868289999999888e+03 1.118417019724912318e-05 1.138922201680192460e-05
1.185551390000000083e+03 1.116517210447765276e-05 1.130502949680855777e-05
1.186234500000000025e+03 1.119613924741288876e-05 1.122083574430870821e-05
1.186917599999999993e+03 1.124669843215071391e-05 1.112609430229552890e-05
1.187600709999999935e+03 1.142543296504130128e-05 1.102840593837642937e-05
1.188283809999999903e+03 1.160416488144944053e-05 1.093071900451052044e-05
1.188966799999999921e+03 1.131290506930161001e-05 1.083304780122977076e-05
1.189649779999999964e+03 1.068305426294090087e-05 1.073537802800221168e-05
1.190332760000000007e+03 1.007590641303118588e-05 1.063770825477465430e-05
1.191015750000000025e+03 1.020680779037694230e-05 1.054003705149390293e-05
1.191698730000000069e+03 1.033770725112981910e-05 1.044236727826634385e-05
1.192381589999999960e+03 1.047252327665036571e-05 1.034471466567716851e-05
1.193064579999999978e+03 1.061166472662085792e-05 1.024704346239641714e-05
1.193747440000000097e+03 1.075077969247228362e-05 1.014939084980720792e-05
1.194430299999999988e+03 1.021604977464424863e-05 1.005173823721803257e-05
1.195113160000000107e+03 9.627889388658919436e-06 9.989863833879634658e-06
1.195795900000000074e+03 9.366937676489840774e-06 9.942957411453276251e-06
1.196478759999999966e+03 9.652613197914222180e-06 9.896042744642984232e-06
1.197161499999999933e+03 9.938238517155797999e-06 9.849136322216625825e-06
1.197844239999999900e+03 9.985456101234058330e-06 9.802229899790267418e-06
1.198526980000000094e+03 9.981146254167312196e-06 9.755323477363893764e-06
1.199209720000000061e+03 9.823030582030027307e-06 9.708417054937535357e-06
1.199892329999999902e+03 9.249146607213627077e-06 9.661519563927120418e-06
1.200575070000000096e+03 8.675153338778717518e-06 9.614613141500746765e-06
1.201257689999999911e+03 8.791240036045509985e-06 9.567714963458338911e-06
1.201940309999999954e+03 9.179058096248780732e-06 9.520816785415915810e-06
1.202622920000000022e+03 9.477451809945968398e-06 9.473919294405485625e-06
1.203305540000000065e+03 9.322324585864659083e-06 9.389584114541858447e-06
1.203988039999999955e+03 9.167224632104925010e-06 9.282697630051532802e-06
1.204670650000000023e+03 9.094297804793078201e-06 9.175793918435473670e-06
1.205353149999999914e+03 9.073538023364869607e-06 9.068907433945149718e-06
1.206035640000000058e+03 9.036900843459845316e-06 8.962022515557121899e-06
1.206718139999999948e+03 8.746284263435292558e-06 8.855136031066796254e-06
1.207400509999999940e+03 8.455723038949750222e-06 8.748269905906833630e-06
1.208083010000000058e+03 8.294971024286421774e-06 8.641383421416474103e-06
1.208765380000000050e+03 8.261287037918708332e-06 8.534517296256511479e-06
1.209447750000000042e+03 8.227603051550996585e-06 8.427651171096548854e-06
1.210130130000000008e+03 8.186839045807183630e-06 8.320783479834254523e-06
1.210812500000000000e+03 8.145721891398852247e-06 8.213917354674293592e-06
1.211494750000000067e+03 8.239322562689981537e-06 8.153622517798377259e-06
1.212177120000000059e+03 8.536190850971935745e-06 8.133301154006524134e-06
1.212859380000000101e+03 8.833011283234874954e-06 8.112983066076764329e-06
1.213541629999999941e+03 8.743328206215391835e-06 8.092665275952655378e-06
1.214223880000000008e+03 8.582781248994687695e-06 8.072347485828537957e-06
1.214906009999999924e+03 8.475497193035646409e-06 8.052033269372166403e-06
1.215588259999999991e+03 8.497815572181748210e-06 8.031715479248050676e-06
1.216270389999999907e+03 8.520130025779299037e-06 8.011401262791677428e-06
1.216952510000000075e+03 8.626691425004356765e-06 7.991087344140941482e-06
1.217634639999999990e+03 8.763328090553957491e-06 7.970773127684569929e-06
1.218316769999999906e+03 8.778288394693366264e-06 7.950458911228196681e-06
1.218998900000000049e+03 8.248968131589796496e-06 7.930144694771816658e-06
1.219680910000000040e+03 7.719740986266785933e-06 7.886473094485113369e-06
1.220363039999999955e+03 7.580811838926641625e-06 7.813942135435450226e-06
1.221045039999999972e+03 7.672805381527540142e-06 7.741424999300288275e-06
1.221727049999999963e+03 7.746136525141156007e-06 7.668906799864013584e-06
1.222408940000000030e+03 7.585674283060941535e-06 7.596401360041125651e-06
1.223090940000000046e+03 7.425186155798923528e-06 7.523884223905963700e-06
1.223772830000000113e+03 7.465000942945613949e-06 7.451378784083076614e-06
1.224454709999999977e+03 7.690443313528529906e-06 7.378874407561327679e-06
1.225136600000000044e+03 7.915888990299851325e-06 7.306368967738440593e-06
1.225818479999999909e+03 7.517635632516078017e-06 7.233864591216690810e-06
1.226500369999999975e+03 7.096099184803032258e-06 7.161359151393803724e-06
1.227182129999999916e+03 6.931017986697730712e-06 7.088867534485442394e-06
1.227864010000000007e+03 7.136499314052018026e-06 7.039844816296741759e-06
1.228545779999999922e+03 7.341947493424190051e-06 7.033989674340257726e-06
1.229227540000000090e+03 7.389038144050513855e-06 7.028134618265254824e-06
1.229909180000000106e+03 7.408992161628989266e-06 7.022280592768066173e-06
1.230590940000000046e+03 7.362094617211883229e-06 7.016425536693065812e-06
1.231272580000000062e+03 7.157830754120491986e-06 7.010571511195876314e-06
1.231954349999999977e+03 6.953527934538604857e-06 7.004716369239392280e-06
1.232635989999999993e+03 6.912044362598168573e-06 6.998862343742202781e-06
1.233317630000000008e+03 6.926912061970366170e-06 6.993008318245014129e-06
1.233999150000000100e+03 6.939365439282037082e-06 6.987155323325636338e-06
1.234680789999999888e+03 6.941321852595398096e-06 6.981301297828448534e-06
1.235362300000000005e+03 6.943277892788446997e-06 6.975448388790555264e-06
1.236043820000000096e+03 6.984970398778631244e-06 6.983313015949728922e-06
1.236725339999999960e+03 7.049916437015442529e-06 7.031807922947884818e-06
1.237406860000000052e+03 7.113895292663392025e-06 7.080302829946055960e-06
1.238088379999999916e+03 7.165923079569211056e-06 7.128797736944211008e-06
1.238769780000000083e+03 7.217941705578192257e-06 7.177284105104437600e-06
1.239451170000000047e+03 7.150750507322561512e-06 7.225769761694820515e-06
1.240132569999999987e+03 6.972754634865420279e-06 7.274256129855031013e-06
1.240813959999999952e+03 6.794761374616556558e-06 7.322741786445414775e-06
1.241495359999999891e+03 7.032227255755400566e-06 7.371228154605625273e-06
1.242176760000000058e+03 7.286098082103028885e-06 7.419714522765851864e-06
1.242858030000000099e+03 7.460153142066573207e-06 7.468191640518289382e-06
1.243539309999999887e+03 7.517254240922030123e-06 7.516669469840539236e-06
1.244220579999999927e+03 7.574354501633149373e-06 7.589561431640366752e-06
1.244901859999999942e+03 7.765206333448834071e-06 7.803142226125797475e-06
1.245583129999999983e+03 7.979918957752974682e-06 8.016719885618363561e-06
1.246264280000000099e+03 8.273481631635483537e-06 8.230259925196470986e-06
1.246945429999999988e+03 8.758714353347776024e-06 8.443799964774507261e-06
1.247626590000000078e+03 9.243954198788050663e-06 8.657343139345481865e-06
1.248307739999999967e+03 9.490693075354273233e-06 8.870883178923518139e-06
1.248988890000000083e+03 9.651026113975236226e-06 9.084423218501625565e-06
1.249670039999999972e+03 9.774423085556287782e-06 9.297963258079661839e-06
1.250351069999999936e+03 9.725940660560506294e-06 9.511465677743239454e-06
1.251032099999999900e+03 9.677458235564726500e-06 9.724968097406818762e-06
1.251713130000000092e+03 9.849099134637959697e-06 9.938470517070467527e-06
1.252394170000000031e+03 1.015607169718787888e-05 1.015036455632411463e-05
1.253075199999999995e+03 1.046284175466643670e-05 1.032214089763678946e-05
1.253756100000000060e+03 1.076655960918957941e-05 1.049388444902192401e-05
1.254437130000000025e+03 1.107033545067271290e-05 1.066566079033459884e-05
1.255118040000000065e+03 1.123242676292342315e-05 1.083740686402184848e-05
1.255798950000000104e+03 1.125510161951855704e-05 1.100915293770909643e-05
1.256479739999999993e+03 1.127777248001612153e-05 1.118086874377085989e-05
1.257160640000000058e+03 1.154560844118921833e-05 1.135261229515599443e-05
1.257841429999999946e+03 1.182743068962645147e-05 1.152432810121775958e-05
1.258522220000000061e+03 1.201757621726026395e-05 1.169604390727958064e-05
1.259202999999999975e+03 1.206291409462960026e-05 1.186775719103923069e-05
1.259883790000000090e+03 1.210825263796853369e-05 1.203947299710105175e-05
1.260564579999999978e+03 1.221517684478068721e-05 1.221118880316281690e-05
1.261245239999999967e+03 1.233477071986086269e-05 1.225843159743111730e-05
1.261926030000000083e+03 1.247957362914771224e-05 1.229553374435899614e-05
1.262606690000000071e+03 1.269217006151288600e-05 1.233262880646027006e-05
1.263287350000000060e+03 1.290476649387806145e-05 1.236972386856154398e-05
1.263968020000000024e+03 1.296794786142144023e-05 1.240681947564947773e-05
1.264648560000000089e+03 1.297068318669987279e-05 1.244390799791081673e-05
1.265329220000000078e+03 1.294115866503065175e-05 1.248100306001209066e-05
1.266009769999999889e+03 1.273328545934144195e-05 1.251809212726007763e-05
1.266690309999999954e+03 1.252541530814051982e-05 1.255518064952141833e-05
1.267370850000000019e+03 1.248904273530908306e-05 1.259226917178275733e-05
1.268051269999999931e+03 1.256992161744581090e-05 1.262935115420415124e-05
1.268731809999999996e+03 1.265263688096177854e-05 1.266643967646549194e-05
1.269412229999999909e+03 1.278587214090684025e-05 1.270248949661330516e-05
1.270092650000000049e+03 1.291910740085194601e-05 1.273829059505201328e-05
1.270773069999999962e+03 1.287383959817095937e-05 1.277409169349070954e-05
1.271453490000000102e+03 1.263161065041258021e-05 1.280989279192941766e-05
1.272133910000000014e+03 1.238938170265428237e-05 1.284569389036811391e-05
1.272814210000000003e+03 1.258151794084692285e-05 1.288148867486569862e-05
1.273494509999999991e+03 1.281356423655964302e-05 1.291728345936328503e-05
1.274174800000000005e+03 1.291780566894771470e-05 1.295307771769911397e-05
1.274855099999999993e+03 1.279085321086858581e-05 1.298887250219669868e-05
1.275535399999999981e+03 1.266390075278945522e-05 1.302466728669428508e-05
1.276215580000000045e+03 1.281613493405083456e-05 1.306045575725076162e-05
1.276895870000000059e+03 1.303997428249253968e-05 1.309625001558658887e-05
1.277576049999999896e+03 1.319589335699539774e-05 1.302787888902520621e-05
1.278256229999999960e+03 1.313183351348038554e-05 1.291100664353875042e-05
1.278936279999999897e+03 1.306778591345925077e-05 1.279415673536289995e-05
1.279616459999999961e+03 1.285542026974476254e-05 1.267728448987644416e-05
1.280296509999999898e+03 1.257187260213672573e-05 1.256043458170059369e-05
1.280976560000000063e+03 1.233144015486915742e-05 1.244358467352470594e-05
1.281656739999999900e+03 1.242205504467797027e-05 1.232671242803828742e-05
1.282336669999999913e+03 1.251263662900523980e-05 1.220988313891834996e-05
1.283016720000000078e+03 1.231522032199634598e-05 1.209303323074246052e-05
1.283696779999999990e+03 1.188637746114366156e-05 1.197618160431195331e-05
1.284376710000000003e+03 1.145761657772218505e-05 1.185935231519201585e-05
1.285056640000000016e+03 1.160479979133893179e-05 1.174252302607207669e-05
1.285736570000000029e+03 1.175551937156525092e-05 1.164961374649020244e-05
1.286416500000000042e+03 1.177474697123756937e-05 1.157597410056072678e-05
1.287096309999999903e+03 1.162171161339637387e-05 1.150234745120078518e-05
1.287776249999999891e+03 1.146864699061859258e-05 1.142870672222385300e-05
1.288456050000000005e+03 1.116281227536531751e-05 1.135508115591134420e-05
1.289135860000000093e+03 1.083446595163666473e-05 1.128145450655137720e-05
1.289815669999999955e+03 1.060812114194058737e-05 1.120782785719143560e-05
1.290495359999999891e+03 1.060851149671332915e-05 1.113421420440100267e-05
1.291175169999999980e+03 1.060890192040362598e-05 1.106058755504103567e-05
1.291854859999999917e+03 1.071539562327175256e-05 1.098697390225060274e-05
1.292534550000000081e+03 1.085749472268552318e-05 1.091336024946014440e-05
1.293214230000000043e+03 1.092361881805077728e-05 1.083974767971716798e-05
1.293893919999999980e+03 1.065973899152522424e-05 1.074574460316996097e-05
1.294573489999999993e+03 1.039590575326662043e-05 1.062367713148636439e-05
1.295253169999999955e+03 1.036802523313083783e-05 1.050158990109964757e-05
1.295932739999999967e+03 1.048161434369905268e-05 1.037952242941604929e-05
1.296612300000000005e+03 1.055729154883754275e-05 1.025745675397818645e-05
1.297291870000000017e+03 1.007294680254924570e-05 1.013538928229458986e-05
1.297971309999999903e+03 9.588694710170153528e-06 1.001334516180562166e-05
1.298650879999999916e+03 9.197595789978184680e-06 9.891277690122023380e-06
1.299330320000000029e+03 8.899432630925090284e-06 9.769233569633014515e-06
1.300009769999999889e+03 8.601265083505816520e-06 9.647187652898312569e-06
1.300689210000000003e+03 8.843096466735944337e-06 9.525143532409303704e-06
1.301368649999999889e+03 9.120165839324080530e-06 9.403099411920335496e-06
1.302047970000000078e+03 9.386634037742423278e-06 9.292217852472915129e-06
1.302727290000000039e+03 9.635597172436138140e-06 9.209633247090050502e-06
1.303406739999999900e+03 9.884607950666750054e-06 9.127032837669779052e-06
1.304085939999999937e+03 9.449192729912040480e-06 9.044462820629138583e-06
1.304765259999999898e+03 8.856915230730264628e-06 8.961878215246273956e-06
1.305444580000000087e+03 8.345166907964268738e-06 8.879293609863382223e-06
1.306123779999999897e+03 8.074418033940882313e-06 8.796723592822768860e-06
1.306802979999999934e+03 7.803669159917404408e-06 8.714153575782128392e-06
1.307482299999999896e+03 7.942154149986330446e-06 8.631568970399263764e-06
1.308161380000000008e+03 8.266706105274014733e-06 8.549013541700847455e-06
1.308840580000000045e+03 8.536609569923345552e-06 8.466443524660206986e-06
1.309519780000000083e+03 8.420741535939234296e-06 8.383873507619566518e-06
1.310198849999999993e+03 8.304895679287916651e-06 8.299155263395019020e-06
1.310877930000000106e+03 8.316996895771471270e-06 8.201090254076283509e-06
1.311557009999999991e+03 8.429357561149280058e-06 8.103025244757581879e-06
1.312236079999999902e+03 8.541716571925789191e-06 8.004961679525129958e-06
1.312915040000000090e+03 8.068968353954164858e-06 7.906913999241429921e-06
1.313594119999999975e+03 7.594656447820815142e-06 7.808848989922728291e-06
1.314273069999999962e+03 7.345274389610747979e-06 7.710802753725310151e-06
1.314952029999999922e+03 7.389739508584870649e-06 7.612755073441641454e-06
1.315630979999999909e+03 7.434203972658573536e-06 7.514708837244223314e-06
1.316309809999999970e+03 7.470182381013369146e-06 7.416679930081839802e-06
1.316988769999999931e+03 7.504896377405451606e-06 7.318632249798171952e-06
1.317667599999999993e+03 7.434407090297007461e-06 7.220603342635787593e-06
1.318346440000000030e+03 7.124787885528012334e-06 7.122572991387153524e-06
1.319025270000000091e+03 6.815173241763140485e-06 7.057971414656110745e-06
1.319704099999999926e+03 6.706101071542554477e-06 6.993652491034242349e-06
1.320382810000000063e+03 6.667110943065701456e-06 6.929344937373653064e-06
1.321061519999999973e+03 6.640228914278650156e-06 6.865037383713085802e-06
1.321740360000000010e+03 6.669871245123717697e-06 6.800717512594423112e-06
1.322419069999999920e+03 6.699507899368977653e-06 6.736409958933855850e-06
1.323097659999999905e+03 6.661836361037999993e-06 6.672113775234589722e-06
1.323776370000000043e+03 6.581511063433883742e-06 6.607806221574000437e-06
1.324454960000000028e+03 6.500923266454648531e-06 6.543510037874734309e-06
1.325133669999999938e+03 6.414749039462875004e-06 6.479202484214166200e-06
1.325812259999999924e+03 6.328590048591436694e-06 6.414906300514900072e-06
1.326490720000000010e+03 6.331384381907531478e-06 6.350622434273707348e-06
1.327169309999999996e+03 6.429635913557004173e-06 6.284050796433538913e-06
1.327847899999999981e+03 6.527887445206477714e-06 6.217041595542643345e-06
1.328526370000000043e+03 6.225646448492202466e-06 6.150044244375589200e-06
1.329204829999999902e+03 5.887360517032510376e-06 6.083047880685542805e-06
1.329883299999999963e+03 5.688421199831280636e-06 6.016050529518489508e-06
1.330561770000000024e+03 5.746508168331577760e-06 5.949053178351435364e-06
1.331240109999999959e+03 5.804584006927955174e-06 5.882068664385230392e-06
1.331918580000000020e+03 5.611633868879646488e-06 5.815071313218177095e-06
1.332596919999999955e+03 5.350487480560331101e-06 5.748086799251972123e-06
1.333275270000000091e+03 5.180218303473774306e-06 5.681101297808760249e-06
1.333953610000000026e+03 5.330659252668432288e-06 5.614116783842556125e-06
1.334631840000000011e+03 5.481075806273262605e-06 5.547143132123208545e-06
1.335310179999999946e+03 5.619527260693987158e-06 5.489885967808938668e-06
1.335988399999999956e+03 5.751636163247004246e-06 5.437193691121010826e-06
1.336666629999999941e+03 5.844973368641101346e-06 5.384500637512960984e-06
1.337344849999999951e+03 5.541027301432100951e-06 5.331808360825033142e-06
1.338022950000000037e+03 5.237135012536983910e-06 5.279125407178594712e-06
1.338701170000000047e+03 5.020728631912015882e-06 5.226433130490666871e-06
1.339379269999999906e+03 4.884347576917655775e-06 5.173750176844246228e-06
1.340057369999999992e+03 4.747966521923250776e-06 5.121067223197806951e-06
1.340735470000000078e+03 4.699525102946364781e-06 5.068384269551368521e-06
1.341413569999999936e+03 4.655106960776649971e-06 5.015701315904947878e-06
1.342091550000000097e+03 4.680976163212529655e-06 4.963027685299998012e-06
1.342769649999999956e+03 4.816967558049762394e-06 4.910344731653576523e-06
1.343447629999999890e+03 4.952934887163104314e-06 4.858114198166191423e-06
1.344125610000000052e+03 5.082489481819386958e-06 4.806295467362789941e-06
1.344803589999999986e+03 5.210664986914773324e-06 4.754476736559406247e-06
1.345481449999999995e+03 5.273880445768106973e-06 4.702667177483348061e-06
1.346159419999999955e+03 5.148433929404477989e-06 4.650849210990572850e-06
1.346837279999999964e+03 5.023007766621087359e-06 4.599039651914513817e-06
1.347515139999999974e+03 5.075792437255362808e-06 4.547230092838455631e-06
1.348192990000000009e+03 5.209016424772648087e-06 4.495421298073006775e-06
1.348870850000000019e+03 5.293800198615250970e-06 4.443611738996948590e-06
1.349548579999999902e+03 5.029736241970794581e-06 4.391812115958843029e-06
1.350226319999999987e+03 4.765668389026011915e-06 4.340011728610110352e-06
1.350904170000000022e+03 4.455551460301850202e-06 4.288202933844661496e-06
1.351581789999999955e+03 4.108585682136187101e-06 4.255444609662286046e-06
1.352259520000000066e+03 3.761563580019547970e-06 4.257951291894644834e-06
1.352937259999999924e+03 4.470369832097081251e-06 4.260458011113445194e-06
1.353614870000000110e+03 5.193107184385527153e-06 4.262964249508483095e-06
1.354292480000000069e+03 5.370185191153170681e-06 4.265470487903519303e-06
1.354970090000000027e+03 4.790708559446952137e-06 4.267976726298555511e-06
1.355647709999999961e+03 4.211223375968618809e-06 4.270483001680035831e-06
1.356325319999999920e+03 4.298024285675625747e-06 4.272989240075072039e-06
1.357002809999999954e+03 4.501258168330107671e-06 4.275495034632787360e-06
1.357680299999999988e+03 4.614722764763975477e-06 4.278000829190502681e-06
1.358357790000000023e+03 4.500623028782604070e-06 4.280506623748218003e-06
1.359035280000000057e+03 4.386523292801231815e-06 4.283012418305933324e-06
1.359712770000000091e+03 4.262698149197130643e-06 4.288002753342691316e-06
1.360390139999999974e+03 4.135018252049559835e-06 4.304477648448242483e-06
1.361067630000000008e+03 4.073916993674228265e-06 4.320955462176429568e-06
1.361744999999999891e+03 4.401360275176396211e-06 4.337430357281980736e-06
1.362422360000000026e+03 4.728798722639956012e-06 4.353905009168985404e-06
1.363099609999999984e+03 4.917606928047278706e-06 4.370376985651905737e-06
1.363776980000000094e+03 5.005198367942693101e-06 4.386851880757461987e-06
1.364454220000000078e+03 5.087041814326323696e-06 4.403323614021829891e-06
1.365131470000000036e+03 4.525309413621186702e-06 4.419795590504750224e-06
1.365808719999999994e+03 3.963577012916049708e-06 4.436267566987670557e-06
1.366485959999999977e+03 3.799881020683500535e-06 4.452739300252039308e-06
1.367163209999999935e+03 4.142813469443390416e-06 4.469211276734959641e-06
1.367840329999999994e+03 4.485680091376696710e-06 4.485680091376696710e-06
