9.306945799999999736e+02 0.000000000000000000e+00 1.670515000000000021e-03
9.313851899999999659e+02 0.000000000000000000e+00 1.741666999999999911e-03
9.320757399999999961e+02 0.000000000000000000e+00 1.813333000000000089e-03
9.327663000000000011e+02 0.000000000000000000e+00 1.751310000000000063e-03
9.334568500000000313e+02 0.000000000000000000e+00 1.656748999999999895e-03
9.341473999999999478e+02 0.000000000000000000e+00 1.981772000000000134e-03
9.348378900000000158e+02 0.000000000000000000e+00 2.225384999999999863e-03
9.355283799999999701e+02 0.000000000000000000e+00 2.215472999999999922e-03
9.362188700000000381e+02 0.000000000000000000e+00 2.107164999999999819e-03
9.369093000000000302e+02 0.000000000000000000e+00 2.042575000000000033e-03
9.375997300000000223e+02 0.000000000000000000e+00 2.182751000000000136e-03
9.382901600000000144e+02 0.000000000000000000e+00 2.144196000000000123e-03
9.389805300000000443e+02 0.000000000000000000e+00 2.093158999999999818e-03
9.396708999999999605e+02 0.000000000000000000e+00 2.005591000000000144e-03
9.403612699999999904e+02 0.000000000000000000e+00 2.007907000000000181e-03
9.410515699999999697e+02 0.000000000000000000e+00 1.810509000000000077e-03
9.417418800000000374e+02 0.000000000000000000e+00 1.792476000000000095e-03
9.424321899999999914e+02 0.000000000000000000e+00 1.733165999999999960e-03
9.431224999999999454e+02 0.000000000000000000e+00 1.833793000000000012e-03
9.438127399999999625e+02 0.000000000000000000e+00 1.799332999999999965e-03
9.445029899999999543e+02 0.000000000000000000e+00 1.707408000000000103e-03
9.451931799999999839e+02 0.000000000000000000e+00 1.561171999999999994e-03
9.458833600000000388e+02 0.000000000000000000e+00 1.523653999999999937e-03
9.465735499999999547e+02 0.000000000000000000e+00 1.473796999999999998e-03
9.472637300000000096e+02 0.000000000000000000e+00 1.448618999999999948e-03
9.479538599999999633e+02 0.000000000000000000e+00 1.484882999999999993e-03
9.486439800000000560e+02 0.000000000000000000e+00 1.542296999999999982e-03
9.493341100000000097e+02 0.000000000000000000e+00 1.499518000000000031e-03
9.500241700000000264e+02 0.000000000000000000e+00 1.516100999999999950e-03
9.507142300000000432e+02 0.000000000000000000e+00 1.630975000000000003e-03
9.514043000000000347e+02 0.000000000000000000e+00 1.782292999999999898e-03
9.520943600000000515e+02 0.000000000000000000e+00 1.843624000000000087e-03
9.527843599999999924e+02 0.000000000000000000e+00 1.891866999999999984e-03
9.534743700000000217e+02 0.000000000000000000e+00 1.840309999999999949e-03
9.541643100000000004e+02 0.000000000000000000e+00 1.861210000000000078e-03
9.548542499999999791e+02 0.000000000000000000e+00 1.876117000000000062e-03
9.555441899999999578e+02 0.000000000000000000e+00 1.865981000000000063e-03
9.562341300000000501e+02 0.000000000000000000e+00 1.936027000000000104e-03
9.569240099999999529e+02 0.000000000000000000e+00 1.919057000000000054e-03
9.576138899999999694e+02 0.000000000000000000e+00 1.976607999999999924e-03
9.583037699999999859e+02 0.000000000000000000e+00 2.025223000000000041e-03
9.589935900000000402e+02 0.000000000000000000e+00 2.092763000000000088e-03
9.596834099999999808e+02 0.000000000000000000e+00 2.313880999999999837e-03
9.603731699999999591e+02 0.000000000000000000e+00 2.476069000000000013e-03
9.610629900000000134e+02 0.000000000000000000e+00 2.594430999999999907e-03
9.617527499999999918e+02 0.000000000000000000e+00 2.639102999999999848e-03
9.624424999999999955e+02 0.000000000000000000e+00 2.699516999999999802e-03
9.631322000000000116e+02 0.000000000000000000e+00 2.810692000000000051e-03
9.638219000000000278e+02 0.000000000000000000e+00 2.927842999999999852e-03
9.645116000000000440e+02 0.000000000000000000e+00 3.084659000000000012e-03
9.652012300000000096e+02 0.000000000000000000e+00 3.223109999999999951e-03
9.658908699999999499e+02 0.000000000000000000e+00 3.183685999999999808e-03
9.665805100000000039e+02 0.000000000000000000e+00 3.246737999999999881e-03
9.672701399999999694e+02 0.000000000000000000e+00 3.228653000000000165e-03
9.679597199999999475e+02 0.000000000000000000e+00 3.354829000000000144e-03
9.686492899999999509e+02 0.000000000000000000e+00 3.317048999999999866e-03
9.693388700000000426e+02 0.000000000000000000e+00 3.403765999999999910e-03
9.700283799999999701e+02 0.000000000000000000e+00 3.504919000000000003e-03
9.707178999999999860e+02 0.000000000000000000e+00 3.723283999999999882e-03
9.714073499999999513e+02 0.000000000000000000e+00 3.636626999999999915e-03
9.720968599999999924e+02 0.000000000000000000e+00 3.657235000000000000e-03
9.727863200000000461e+02 0.000000000000000000e+00 3.764940999999999947e-03
9.734757100000000491e+02 0.000000000000000000e+00 3.966769000000000198e-03
9.741651600000000144e+02 0.000000000000000000e+00 4.069586000000000037e-03
9.748545500000000175e+02 0.000000000000000000e+00 4.144606000000000331e-03
9.755438799999999446e+02 0.000000000000000000e+00 4.286396999999999950e-03
9.762332800000000361e+02 0.000000000000000000e+00 4.504239999999999633e-03
9.769226099999999633e+02 0.000000000000000000e+00 4.614303000000000154e-03
9.776119400000000041e+02 0.000000000000000000e+00 4.592378999999999732e-03
9.783012099999999691e+02 0.000000000000000000e+00 4.622707000000000205e-03
9.789904800000000478e+02 0.000000000000000000e+00 4.733076000000000123e-03
9.796797500000000127e+02 0.000000000000000000e+00 4.910132000000000212e-03
9.803690199999999777e+02 0.000000000000000000e+00 5.103688000000000322e-03
9.810582299999999805e+02 0.000000000000000000e+00 5.296434000000000038e-03
9.817474399999999832e+02 0.000000000000000000e+00 5.470774999999999770e-03
9.824365800000000490e+02 0.000000000000000000e+00 5.652700000000000086e-03
9.831257299999999759e+02 0.000000000000000000e+00 5.813635000000000157e-03
9.838148800000000165e+02 0.000000000000000000e+00 6.068093000000000098e-03
9.845040299999999434e+02 0.000000000000000000e+00 6.326308000000000105e-03
9.851931200000000217e+02 0.000000000000000000e+00 6.452069999999999854e-03
9.858822000000000116e+02 0.000000000000000000e+00 6.543933000000000041e-03
9.865712899999999763e+02 0.000000000000000000e+00 6.627911999999999693e-03
9.872603100000000040e+02 0.000000000000000000e+00 6.789029000000000244e-03
9.879493400000000065e+02 0.000000000000000000e+00 6.891834000000000328e-03
9.886383700000000090e+02 0.000000000000000000e+00 6.885594000000000089e-03
9.893273299999999608e+02 0.000000000000000000e+00 7.090744999999999860e-03
9.900163000000000011e+02 0.000000000000000000e+00 7.237074999999999932e-03
9.907052599999999529e+02 0.000000000000000000e+00 7.290440999999999935e-03
9.913941700000000310e+02 0.000000000000000000e+00 7.270182000000000033e-03
9.920830700000000206e+02 0.000000000000000000e+00 7.313540000000000318e-03
9.927719700000000103e+02 0.000000000000000000e+00 7.467996999999999656e-03
9.934608799999999746e+02 0.000000000000000000e+00 7.531068999999999611e-03
9.941497200000000021e+02 0.000000000000000000e+00 7.420284000000000081e-03
9.948385600000000295e+02 0.000000000000000000e+00 7.239291000000000129e-03
9.955273399999999810e+02 0.000000000000000000e+00 7.082432999999999958e-03
9.962161300000000210e+02 0.000000000000000000e+00 6.945114999999999969e-03
9.969049099999999726e+02 0.000000000000000000e+00 6.739252000000000263e-03
9.975936900000000378e+02 0.000000000000000000e+00 6.562468000000000121e-03
9.982824100000000271e+02 0.000000000000000000e+00 6.417881999999999754e-03
9.989711300000000165e+02 0.000000000000000000e+00 6.222148999999999736e-03
9.996597900000000436e+02 0.000000000000000000e+00 6.037706999999999796e-03
1.000348449999999957e+03 0.000000000000000000e+00 5.861223999999999948e-03
1.001037109999999984e+03 0.000000000000000000e+00 5.687994000000000036e-03
1.001725770000000011e+03 0.000000000000000000e+00 5.463881000000000293e-03
1.002414369999999963e+03 0.000000000000000000e+00 5.190606000000000386e-03
1.003102970000000028e+03 0.000000000000000000e+00 4.971409999999999892e-03
1.003791560000000004e+03 0.000000000000000000e+00 4.837216000000000085e-03
1.004480099999999993e+03 0.000000000000000000e+00 4.688969000000000296e-03
1.005168639999999982e+03 0.000000000000000000e+00 4.523875000000000118e-03
1.005857179999999971e+03 0.000000000000000000e+00 4.422249999999999966e-03
1.006545650000000023e+03 0.000000000000000000e+00 4.312167000000000430e-03
1.007234130000000050e+03 0.000000000000000000e+00 4.159196999999999894e-03
1.007922609999999963e+03 0.000000000000000000e+00 3.986683999999999888e-03
1.008611020000000053e+03 0.000000000000000000e+00 3.850221000000000025e-03
1.009299440000000004e+03 0.000000000000000000e+00 3.740579999999999860e-03
1.009987849999999980e+03 0.000000000000000000e+00 3.620701999999999948e-03
1.010676270000000045e+03 0.000000000000000000e+00 3.482247999999999854e-03
1.011364619999999945e+03 0.000000000000000000e+00 3.340061999999999979e-03
1.012052919999999972e+03 0.000000000000000000e+00 3.248169999999999877e-03
1.012741269999999986e+03 0.000000000000000000e+00 3.085847999999999976e-03
1.013429570000000012e+03 0.000000000000000000e+00 2.999882000000000156e-03
1.014117859999999951e+03 0.000000000000000000e+00 3.007795000000000173e-03
1.014806090000000040e+03 0.000000000000000000e+00 3.012856999999999862e-03
1.015494320000000016e+03 0.000000000000000000e+00 2.948464000000000033e-03
1.016182559999999967e+03 0.000000000000000000e+00 2.842517000000000134e-03
1.016870790000000056e+03 0.000000000000000000e+00 2.817795000000000109e-03
1.017558959999999956e+03 0.000000000000000000e+00 2.804838000000000036e-03
1.018247129999999970e+03 0.000000000000000000e+00 2.740784999999999923e-03
1.018935240000000022e+03 0.000000000000000000e+00 2.596452999999999869e-03
1.019623349999999959e+03 0.000000000000000000e+00 2.588151999999999814e-03
1.020311460000000011e+03 0.000000000000000000e+00 2.543798999999999800e-03
1.020999569999999949e+03 0.000000000000000000e+00 2.559974000000000017e-03
1.021687620000000038e+03 0.000000000000000000e+00 2.544026999999999920e-03
1.022375670000000014e+03 0.000000000000000000e+00 2.519954000000000031e-03
1.023063719999999989e+03 0.000000000000000000e+00 2.472578000000000015e-03
1.023751710000000003e+03 0.000000000000000000e+00 2.474872999999999830e-03
1.024439699999999903e+03 0.000000000000000000e+00 2.476504999999999939e-03
1.025127690000000030e+03 0.000000000000000000e+00 2.510234000000000076e-03
1.025815550000000030e+03 0.000000000000000000e+00 2.481558999999999935e-03
1.026503539999999930e+03 0.000000000000000000e+00 2.456203000000000119e-03
1.027191409999999905e+03 0.000000000000000000e+00 2.463159999999999829e-03
1.027879269999999906e+03 0.000000000000000000e+00 2.488558000000000089e-03
1.028567140000000109e+03 0.000000000000000000e+00 2.555335000000000158e-03
1.029255000000000109e+03 0.000000000000000000e+00 2.549342999999999922e-03
1.029942870000000084e+03 0.000000000000000000e+00 2.540821999999999872e-03
1.030630619999999908e+03 0.000000000000000000e+00 2.504408000000000068e-03
1.031318479999999909e+03 0.000000000000000000e+00 2.535167999999999970e-03
1.032006229999999960e+03 0.000000000000000000e+00 2.570002000000000050e-03
1.032693970000000036e+03 0.000000000000000000e+00 2.591701999999999981e-03
1.033381710000000112e+03 0.000000000000000000e+00 2.585351000000000055e-03
1.034069340000000011e+03 0.000000000000000000e+00 2.592016999999999845e-03
1.034757080000000087e+03 0.000000000000000000e+00 2.617075999999999864e-03
1.035444700000000012e+03 0.000000000000000000e+00 2.654896999999999813e-03
1.036132319999999936e+03 0.000000000000000000e+00 2.689266999999999960e-03
1.036820069999999987e+03 0.000000000000000000e+00 2.722549999999999797e-03
1.037507569999999987e+03 0.000000000000000000e+00 2.741121000000000009e-03
1.038195189999999911e+03 0.000000000000000000e+00 2.783738000000000011e-03
1.038882810000000063e+03 0.000000000000000000e+00 2.812433000000000034e-03
1.039570310000000063e+03 0.000000000000000000e+00 2.836397000000000050e-03
1.040257810000000063e+03 0.000000000000000000e+00 2.843856999999999982e-03
1.040945310000000063e+03 0.000000000000000000e+00 2.861196999999999786e-03
1.041632810000000063e+03 0.000000000000000000e+00 2.847460000000000008e-03
1.042320310000000063e+03 0.000000000000000000e+00 2.782450000000000114e-03
1.043007689999999911e+03 0.000000000000000000e+00 2.716469999999999909e-03
1.043695189999999911e+03 0.000000000000000000e+00 2.658560999999999824e-03
1.044382569999999987e+03 0.000000000000000000e+00 2.625731999999999979e-03
1.045069950000000063e+03 0.000000000000000000e+00 2.608052000000000026e-03
1.045757319999999936e+03 0.000000000000000000e+00 2.586676999999999900e-03
1.046444700000000012e+03 0.000000000000000000e+00 2.596133999999999942e-03
1.047131959999999935e+03 0.000000000000000000e+00 2.567981999999999904e-03
1.047819340000000011e+03 0.000000000000000000e+00 2.519950999999999875e-03
1.048506589999999960e+03 0.000000000000000000e+00 2.467496999999999920e-03
1.049193850000000111e+03 0.000000000000000000e+00 2.410972999999999849e-03
1.049881100000000060e+03 0.000000000000000000e+00 2.426362000000000050e-03
1.050568359999999984e+03 0.000000000000000000e+00 2.413405999999999885e-03
1.051255490000000009e+03 0.000000000000000000e+00 2.342998000000000216e-03
1.051942749999999933e+03 0.000000000000000000e+00 2.291165999999999862e-03
1.052629879999999957e+03 0.000000000000000000e+00 2.245780000000000172e-03
1.053317019999999957e+03 0.000000000000000000e+00 2.262389999999999974e-03
1.054004149999999981e+03 0.000000000000000000e+00 2.254074000000000008e-03
1.054691280000000006e+03 0.000000000000000000e+00 2.264936999999999853e-03
1.055378300000000081e+03 0.000000000000000000e+00 2.253713000000000070e-03
1.056065430000000106e+03 0.000000000000000000e+00 2.229559999999999789e-03
1.056752439999999979e+03 0.000000000000000000e+00 2.198292000000000128e-03
1.057439450000000079e+03 0.000000000000000000e+00 2.214282000000000142e-03
1.058126459999999952e+03 0.000000000000000000e+00 2.219914999999999822e-03
1.058813480000000027e+03 0.000000000000000000e+00 2.177692000000000169e-03
1.059500489999999900e+03 0.000000000000000000e+00 2.193081999999999844e-03
1.060187380000000076e+03 0.000000000000000000e+00 2.186131000000000012e-03
1.060874270000000024e+03 0.000000000000000000e+00 2.213155000000000070e-03
1.061561159999999973e+03 0.000000000000000000e+00 2.255727999999999813e-03
1.062248049999999921e+03 0.000000000000000000e+00 2.296086000000000134e-03
1.062934940000000097e+03 0.000000000000000000e+00 2.286577000000000141e-03
1.063621830000000045e+03 0.000000000000000000e+00 2.290098999999999867e-03
1.064308590000000095e+03 0.000000000000000000e+00 2.287387000000000101e-03
1.064995480000000043e+03 0.000000000000000000e+00 2.302459000000000190e-03
1.065682250000000067e+03 0.000000000000000000e+00 2.298310999999999930e-03
1.066369020000000091e+03 0.000000000000000000e+00 2.309283000000000082e-03
1.067055659999999989e+03 0.000000000000000000e+00 2.269148999999999819e-03
1.067742430000000013e+03 0.000000000000000000e+00 2.238907999999999957e-03
1.068429080000000113e+03 0.000000000000000000e+00 2.211822999999999914e-03
1.069115839999999935e+03 0.000000000000000000e+00 2.183743000000000142e-03
1.069802490000000034e+03 0.000000000000000000e+00 2.164189999999999864e-03
1.070489139999999907e+03 0.000000000000000000e+00 2.111696000000000146e-03
1.071175780000000032e+03 0.000000000000000000e+00 2.081420999999999966e-03
1.071862300000000005e+03 0.000000000000000000e+00 2.038338000000000216e-03
1.072548950000000104e+03 0.000000000000000000e+00 2.018798999999999941e-03
1.073235470000000078e+03 0.000000000000000000e+00 2.021101999999999881e-03
1.073922000000000025e+03 0.000000000000000000e+00 2.018083999999999850e-03
1.074608519999999999e+03 0.000000000000000000e+00 2.006286999999999827e-03
1.075295039999999972e+03 0.000000000000000000e+00 1.977533000000000069e-03
1.075981569999999920e+03 0.000000000000000000e+00 1.918360999999999938e-03
1.076667969999999968e+03 0.000000000000000000e+00 1.874493999999999987e-03
1.077354370000000017e+03 0.000000000000000000e+00 1.833196000000000044e-03
1.078040770000000066e+03 0.000000000000000000e+00 1.804718000000000077e-03
1.078727169999999887e+03 0.000000000000000000e+00 1.764560000000000087e-03
1.079413569999999936e+03 0.000000000000000000e+00 1.778997000000000044e-03
1.080099979999999960e+03 0.000000000000000000e+00 1.800856999999999892e-03
1.080786250000000109e+03 0.000000000000000000e+00 1.783024999999999931e-03
1.081472659999999905e+03 0.000000000000000000e+00 1.768351999999999945e-03
1.082158940000000030e+03 0.000000000000000000e+00 1.747398000000000050e-03
1.082845209999999952e+03 0.000000000000000000e+00 1.749623000000000064e-03
1.083531369999999924e+03 0.000000000000000000e+00 1.730484000000000015e-03
1.084217650000000049e+03 0.000000000000000000e+00 1.716562000000000036e-03
1.084903929999999946e+03 0.000000000000000000e+00 1.698709999999999977e-03
1.085590089999999918e+03 0.000000000000000000e+00 1.652751999999999954e-03
1.086276249999999891e+03 0.000000000000000000e+00 1.630975999999999910e-03
1.086962399999999889e+03 0.000000000000000000e+00 1.599867000000000043e-03
1.087648560000000089e+03 0.000000000000000000e+00 1.598473999999999902e-03
1.088334589999999935e+03 0.000000000000000000e+00 1.595709999999999967e-03
1.089020749999999907e+03 0.000000000000000000e+00 1.574145000000000101e-03
1.089706789999999955e+03 0.000000000000000000e+00 1.530508000000000085e-03
1.090392820000000029e+03 0.000000000000000000e+00 1.499345999999999925e-03
1.091078860000000077e+03 0.000000000000000000e+00 1.453700000000000044e-03
1.091764889999999923e+03 0.000000000000000000e+00 1.456122999999999923e-03
1.092450810000000047e+03 0.000000000000000000e+00 1.449039000000000056e-03
1.093136839999999893e+03 0.000000000000000000e+00 1.461269999999999973e-03
1.093822750000000042e+03 0.000000000000000000e+00 1.485886000000000064e-03
1.094508669999999938e+03 0.000000000000000000e+00 1.490397999999999983e-03
1.095194580000000087e+03 0.000000000000000000e+00 1.489897000000000010e-03
1.095880490000000009e+03 0.000000000000000000e+00 1.489831999999999962e-03
1.096566409999999905e+03 0.000000000000000000e+00 1.514038000000000102e-03
1.097252199999999903e+03 0.000000000000000000e+00 1.551339000000000103e-03
1.097937989999999900e+03 0.000000000000000000e+00 1.534587999999999924e-03
1.098623779999999897e+03 0.000000000000000000e+00 1.485294000000000067e-03
1.099309569999999894e+03 0.000000000000000000e+00 1.442460000000000010e-03
1.099995359999999891e+03 0.000000000000000000e+00 1.433501000000000003e-03
1.100681149999999889e+03 0.000000000000000000e+00 1.453272000000000027e-03
1.101366819999999962e+03 0.000000000000000000e+00 1.483282000000000047e-03
1.102052490000000034e+03 0.000000000000000000e+00 1.510969000000000027e-03
1.102738160000000107e+03 0.000000000000000000e+00 1.500402999999999980e-03
1.103423829999999953e+03 0.000000000000000000e+00 1.483373000000000070e-03
1.104109500000000025e+03 0.000000000000000000e+00 1.487089000000000032e-03
1.104795170000000098e+03 0.000000000000000000e+00 1.534757999999999999e-03
1.105480710000000045e+03 0.000000000000000000e+00 1.586879000000000024e-03
1.106166259999999966e+03 0.000000000000000000e+00 1.577162000000000008e-03
1.106851809999999887e+03 0.000000000000000000e+00 1.550554999999999902e-03
1.107537350000000060e+03 0.000000000000000000e+00 1.552138999999999906e-03
1.108222899999999981e+03 0.000000000000000000e+00 1.608681999999999951e-03
1.108908449999999903e+03 0.000000000000000000e+00 1.676713999999999939e-03
1.109593869999999924e+03 0.000000000000000000e+00 1.705747999999999986e-03
1.110279299999999921e+03 0.000000000000000000e+00 1.725324000000000085e-03
1.110964719999999943e+03 0.000000000000000000e+00 1.755093000000000104e-03
1.111650149999999940e+03 0.000000000000000000e+00 1.816041999999999917e-03
1.112335569999999962e+03 0.000000000000000000e+00 1.874540000000000060e-03
1.113020999999999958e+03 0.000000000000000000e+00 1.933592999999999944e-03
1.113706300000000056e+03 0.000000000000000000e+00 1.943655000000000079e-03
1.114391599999999926e+03 0.000000000000000000e+00 1.933905000000000086e-03
1.115076900000000023e+03 0.000000000000000000e+00 1.960392999999999945e-03
1.115762210000000096e+03 0.000000000000000000e+00 2.024956000000000065e-03
1.116447509999999966e+03 0.000000000000000000e+00 2.090667999999999953e-03
1.117132689999999911e+03 0.000000000000000000e+00 2.090846999999999845e-03
1.117817990000000009e+03 0.000000000000000000e+00 2.159640999999999905e-03
1.118503169999999955e+03 0.000000000000000000e+00 2.235101000000000188e-03
1.119188349999999900e+03 0.000000000000000000e+00 2.316180000000000148e-03
1.119873540000000048e+03 0.000000000000000000e+00 2.332619000000000185e-03
1.120558590000000095e+03 0.000000000000000000e+00 2.380133999999999896e-03
1.121243770000000040e+03 0.000000000000000000e+00 2.435786000000000114e-03
1.121928830000000062e+03 0.000000000000000000e+00 2.508005000000000217e-03
1.122613890000000083e+03 0.000000000000000000e+00 2.562215000000000065e-03
1.123298950000000104e+03 0.000000000000000000e+00 2.640716999999999891e-03
1.123984009999999898e+03 0.000000000000000000e+00 2.708677000000000046e-03
1.124669069999999920e+03 0.000000000000000000e+00 2.734429000000000026e-03
1.125354000000000042e+03 0.000000000000000000e+00 2.724756999999999960e-03
1.126039060000000063e+03 0.000000000000000000e+00 2.715971000000000184e-03
1.126723999999999933e+03 0.000000000000000000e+00 2.729085999999999925e-03
1.127408940000000030e+03 0.000000000000000000e+00 2.747903999999999798e-03
1.128093869999999924e+03 0.000000000000000000e+00 2.719968000000000125e-03
1.128778690000000097e+03 0.000000000000000000e+00 2.722544999999999826e-03
1.129463619999999992e+03 0.000000000000000000e+00 2.722809000000000080e-03
1.130148439999999937e+03 0.000000000000000000e+00 2.720349999999999852e-03
1.130833249999999907e+03 0.000000000000000000e+00 2.707241999999999895e-03
1.131518070000000080e+03 0.000000000000000000e+00 2.660285999999999988e-03
1.132202880000000050e+03 0.000000000000000000e+00 2.629343000000000131e-03
1.132887699999999995e+03 0.000000000000000000e+00 2.618030999999999830e-03
1.133572390000000041e+03 0.000000000000000000e+00 2.595388000000000122e-03
1.134257080000000087e+03 0.000000000000000000e+00 2.552523000000000118e-03
1.134941769999999906e+03 0.000000000000000000e+00 2.522175000000000198e-03
1.135626459999999952e+03 0.000000000000000000e+00 2.514756999999999843e-03
1.136311159999999973e+03 0.000000000000000000e+00 2.472237999999999866e-03
1.136995850000000019e+03 0.000000000000000000e+00 2.436540000000000060e-03
1.137680419999999913e+03 0.000000000000000000e+00 2.435736999999999885e-03
1.138364990000000034e+03 0.000000000000000000e+00 2.416063999999999885e-03
1.139049559999999929e+03 0.000000000000000000e+00 2.371656000000000198e-03
1.139734130000000050e+03 0.000000000000000000e+00 2.358779000000000084e-03
1.140418699999999944e+03 0.000000000000000000e+00 2.377835999999999925e-03
1.141103149999999914e+03 0.000000000000000000e+00 2.411242999999999980e-03
1.141787720000000036e+03 0.000000000000000000e+00 2.402927999999999922e-03
1.142472170000000006e+03 0.000000000000000000e+00 2.386095999999999877e-03
1.143156619999999975e+03 0.000000000000000000e+00 2.391017999999999963e-03
1.143841059999999970e+03 0.000000000000000000e+00 2.435202999999999934e-03
1.144525509999999940e+03 0.000000000000000000e+00 2.472938999999999953e-03
1.145209839999999986e+03 0.000000000000000000e+00 2.459049999999999951e-03
1.145894289999999955e+03 0.000000000000000000e+00 2.474641999999999988e-03
1.146578610000000026e+03 0.000000000000000000e+00 2.510861999999999990e-03
1.147262940000000071e+03 0.000000000000000000e+00 2.534691999999999848e-03
1.147947269999999889e+03 0.000000000000000000e+00 2.549000999999999958e-03
1.148631470000000036e+03 0.000000000000000000e+00 2.594991000000000051e-03
1.149315800000000081e+03 0.000000000000000000e+00 2.616090000000000169e-03
1.150000000000000000e+03 0.000000000000000000e+00 2.633958000000000046e-03
1.150684199999999919e+03 0.000000000000000000e+00 2.630571999999999858e-03
1.151368410000000040e+03 0.000000000000000000e+00 2.673880999999999914e-03
1.152052609999999959e+03 0.000000000000000000e+00 2.711937000000000202e-03
1.152736820000000080e+03 0.000000000000000000e+00 2.749651000000000092e-03
1.153420900000000074e+03 0.000000000000000000e+00 2.762940000000000187e-03
1.154104980000000069e+03 0.000000000000000000e+00 2.766671999999999968e-03
1.154789060000000063e+03 0.000000000000000000e+00 2.793658999999999986e-03
1.155473140000000058e+03 0.000000000000000000e+00 2.795836999999999802e-03
1.156157230000000027e+03 0.000000000000000000e+00 2.788876000000000029e-03
1.156841310000000021e+03 0.000000000000000000e+00 2.805337000000000195e-03
1.157525270000000091e+03 0.000000000000000000e+00 2.816495000000000023e-03
1.158209229999999934e+03 0.000000000000000000e+00 2.810393000000000006e-03
1.158893190000000004e+03 0.000000000000000000e+00 2.783780999999999929e-03
1.159577150000000074e+03 0.000000000000000000e+00 2.784027000000000116e-03
1.160261109999999917e+03 0.000000000000000000e+00 2.793168999999999860e-03
1.160945069999999987e+03 0.000000000000000000e+00 2.777279000000000119e-03
1.161628909999999905e+03 0.000000000000000000e+00 2.717406999999999809e-03
1.162312740000000076e+03 0.000000000000000000e+00 2.721023999999999839e-03
1.162996579999999994e+03 0.000000000000000000e+00 2.737823999999999813e-03
1.163680419999999913e+03 0.000000000000000000e+00 2.727189999999999996e-03
1.164364260000000058e+03 0.000000000000000000e+00 2.671745000000000109e-03
1.165047970000000078e+03 0.000000000000000000e+00 2.624450999999999867e-03
1.165731809999999996e+03 0.000000000000000000e+00 2.601515999999999898e-03
1.166415529999999990e+03 0.000000000000000000e+00 2.568620000000000191e-03
1.167099240000000009e+03 0.000000000000000000e+00 2.528279000000000030e-03
1.167782840000000078e+03 0.000000000000000000e+00 2.489243999999999832e-03
1.168466550000000097e+03 0.000000000000000000e+00 2.470635000000000105e-03
1.169150270000000091e+03 0.000000000000000000e+00 2.454843999999999863e-03
1.169833859999999959e+03 0.000000000000000000e+00 2.435598000000000190e-03
1.170517460000000028e+03 0.000000000000000000e+00 2.418759999999999834e-03
1.171201049999999896e+03 0.000000000000000000e+00 2.390259999999999954e-03
1.171884639999999990e+03 0.000000000000000000e+00 2.353833000000000054e-03
1.172568119999999908e+03 0.000000000000000000e+00 2.331764999999999966e-03
1.173251710000000003e+03 0.000000000000000000e+00 2.302466999999999882e-03
1.173935179999999946e+03 0.000000000000000000e+00 2.271121999999999985e-03
1.174618649999999889e+03 0.000000000000000000e+00 2.246328000000000127e-03
1.175302120000000059e+03 0.000000000000000000e+00 2.219936000000000045e-03
1.175985599999999977e+03 0.000000000000000000e+00 2.195817999999999989e-03
1.176668949999999995e+03 0.000000000000000000e+00 2.177249000000000025e-03
1.177352419999999938e+03 0.000000000000000000e+00 2.147318999999999964e-03
1.178035769999999957e+03 0.000000000000000000e+00 2.114168999999999944e-03
1.178719119999999975e+03 0.000000000000000000e+00 2.090467999999999840e-03
1.179402469999999994e+03 0.000000000000000000e+00 2.068855000000000086e-03
1.180085690000000113e+03 0.000000000000000000e+00 2.049733000000000197e-03
1.180769039999999904e+03 0.000000000000000000e+00 2.009116999999999934e-03
1.181452269999999999e+03 0.000000000000000000e+00 1.984304000000000102e-03
1.182135500000000093e+03 0.000000000000000000e+00 1.986217000000000191e-03
1.182818729999999960e+03 0.000000000000000000e+00 1.955435000000000159e-03
1.183501950000000079e+03 0.000000000000000000e+00 1.896001999999999930e-03
1.184185179999999946e+03 0.000000000000000000e+00 1.851072999999999955e-03
1.184868289999999888e+03 0.000000000000000000e+00 1.832204000000000037e-03
1.185551390000000083e+03 0.000000000000000000e+00 1.812945000000000051e-03
1.186234500000000025e+03 0.000000000000000000e+00 1.788836999999999936e-03
1.186917599999999993e+03 0.000000000000000000e+00 1.765389000000000021e-03
1.187600709999999935e+03 0.000000000000000000e+00 1.761381999999999922e-03
1.188283809999999903e+03 0.000000000000000000e+00 1.741677000000000069e-03
1.188966799999999921e+03 0.000000000000000000e+00 1.712060000000000057e-03
1.189649779999999964e+03 0.000000000000000000e+00 1.700841999999999936e-03
1.190332760000000007e+03 0.000000000000000000e+00 1.674331000000000040e-03
1.191015750000000025e+03 0.000000000000000000e+00 1.652819999999999940e-03
1.191698730000000069e+03 0.000000000000000000e+00 1.624112000000000038e-03
1.192381589999999960e+03 0.000000000000000000e+00 1.630478000000000092e-03
1.193064579999999978e+03 0.000000000000000000e+00 1.649056999999999997e-03
1.193747440000000097e+03 0.000000000000000000e+00 1.630900000000000015e-03
1.194430299999999988e+03 0.000000000000000000e+00 1.594067000000000010e-03
1.195113160000000107e+03 0.000000000000000000e+00 1.560559999999999899e-03
1.195795900000000074e+03 0.000000000000000000e+00 1.550514999999999923e-03
1.196478759999999966e+03 0.000000000000000000e+00 1.542516999999999977e-03
1.197161499999999933e+03 0.000000000000000000e+00 1.507228999999999904e-03
1.197844239999999900e+03 0.000000000000000000e+00 1.482232999999999901e-03
1.198526980000000094e+03 0.000000000000000000e+00 1.460287000000000000e-03
1.199209720000000061e+03 0.000000000000000000e+00 1.436184000000000072e-03
1.199892329999999902e+03 0.000000000000000000e+00 1.421605999999999955e-03
1.200575070000000096e+03 0.000000000000000000e+00 1.410009999999999953e-03
1.201257689999999911e+03 0.000000000000000000e+00 1.399092999999999908e-03
1.201940309999999954e+03 0.000000000000000000e+00 1.378588999999999943e-03
1.202622920000000022e+03 0.000000000000000000e+00 1.349329000000000023e-03
1.203305540000000065e+03 0.000000000000000000e+00 1.331029999999999974e-03
1.203988039999999955e+03 0.000000000000000000e+00 1.323718999999999894e-03
1.204670650000000023e+03 0.000000000000000000e+00 1.314805000000000054e-03
1.205353149999999914e+03 0.000000000000000000e+00 1.317716000000000026e-03
1.206035640000000058e+03 0.000000000000000000e+00 1.305282999999999964e-03
1.206718139999999948e+03 0.000000000000000000e+00 1.303342000000000086e-03
1.207400509999999940e+03 0.000000000000000000e+00 1.293132000000000005e-03
1.208083010000000058e+03 0.000000000000000000e+00 1.275097999999999900e-03
1.208765380000000050e+03 0.000000000000000000e+00 1.251151999999999950e-03
1.209447750000000042e+03 0.000000000000000000e+00 1.252204000000000034e-03
1.210130130000000008e+03 0.000000000000000000e+00 1.251888999999999953e-03
1.210812500000000000e+03 0.000000000000000000e+00 1.248865999999999952e-03
1.211494750000000067e+03 0.000000000000000000e+00 1.253344999999999893e-03
1.212177120000000059e+03 0.000000000000000000e+00 1.232875999999999937e-03
1.212859380000000101e+03 0.000000000000000000e+00 1.195029000000000013e-03
1.213541629999999941e+03 0.000000000000000000e+00 1.153013999999999949e-03
1.214223880000000008e+03 0.000000000000000000e+00 1.147868000000000022e-03
1.214906009999999924e+03 0.000000000000000000e+00 1.154541000000000031e-03
1.215588259999999991e+03 0.000000000000000000e+00 1.163870999999999916e-03
1.216270389999999907e+03 0.000000000000000000e+00 1.177314999999999959e-03
1.216952510000000075e+03 0.000000000000000000e+00 1.160350000000000097e-03
1.217634639999999990e+03 0.000000000000000000e+00 1.155100999999999958e-03
1.218316769999999906e+03 0.000000000000000000e+00 1.148642000000000066e-03
1.218998900000000049e+03 0.000000000000000000e+00 1.154822999999999917e-03
1.219680910000000040e+03 0.000000000000000000e+00 1.132086000000000030e-03
1.220363039999999955e+03 0.000000000000000000e+00 1.113063000000000073e-03
1.221045039999999972e+03 0.000000000000000000e+00 1.076062000000000025e-03
1.221727049999999963e+03 0.000000000000000000e+00 1.070844000000000049e-03
1.222408940000000030e+03 0.000000000000000000e+00 1.069763000000000051e-03
1.223090940000000046e+03 0.000000000000000000e+00 1.091423999999999910e-03
1.223772830000000113e+03 0.000000000000000000e+00 1.084012000000000083e-03
1.224454709999999977e+03 0.000000000000000000e+00 1.071506999999999972e-03
1.225136600000000044e+03 0.000000000000000000e+00 1.054203000000000084e-03
1.225818479999999909e+03 0.000000000000000000e+00 1.051588000000000002e-03
1.226500369999999975e+03 0.000000000000000000e+00 1.030197000000000057e-03
1.227182129999999916e+03 0.000000000000000000e+00 1.017352999999999921e-03
1.227864010000000007e+03 0.000000000000000000e+00 9.963350000000001025e-04
1.228545779999999922e+03 0.000000000000000000e+00 1.003236999999999922e-03
1.229227540000000090e+03 0.000000000000000000e+00 9.950189999999999816e-04
1.229909180000000106e+03 0.000000000000000000e+00 9.910839999999999320e-04
1.230590940000000046e+03 0.000000000000000000e+00 9.985549999999999288e-04
1.231272580000000062e+03 0.000000000000000000e+00 1.007801000000000009e-03
1.231954349999999977e+03 0.000000000000000000e+00 1.004534999999999977e-03
1.232635989999999993e+03 0.000000000000000000e+00 9.595530000000000335e-04
1.233317630000000008e+03 0.000000000000000000e+00 9.494780000000000190e-04
1.233999150000000100e+03 0.000000000000000000e+00 9.464719999999999600e-04
1.234680789999999888e+03 0.000000000000000000e+00 9.510579999999999598e-04
1.235362300000000005e+03 0.000000000000000000e+00 9.525480000000000015e-04
1.236043820000000096e+03 0.000000000000000000e+00 9.455699999999999609e-04
1.236725339999999960e+03 0.000000000000000000e+00 9.499929999999999963e-04
1.237406860000000052e+03 0.000000000000000000e+00 9.453690000000000487e-04
1.238088379999999916e+03 0.000000000000000000e+00 9.501779999999999818e-04
1.238769780000000083e+03 0.000000000000000000e+00 9.479700000000000192e-04
1.239451170000000047e+03 0.000000000000000000e+00 9.545229999999999817e-04
1.240132569999999987e+03 0.000000000000000000e+00 9.546370000000000420e-04
1.240813959999999952e+03 0.000000000000000000e+00 9.588840000000000167e-04
1.241495359999999891e+03 0.000000000000000000e+00 9.542479999999999886e-04
1.242176760000000058e+03 0.000000000000000000e+00 9.477080000000000139e-04
1.242858030000000099e+03 0.000000000000000000e+00 9.302130000000000468e-04
1.243539309999999887e+03 0.000000000000000000e+00 9.182829999999999899e-04
1.244220579999999927e+03 0.000000000000000000e+00 9.080759999999999570e-04
1.244901859999999942e+03 0.000000000000000000e+00 9.001729999999999888e-04
1.245583129999999983e+03 0.000000000000000000e+00 8.961420000000000540e-04
1.246264280000000099e+03 0.000000000000000000e+00 8.973769999999999837e-04
1.246945429999999988e+03 0.000000000000000000e+00 8.992610000000000490e-04
1.247626590000000078e+03 0.000000000000000000e+00 9.109030000000000165e-04
1.248307739999999967e+03 0.000000000000000000e+00 9.129540000000000008e-04
1.248988890000000083e+03 0.000000000000000000e+00 9.195019999999999930e-04
1.249670039999999972e+03 0.000000000000000000e+00 9.233429999999999719e-04
1.250351069999999936e+03 0.000000000000000000e+00 9.110519999999999773e-04
1.251032099999999900e+03 0.000000000000000000e+00 8.930459999999999874e-04
1.251713130000000092e+03 0.000000000000000000e+00 9.009820000000000415e-04
1.252394170000000031e+03 0.000000000000000000e+00 9.280140000000000090e-04
1.253075199999999995e+03 0.000000000000000000e+00 9.450669999999999557e-04
1.253756100000000060e+03 0.000000000000000000e+00 9.369439999999999930e-04
1.254437130000000025e+03 0.000000000000000000e+00 9.407039999999999976e-04
1.255118040000000065e+03 0.000000000000000000e+00 9.350050000000000375e-04
1.255798950000000104e+03 0.000000000000000000e+00 9.589950000000000297e-04
1.256479739999999993e+03 0.000000000000000000e+00 9.694700000000000539e-04
1.257160640000000058e+03 0.000000000000000000e+00 9.670910000000000010e-04
1.257841429999999946e+03 0.000000000000000000e+00 9.611959999999999905e-04
1.258522220000000061e+03 0.000000000000000000e+00 9.516200000000000266e-04
1.259202999999999975e+03 0.000000000000000000e+00 9.757820000000000165e-04
1.259883790000000090e+03 0.000000000000000000e+00 9.940699999999998929e-04
1.260564579999999978e+03 0.000000000000000000e+00 9.996280000000000183e-04
1.261245239999999967e+03 0.000000000000000000e+00 9.974149999999999770e-04
1.261926030000000083e+03 0.000000000000000000e+00 9.882470000000000403e-04
1.262606690000000071e+03 0.000000000000000000e+00 9.883890000000001078e-04
1.263287350000000060e+03 0.000000000000000000e+00 1.007302000000000067e-03
1.263968020000000024e+03 0.000000000000000000e+00 1.028016999999999993e-03
1.264648560000000089e+03 0.000000000000000000e+00 1.051787999999999898e-03
1.265329220000000078e+03 0.000000000000000000e+00 1.048515999999999988e-03
1.266009769999999889e+03 0.000000000000000000e+00 1.057519000000000037e-03
1.266690309999999954e+03 0.000000000000000000e+00 1.085891000000000070e-03
1.267370850000000019e+03 0.000000000000000000e+00 1.087229000000000103e-03
1.268051269999999931e+03 0.000000000000000000e+00 1.104811999999999938e-03
1.268731809999999996e+03 0.000000000000000000e+00 1.122011000000000015e-03
1.269412229999999909e+03 0.000000000000000000e+00 1.155257000000000029e-03
1.270092650000000049e+03 0.000000000000000000e+00 1.174555000000000087e-03
1.270773069999999962e+03 0.000000000000000000e+00 1.178330000000000002e-03
1.271453490000000102e+03 0.000000000000000000e+00 1.173250999999999938e-03
1.272133910000000014e+03 0.000000000000000000e+00 1.206437000000000091e-03
1.272814210000000003e+03 0.000000000000000000e+00 1.228590000000000107e-03
1.273494509999999991e+03 0.000000000000000000e+00 1.262651000000000051e-03
1.274174800000000005e+03 0.000000000000000000e+00 1.279935999999999964e-03
1.274855099999999993e+03 0.000000000000000000e+00 1.311602000000000037e-03
1.275535399999999981e+03 0.000000000000000000e+00 1.313059000000000101e-03
1.276215580000000045e+03 0.000000000000000000e+00 1.322795000000000091e-03
1.276895870000000059e+03 0.000000000000000000e+00 1.325776000000000081e-03
1.277576049999999896e+03 0.000000000000000000e+00 1.332845000000000037e-03
1.278256229999999960e+03 0.000000000000000000e+00 1.339686000000000089e-03
1.278936279999999897e+03 0.000000000000000000e+00 1.341914999999999948e-03
1.279616459999999961e+03 0.000000000000000000e+00 1.336776999999999931e-03
1.280296509999999898e+03 0.000000000000000000e+00 1.347153999999999930e-03
1.280976560000000063e+03 0.000000000000000000e+00 1.359488000000000059e-03
1.281656739999999900e+03 0.000000000000000000e+00 1.377532000000000105e-03
1.282336669999999913e+03 0.000000000000000000e+00 1.395519000000000013e-03
1.283016720000000078e+03 0.000000000000000000e+00 1.400142999999999961e-03
1.283696779999999990e+03 0.000000000000000000e+00 1.398595000000000090e-03
1.284376710000000003e+03 0.000000000000000000e+00 1.406757999999999923e-03
1.285056640000000016e+03 0.000000000000000000e+00 1.406069999999999933e-03
1.285736570000000029e+03 0.000000000000000000e+00 1.426170000000000042e-03
1.286416500000000042e+03 0.000000000000000000e+00 1.448608000000000100e-03
1.287096309999999903e+03 0.000000000000000000e+00 1.441828000000000033e-03
1.287776249999999891e+03 0.000000000000000000e+00 1.444879999999999949e-03
1.288456050000000005e+03 0.000000000000000000e+00 1.447382000000000096e-03
1.289135860000000093e+03 0.000000000000000000e+00 1.452317000000000061e-03
1.289815669999999955e+03 0.000000000000000000e+00 1.451583999999999904e-03
1.290495359999999891e+03 0.000000000000000000e+00 1.458661999999999893e-03
1.291175169999999980e+03 0.000000000000000000e+00 1.454648000000000009e-03
1.291854859999999917e+03 0.000000000000000000e+00 1.444224999999999936e-03
1.292534550000000081e+03 0.000000000000000000e+00 1.437539000000000048e-03
1.293214230000000043e+03 0.000000000000000000e+00 1.446721999999999895e-03
1.293893919999999980e+03 0.000000000000000000e+00 1.452867000000000047e-03
1.294573489999999993e+03 0.000000000000000000e+00 1.455230999999999972e-03
1.295253169999999955e+03 0.000000000000000000e+00 1.447738999999999970e-03
1.295932739999999967e+03 0.000000000000000000e+00 1.449235000000000106e-03
1.296612300000000005e+03 0.000000000000000000e+00 1.447151999999999944e-03
1.297291870000000017e+03 0.000000000000000000e+00 1.434141000000000105e-03
1.297971309999999903e+03 0.000000000000000000e+00 1.417012000000000046e-03
1.298650879999999916e+03 0.000000000000000000e+00 1.404730000000000084e-03
1.299330320000000029e+03 0.000000000000000000e+00 1.388417999999999987e-03
1.300009769999999889e+03 0.000000000000000000e+00 1.380443999999999985e-03
1.300689210000000003e+03 0.000000000000000000e+00 1.388731000000000037e-03
1.301368649999999889e+03 0.000000000000000000e+00 1.384796999999999894e-03
1.302047970000000078e+03 0.000000000000000000e+00 1.385315999999999935e-03
1.302727290000000039e+03 0.000000000000000000e+00 1.381959000000000095e-03
1.303406739999999900e+03 0.000000000000000000e+00 1.376477000000000082e-03
1.304085939999999937e+03 0.000000000000000000e+00 1.361475999999999919e-03
1.304765259999999898e+03 0.000000000000000000e+00 1.351975000000000052e-03
1.305444580000000087e+03 0.000000000000000000e+00 1.349546999999999986e-03
1.306123779999999897e+03 0.000000000000000000e+00 1.343495000000000106e-03
1.306802979999999934e+03 0.000000000000000000e+00 1.329539000000000025e-03
1.307482299999999896e+03 0.000000000000000000e+00 1.321176000000000078e-03
1.308161380000000008e+03 0.000000000000000000e+00 1.302158999999999999e-03
1.308840580000000045e+03 0.000000000000000000e+00 1.309945999999999984e-03
1.309519780000000083e+03 0.000000000000000000e+00 1.303233999999999903e-03
1.310198849999999993e+03 0.000000000000000000e+00 1.295085000000000073e-03
1.310877930000000106e+03 0.000000000000000000e+00 1.267958999999999926e-03
1.311557009999999991e+03 0.000000000000000000e+00 1.253797999999999978e-03
1.312236079999999902e+03 0.000000000000000000e+00 1.228322000000000008e-03
1.312915040000000090e+03 0.000000000000000000e+00 1.216520000000000015e-03
1.313594119999999975e+03 0.000000000000000000e+00 1.188622999999999980e-03
1.314273069999999962e+03 0.000000000000000000e+00 1.170121000000000095e-03
1.314952029999999922e+03 0.000000000000000000e+00 1.161174999999999968e-03
1.315630979999999909e+03 0.000000000000000000e+00 1.156752000000000041e-03
1.316309809999999970e+03 0.000000000000000000e+00 1.144260000000000025e-03
1.316988769999999931e+03 0.000000000000000000e+00 1.132814000000000000e-03
1.317667599999999993e+03 0.000000000000000000e+00 1.118601000000000100e-03
1.318346440000000030e+03 0.000000000000000000e+00 1.109402000000000001e-03
1.319025270000000091e+03 0.000000000000000000e+00 1.095707000000000018e-03
1.319704099999999926e+03 0.000000000000000000e+00 1.077782000000000002e-03
1.320382810000000063e+03 0.000000000000000000e+00 1.063205999999999917e-03
1.321061519999999973e+03 0.000000000000000000e+00 1.050233000000000026e-03
1.321740360000000010e+03 0.000000000000000000e+00 1.032813000000000047e-03
1.322419069999999920e+03 0.000000000000000000e+00 1.020288999999999962e-03
1.323097659999999905e+03 0.000000000000000000e+00 1.022455999999999929e-03
1.323776370000000043e+03 0.000000000000000000e+00 1.023798000000000026e-03
1.324454960000000028e+03 0.000000000000000000e+00 1.012826999999999998e-03
1.325133669999999938e+03 0.000000000000000000e+00 9.851370000000000786e-04
1.325812259999999924e+03 0.000000000000000000e+00 9.730119999999999872e-04
1.326490720000000010e+03 0.000000000000000000e+00 9.739590000000000443e-04
1.327169309999999996e+03 0.000000000000000000e+00 9.636959999999999971e-04
1.327847899999999981e+03 0.000000000000000000e+00 9.395799999999999725e-04
1.328526370000000043e+03 0.000000000000000000e+00 9.276189999999999696e-04
1.329204829999999902e+03 0.000000000000000000e+00 9.266969999999999808e-04
1.329883299999999963e+03 0.000000000000000000e+00 9.290039999999999843e-04
1.330561770000000024e+03 0.000000000000000000e+00 9.158239999999999784e-04
1.331240109999999959e+03 0.000000000000000000e+00 8.899830000000000067e-04
1.331918580000000020e+03 0.000000000000000000e+00 8.800789999999999742e-04
1.332596919999999955e+03 0.000000000000000000e+00 8.700480000000000019e-04
1.333275270000000091e+03 0.000000000000000000e+00 8.545370000000000483e-04
1.333953610000000026e+03 0.000000000000000000e+00 8.373910000000000468e-04
1.334631840000000011e+03 0.000000000000000000e+00 8.355209999999999851e-04
1.335310179999999946e+03 0.000000000000000000e+00 8.286009999999999903e-04
1.335988399999999956e+03 0.000000000000000000e+00 8.284660000000000331e-04
1.336666629999999941e+03 0.000000000000000000e+00 8.322860000000000067e-04
1.337344849999999951e+03 0.000000000000000000e+00 8.362929999999999973e-04
1.338022950000000037e+03 0.000000000000000000e+00 8.253089999999999819e-04
1.338701170000000047e+03 0.000000000000000000e+00 8.152110000000000389e-04
1.339379269999999906e+03 0.000000000000000000e+00 8.124189999999999884e-04
1.340057369999999992e+03 0.000000000000000000e+00 8.105290000000000454e-04
1.340735470000000078e+03 0.000000000000000000e+00 8.052200000000000460e-04
1.341413569999999936e+03 0.000000000000000000e+00 8.048509999999999822e-04
1.342091550000000097e+03 0.000000000000000000e+00 7.996480000000000254e-04
1.342769649999999956e+03 0.000000000000000000e+00 8.012779999999999946e-04
1.343447629999999890e+03 0.000000000000000000e+00 8.020009999999999943e-04
1.344125610000000052e+03 0.000000000000000000e+00 8.187809999999999793e-04
1.344803589999999986e+03 0.000000000000000000e+00 8.164309999999999493e-04
1.345481449999999995e+03 0.000000000000000000e+00 8.053059999999999906e-04
1.346159419999999955e+03 0.000000000000000000e+00 7.833599999999999808e-04
1.346837279999999964e+03 0.000000000000000000e+00 7.892749999999999809e-04
1.347515139999999974e+03 0.000000000000000000e+00 7.802930000000000456e-04
1.348192990000000009e+03 0.000000000000000000e+00 7.683349999999999815e-04
1.348870850000000019e+03 0.000000000000000000e+00 7.561830000000000071e-04
1.349548579999999902e+03 0.000000000000000000e+00 7.465259999999999604e-04
1.350226319999999987e+03 0.000000000000000000e+00 7.464610000000000212e-04
1.350904170000000022e+03 0.000000000000000000e+00 7.571620000000000260e-04
1.351581789999999955e+03 0.000000000000000000e+00 7.503020000000000002e-04
1.352259520000000066e+03 0.000000000000000000e+00 7.547510000000000113e-04
1.352937259999999924e+03 0.000000000000000000e+00 7.544169999999999566e-04
1.353614870000000110e+03 0.000000000000000000e+00 7.319219999999999763e-04
1.354292480000000069e+03 0.000000000000000000e+00 7.285119999999999530e-04
1.354970090000000027e+03 0.000000000000000000e+00 7.285679999999999674e-04
1.355647709999999961e+03 0.000000000000000000e+00 7.257249999999999812e-04
1.356325319999999920e+03 0.000000000000000000e+00 7.132069999999999903e-04
1.357002809999999954e+03 0.000000000000000000e+00 6.808030000000000071e-04
1.357680299999999988e+03 0.000000000000000000e+00 6.762699999999999744e-04
1.358357790000000023e+03 0.000000000000000000e+00 6.896040000000000199e-04
1.359035280000000057e+03 0.000000000000000000e+00 6.938120000000000311e-04
1.359712770000000091e+03 0.000000000000000000e+00 6.752810000000000149e-04
1.360390139999999974e+03 0.000000000000000000e+00 6.554440000000000353e-04
1.361067630000000008e+03 0.000000000000000000e+00 6.665640000000000237e-04
1.361744999999999891e+03 0.000000000000000000e+00 6.808159999999999950e-04
1.362422360000000026e+03 0.000000000000000000e+00 6.784770000000000297e-04
1.363099609999999984e+03 0.000000000000000000e+00 6.684910000000000071e-04
1.363776980000000094e+03 0.000000000000000000e+00 6.553400000000000241e-04
1.364454220000000078e+03 0.000000000000000000e+00 6.407560000000000295e-04
1.365131470000000036e+03 0.000000000000000000e+00 6.451659999999999687e-04
1.365808719999999994e+03 0.000000000000000000e+00 6.439329999999999620e-04
1.366485959999999977e+03 0.000000000000000000e+00 6.460020000000000128e-04
1.367163209999999935e+03 0.000000000000000000e+00 6.269570000000000351e-04
1.367840329999999994e+03 0.000000000000000000e+00 6.011840000000000499e-04
