9.306945799999999736e+02 0.000000000000000000e+00 2.657324999999999878e-03
9.313851899999999659e+02 0.000000000000000000e+00 2.667946000000000033e-03
9.320757399999999961e+02 0.000000000000000000e+00 2.642507000000000102e-03
9.327663000000000011e+02 0.000000000000000000e+00 2.523290999999999989e-03
9.334568500000000313e+02 0.000000000000000000e+00 2.316568000000000186e-03
9.341473999999999478e+02 0.000000000000000000e+00 2.378925999999999957e-03
9.348378900000000158e+02 0.000000000000000000e+00 2.407025000000000137e-03
9.355283799999999701e+02 0.000000000000000000e+00 2.382544999999999802e-03
9.362188700000000381e+02 0.000000000000000000e+00 2.292103000000000196e-03
9.369093000000000302e+02 0.000000000000000000e+00 2.177264999999999843e-03
9.375997300000000223e+02 0.000000000000000000e+00 2.021344999999999913e-03
9.382901600000000144e+02 0.000000000000000000e+00 2.023076999999999862e-03
9.389805300000000443e+02 0.000000000000000000e+00 1.986900000000000211e-03
9.396708999999999605e+02 0.000000000000000000e+00 1.985885000000000167e-03
9.403612699999999904e+02 0.000000000000000000e+00 1.985047000000000200e-03
9.410515699999999697e+02 0.000000000000000000e+00 1.941819000000000010e-03
9.417418800000000374e+02 0.000000000000000000e+00 1.910037999999999970e-03
9.424321899999999914e+02 0.000000000000000000e+00 1.927932000000000040e-03
9.431224999999999454e+02 0.000000000000000000e+00 1.968619000000000011e-03
9.438127399999999625e+02 0.000000000000000000e+00 2.041867000000000161e-03
9.445029899999999543e+02 0.000000000000000000e+00 2.103877999999999998e-03
9.451931799999999839e+02 0.000000000000000000e+00 2.144182000000000119e-03
9.458833600000000388e+02 0.000000000000000000e+00 2.110097999999999922e-03
9.465735499999999547e+02 0.000000000000000000e+00 2.124095999999999797e-03
9.472637300000000096e+02 0.000000000000000000e+00 2.118287999999999855e-03
9.479538599999999633e+02 0.000000000000000000e+00 2.100831999999999960e-03
9.486439800000000560e+02 0.000000000000000000e+00 2.103381000000000087e-03
9.493341100000000097e+02 0.000000000000000000e+00 2.112516000000000047e-03
9.500241700000000264e+02 0.000000000000000000e+00 2.220114000000000028e-03
9.507142300000000432e+02 0.000000000000000000e+00 2.302629999999999955e-03
9.514043000000000347e+02 0.000000000000000000e+00 2.368433999999999991e-03
9.520943600000000515e+02 0.000000000000000000e+00 2.429539999999999998e-03
9.527843599999999924e+02 0.000000000000000000e+00 2.538093999999999854e-03
9.534743700000000217e+02 0.000000000000000000e+00 2.614347999999999846e-03
9.541643100000000004e+02 0.000000000000000000e+00 2.694006999999999999e-03
9.548542499999999791e+02 0.000000000000000000e+00 2.761564000000000206e-03
9.555441899999999578e+02 0.000000000000000000e+00 2.858236000000000110e-03
9.562341300000000501e+02 0.000000000000000000e+00 2.944225999999999874e-03
9.569240099999999529e+02 0.000000000000000000e+00 3.075775000000000210e-03
9.576138899999999694e+02 0.000000000000000000e+00 3.179902999999999983e-03
9.583037699999999859e+02 0.000000000000000000e+00 3.339085999999999790e-03
9.589935900000000402e+02 0.000000000000000000e+00 3.500759999999999896e-03
9.596834099999999808e+02 0.000000000000000000e+00 3.626583000000000064e-03
9.603731699999999591e+02 0.000000000000000000e+00 3.828632000000000216e-03
9.610629900000000134e+02 0.000000000000000000e+00 4.088401000000000188e-03
9.617527499999999918e+02 0.000000000000000000e+00 4.308389999999999616e-03
9.624424999999999955e+02 0.000000000000000000e+00 4.477853999999999862e-03
9.631322000000000116e+02 0.000000000000000000e+00 4.652098999999999818e-03
9.638219000000000278e+02 0.000000000000000000e+00 4.984594000000000177e-03
9.645116000000000440e+02 0.000000000000000000e+00 5.193927000000000092e-03
9.652012300000000096e+02 0.000000000000000000e+00 5.361715999999999878e-03
9.658908699999999499e+02 0.000000000000000000e+00 5.515151999999999728e-03
9.665805100000000039e+02 0.000000000000000000e+00 5.662600999999999746e-03
9.672701399999999694e+02 0.000000000000000000e+00 5.801597999999999825e-03
9.679597199999999475e+02 0.000000000000000000e+00 5.951752999999999731e-03
9.686492899999999509e+02 0.000000000000000000e+00 6.091112000000000089e-03
9.693388700000000426e+02 0.000000000000000000e+00 6.259853000000000119e-03
9.700283799999999701e+02 0.000000000000000000e+00 6.354473000000000239e-03
9.707178999999999860e+02 0.000000000000000000e+00 6.488772999999999763e-03
9.714073499999999513e+02 0.000000000000000000e+00 6.599881999999999624e-03
9.720968599999999924e+02 0.000000000000000000e+00 6.628969000000000181e-03
9.727863200000000461e+02 0.000000000000000000e+00 6.710403000000000201e-03
9.734757100000000491e+02 0.000000000000000000e+00 6.808853999999999601e-03
9.741651600000000144e+02 0.000000000000000000e+00 6.947781000000000096e-03
9.748545500000000175e+02 0.000000000000000000e+00 7.189797999999999849e-03
9.755438799999999446e+02 0.000000000000000000e+00 7.350871999999999615e-03
9.762332800000000361e+02 0.000000000000000000e+00 7.471613000000000213e-03
9.769226099999999633e+02 0.000000000000000000e+00 7.569343000000000078e-03
9.776119400000000041e+02 0.000000000000000000e+00 7.794487999999999590e-03
9.783012099999999691e+02 0.000000000000000000e+00 8.033320999999999518e-03
9.789904800000000478e+02 0.000000000000000000e+00 8.222643999999999440e-03
9.796797500000000127e+02 0.000000000000000000e+00 8.449998000000000231e-03
9.803690199999999777e+02 0.000000000000000000e+00 8.728800999999999574e-03
9.810582299999999805e+02 0.000000000000000000e+00 9.025523000000000573e-03
9.817474399999999832e+02 0.000000000000000000e+00 9.347068000000000043e-03
9.824365800000000490e+02 0.000000000000000000e+00 9.797389000000000098e-03
9.831257299999999759e+02 0.000000000000000000e+00 1.009439300000000012e-02
9.838148800000000165e+02 0.000000000000000000e+00 1.039672399999999955e-02
9.845040299999999434e+02 0.000000000000000000e+00 1.066672999999999927e-02
9.851931200000000217e+02 0.000000000000000000e+00 1.102891299999999956e-02
9.858822000000000116e+02 0.000000000000000000e+00 1.137560900000000007e-02
9.865712899999999763e+02 0.000000000000000000e+00 1.172684600000000084e-02
9.872603100000000040e+02 0.000000000000000000e+00 1.210241500000000005e-02
9.879493400000000065e+02 0.000000000000000000e+00 1.246126699999999983e-02
9.886383700000000090e+02 0.000000000000000000e+00 1.272131900000000003e-02
9.893273299999999608e+02 0.000000000000000000e+00 1.306060799999999959e-02
9.900163000000000011e+02 0.000000000000000000e+00 1.325263800000000061e-02
9.907052599999999529e+02 0.000000000000000000e+00 1.339804999999999989e-02
9.913941700000000310e+02 0.000000000000000000e+00 1.344937300000000058e-02
9.920830700000000206e+02 0.000000000000000000e+00 1.352243399999999984e-02
9.927719700000000103e+02 0.000000000000000000e+00 1.353929199999999965e-02
9.934608799999999746e+02 0.000000000000000000e+00 1.346364799999999994e-02
9.941497200000000021e+02 0.000000000000000000e+00 1.329896900000000076e-02
9.948385600000000295e+02 0.000000000000000000e+00 1.304840500000000077e-02
9.955273399999999810e+02 0.000000000000000000e+00 1.286313400000000003e-02
9.962161300000000210e+02 0.000000000000000000e+00 1.253595199999999951e-02
9.969049099999999726e+02 0.000000000000000000e+00 1.225138899999999968e-02
9.975936900000000378e+02 0.000000000000000000e+00 1.183094900000000033e-02
9.982824100000000271e+02 0.000000000000000000e+00 1.147254500000000066e-02
9.989711300000000165e+02 0.000000000000000000e+00 1.119971900000000034e-02
9.996597900000000436e+02 0.000000000000000000e+00 1.098359200000000035e-02
1.000348449999999957e+03 0.000000000000000000e+00 1.059694499999999998e-02
1.001037109999999984e+03 0.000000000000000000e+00 1.022099400000000061e-02
1.001725770000000011e+03 0.000000000000000000e+00 9.808117999999999351e-03
1.002414369999999963e+03 0.000000000000000000e+00 9.528243999999999950e-03
1.003102970000000028e+03 0.000000000000000000e+00 9.197388000000000785e-03
1.003791560000000004e+03 0.000000000000000000e+00 8.893072999999999603e-03
1.004480099999999993e+03 0.000000000000000000e+00 8.507989000000000523e-03
1.005168639999999982e+03 0.000000000000000000e+00 8.223895999999999637e-03
1.005857179999999971e+03 0.000000000000000000e+00 7.935176000000000382e-03
1.006545650000000023e+03 0.000000000000000000e+00 7.712977000000000201e-03
1.007234130000000050e+03 0.000000000000000000e+00 7.389497000000000079e-03
1.007922609999999963e+03 0.000000000000000000e+00 7.093216000000000278e-03
1.008611020000000053e+03 0.000000000000000000e+00 6.835596999999999680e-03
1.009299440000000004e+03 0.000000000000000000e+00 6.665698999999999756e-03
1.009987849999999980e+03 0.000000000000000000e+00 6.424667999999999699e-03
1.010676270000000045e+03 0.000000000000000000e+00 6.225645000000000137e-03
1.011364619999999945e+03 0.000000000000000000e+00 6.008122999999999762e-03
1.012052919999999972e+03 0.000000000000000000e+00 5.841568999999999581e-03
1.012741269999999986e+03 0.000000000000000000e+00 5.755862999999999952e-03
1.013429570000000012e+03 0.000000000000000000e+00 5.624091999999999807e-03
1.014117859999999951e+03 0.000000000000000000e+00 5.482159999999999811e-03
1.014806090000000040e+03 0.000000000000000000e+00 5.381341000000000423e-03
1.015494320000000016e+03 0.000000000000000000e+00 5.297460000000000363e-03
1.016182559999999967e+03 0.000000000000000000e+00 5.182266999999999950e-03
1.016870790000000056e+03 0.000000000000000000e+00 5.087491000000000409e-03
1.017558959999999956e+03 0.000000000000000000e+00 4.996661000000000331e-03
1.018247129999999970e+03 0.000000000000000000e+00 4.935130999999999719e-03
1.018935240000000022e+03 0.000000000000000000e+00 4.888604000000000387e-03
1.019623349999999959e+03 0.000000000000000000e+00 4.855634999999999639e-03
1.020311460000000011e+03 0.000000000000000000e+00 4.816548999999999831e-03
1.020999569999999949e+03 0.000000000000000000e+00 4.790810000000000381e-03
1.021687620000000038e+03 0.000000000000000000e+00 4.799986000000000010e-03
1.022375670000000014e+03 0.000000000000000000e+00 4.822924999999999608e-03
1.023063719999999989e+03 0.000000000000000000e+00 4.844244999999999628e-03
1.023751710000000003e+03 0.000000000000000000e+00 4.860217000000000009e-03
1.024439699999999903e+03 0.000000000000000000e+00 4.877672000000000431e-03
1.025127690000000030e+03 0.000000000000000000e+00 4.973182999999999944e-03
1.025815550000000030e+03 0.000000000000000000e+00 5.041707999999999780e-03
1.026503539999999930e+03 0.000000000000000000e+00 5.138845999999999865e-03
1.027191409999999905e+03 0.000000000000000000e+00 5.239607000000000292e-03
1.027879269999999906e+03 0.000000000000000000e+00 5.367750999999999599e-03
1.028567140000000109e+03 0.000000000000000000e+00 5.531002000000000141e-03
1.029255000000000109e+03 0.000000000000000000e+00 5.648727000000000088e-03
1.029942870000000084e+03 0.000000000000000000e+00 5.763612000000000422e-03
1.030630619999999908e+03 0.000000000000000000e+00 5.948919999999999902e-03
1.031318479999999909e+03 0.000000000000000000e+00 6.091477999999999997e-03
1.032006229999999960e+03 0.000000000000000000e+00 6.221560000000000111e-03
1.032693970000000036e+03 0.000000000000000000e+00 6.297040000000000276e-03
1.033381710000000112e+03 0.000000000000000000e+00 6.414320000000000264e-03
1.034069340000000011e+03 0.000000000000000000e+00 6.602789999999999875e-03
1.034757080000000087e+03 0.000000000000000000e+00 6.720465000000000119e-03
1.035444700000000012e+03 0.000000000000000000e+00 6.858880999999999832e-03
1.036132319999999936e+03 0.000000000000000000e+00 6.985387000000000020e-03
1.036820069999999987e+03 0.000000000000000000e+00 7.112829999999999674e-03
1.037507569999999987e+03 0.000000000000000000e+00 7.167373000000000320e-03
1.038195189999999911e+03 0.000000000000000000e+00 7.248092000000000250e-03
1.038882810000000063e+03 0.000000000000000000e+00 7.308382999999999893e-03
1.039570310000000063e+03 0.000000000000000000e+00 7.364830999999999635e-03
1.040257810000000063e+03 0.000000000000000000e+00 7.384355000000000432e-03
1.040945310000000063e+03 0.000000000000000000e+00 7.465529999999999736e-03
1.041632810000000063e+03 0.000000000000000000e+00 7.480447000000000311e-03
1.042320310000000063e+03 0.000000000000000000e+00 7.461553999999999583e-03
1.043007689999999911e+03 0.000000000000000000e+00 7.453185000000000192e-03
1.043695189999999911e+03 0.000000000000000000e+00 7.444148999999999732e-03
1.044382569999999987e+03 0.000000000000000000e+00 7.457214999999999677e-03
1.045069950000000063e+03 0.000000000000000000e+00 7.446616999999999993e-03
1.045757319999999936e+03 0.000000000000000000e+00 7.416129999999999944e-03
1.046444700000000012e+03 0.000000000000000000e+00 7.386143999999999869e-03
1.047131959999999935e+03 0.000000000000000000e+00 7.358069000000000068e-03
1.047819340000000011e+03 0.000000000000000000e+00 7.331945999999999776e-03
1.048506589999999960e+03 0.000000000000000000e+00 7.349178999999999955e-03
1.049193850000000111e+03 0.000000000000000000e+00 7.306728000000000181e-03
1.049881100000000060e+03 0.000000000000000000e+00 7.297775000000000269e-03
1.050568359999999984e+03 0.000000000000000000e+00 7.271310999999999920e-03
1.051255490000000009e+03 0.000000000000000000e+00 7.260950999999999864e-03
1.051942749999999933e+03 0.000000000000000000e+00 7.212338000000000429e-03
1.052629879999999957e+03 0.000000000000000000e+00 7.185803999999999629e-03
1.053317019999999957e+03 0.000000000000000000e+00 7.160803000000000307e-03
1.054004149999999981e+03 0.000000000000000000e+00 7.095577999999999955e-03
1.054691280000000006e+03 0.000000000000000000e+00 7.066733999999999863e-03
1.055378300000000081e+03 0.000000000000000000e+00 7.027613999999999736e-03
1.056065430000000106e+03 0.000000000000000000e+00 6.990816000000000391e-03
1.056752439999999979e+03 0.000000000000000000e+00 6.896127999999999633e-03
1.057439450000000079e+03 0.000000000000000000e+00 6.800928999999999829e-03
1.058126459999999952e+03 0.000000000000000000e+00 6.713273999999999977e-03
1.058813480000000027e+03 0.000000000000000000e+00 6.615620000000000007e-03
1.059500489999999900e+03 0.000000000000000000e+00 6.479755000000000237e-03
1.060187380000000076e+03 0.000000000000000000e+00 6.381084999999999882e-03
1.060874270000000024e+03 0.000000000000000000e+00 6.266797000000000166e-03
1.061561159999999973e+03 0.000000000000000000e+00 6.169077999999999715e-03
1.062248049999999921e+03 0.000000000000000000e+00 6.056146000000000099e-03
1.062934940000000097e+03 0.000000000000000000e+00 5.938528999999999683e-03
1.063621830000000045e+03 0.000000000000000000e+00 5.786168000000000387e-03
1.064308590000000095e+03 0.000000000000000000e+00 5.677630000000000350e-03
1.064995480000000043e+03 0.000000000000000000e+00 5.589259000000000067e-03
1.065682250000000067e+03 0.000000000000000000e+00 5.465946000000000173e-03
1.066369020000000091e+03 0.000000000000000000e+00 5.374508000000000063e-03
1.067055659999999989e+03 0.000000000000000000e+00 5.279932000000000202e-03
1.067742430000000013e+03 0.000000000000000000e+00 5.204697000000000316e-03
1.068429080000000113e+03 0.000000000000000000e+00 5.161431000000000179e-03
1.069115839999999935e+03 0.000000000000000000e+00 5.091838999999999914e-03
1.069802490000000034e+03 0.000000000000000000e+00 5.041290999999999828e-03
1.070489139999999907e+03 0.000000000000000000e+00 4.967118000000000401e-03
1.071175780000000032e+03 0.000000000000000000e+00 4.902664000000000154e-03
1.071862300000000005e+03 0.000000000000000000e+00 4.843128999999999837e-03
1.072548950000000104e+03 0.000000000000000000e+00 4.783093999999999887e-03
1.073235470000000078e+03 0.000000000000000000e+00 4.739114000000000000e-03
1.073922000000000025e+03 0.000000000000000000e+00 4.668476999999999870e-03
1.074608519999999999e+03 0.000000000000000000e+00 4.614629999999999774e-03
1.075295039999999972e+03 0.000000000000000000e+00 4.572529999999999997e-03
1.075981569999999920e+03 0.000000000000000000e+00 4.542692000000000084e-03
1.076667969999999968e+03 0.000000000000000000e+00 4.490069999999999652e-03
1.077354370000000017e+03 0.000000000000000000e+00 4.410749000000000267e-03
1.078040770000000066e+03 0.000000000000000000e+00 4.359718000000000274e-03
1.078727169999999887e+03 0.000000000000000000e+00 4.307733999999999695e-03
1.079413569999999936e+03 0.000000000000000000e+00 4.245836999999999702e-03
1.080099979999999960e+03 0.000000000000000000e+00 4.214095999999999641e-03
1.080786250000000109e+03 0.000000000000000000e+00 4.175586000000000228e-03
1.081472659999999905e+03 0.000000000000000000e+00 4.144771000000000219e-03
1.082158940000000030e+03 0.000000000000000000e+00 4.060763000000000220e-03
1.082845209999999952e+03 0.000000000000000000e+00 4.008822999999999900e-03
1.083531369999999924e+03 0.000000000000000000e+00 3.935438999999999778e-03
1.084217650000000049e+03 0.000000000000000000e+00 3.887662999999999969e-03
1.084903929999999946e+03 0.000000000000000000e+00 3.822528999999999857e-03
1.085590089999999918e+03 0.000000000000000000e+00 3.780140999999999883e-03
1.086276249999999891e+03 0.000000000000000000e+00 3.743960000000000170e-03
1.086962399999999889e+03 0.000000000000000000e+00 3.713182000000000201e-03
1.087648560000000089e+03 0.000000000000000000e+00 3.654804000000000212e-03
1.088334589999999935e+03 0.000000000000000000e+00 3.601937999999999841e-03
1.089020749999999907e+03 0.000000000000000000e+00 3.545578000000000184e-03
1.089706789999999955e+03 0.000000000000000000e+00 3.517174999999999989e-03
1.090392820000000029e+03 0.000000000000000000e+00 3.505124999999999994e-03
1.091078860000000077e+03 0.000000000000000000e+00 3.476018999999999897e-03
1.091764889999999923e+03 0.000000000000000000e+00 3.441609999999999895e-03
1.092450810000000047e+03 0.000000000000000000e+00 3.430009999999999830e-03
1.093136839999999893e+03 0.000000000000000000e+00 3.410531999999999973e-03
1.093822750000000042e+03 0.000000000000000000e+00 3.389478000000000022e-03
1.094508669999999938e+03 0.000000000000000000e+00 3.347824000000000112e-03
1.095194580000000087e+03 0.000000000000000000e+00 3.353009000000000111e-03
1.095880490000000009e+03 0.000000000000000000e+00 3.366478999999999912e-03
1.096566409999999905e+03 0.000000000000000000e+00 3.370824000000000129e-03
1.097252199999999903e+03 0.000000000000000000e+00 3.388250000000000203e-03
1.097937989999999900e+03 0.000000000000000000e+00 3.387849000000000069e-03
1.098623779999999897e+03 0.000000000000000000e+00 3.400497000000000155e-03
1.099309569999999894e+03 0.000000000000000000e+00 3.391355999999999885e-03
1.099995359999999891e+03 0.000000000000000000e+00 3.425001999999999908e-03
1.100681149999999889e+03 0.000000000000000000e+00 3.491821999999999895e-03
1.101366819999999962e+03 0.000000000000000000e+00 3.567658999999999934e-03
1.102052490000000034e+03 0.000000000000000000e+00 3.608444000000000148e-03
1.102738160000000107e+03 0.000000000000000000e+00 3.661587000000000001e-03
1.103423829999999953e+03 0.000000000000000000e+00 3.715197999999999851e-03
1.104109500000000025e+03 0.000000000000000000e+00 3.808320999999999928e-03
1.104795170000000098e+03 0.000000000000000000e+00 3.877607999999999836e-03
1.105480710000000045e+03 0.000000000000000000e+00 3.989954000000000417e-03
1.106166259999999966e+03 0.000000000000000000e+00 4.100058000000000175e-03
1.106851809999999887e+03 0.000000000000000000e+00 4.254667000000000171e-03
1.107537350000000060e+03 0.000000000000000000e+00 4.409167999999999768e-03
1.108222899999999981e+03 0.000000000000000000e+00 4.546297000000000359e-03
1.108908449999999903e+03 0.000000000000000000e+00 4.678752000000000431e-03
1.109593869999999924e+03 0.000000000000000000e+00 4.802950999999999748e-03
1.110279299999999921e+03 0.000000000000000000e+00 4.958243999999999672e-03
1.110964719999999943e+03 0.000000000000000000e+00 5.123583000000000130e-03
1.111650149999999940e+03 0.000000000000000000e+00 5.310084999999999979e-03
1.112335569999999962e+03 0.000000000000000000e+00 5.532165999999999820e-03
1.113020999999999958e+03 0.000000000000000000e+00 5.728460999999999796e-03
1.113706300000000056e+03 0.000000000000000000e+00 5.900250999999999586e-03
1.114391599999999926e+03 0.000000000000000000e+00 6.079997000000000179e-03
1.115076900000000023e+03 0.000000000000000000e+00 6.247575000000000003e-03
1.115762210000000096e+03 0.000000000000000000e+00 6.414473999999999870e-03
1.116447509999999966e+03 0.000000000000000000e+00 6.583048000000000198e-03
1.117132689999999911e+03 0.000000000000000000e+00 6.787882999999999764e-03
1.117817990000000009e+03 0.000000000000000000e+00 6.946663999999999964e-03
1.118503169999999955e+03 0.000000000000000000e+00 7.122001000000000200e-03
1.119188349999999900e+03 0.000000000000000000e+00 7.294522999999999806e-03
1.119873540000000048e+03 0.000000000000000000e+00 7.461309000000000170e-03
1.120558590000000095e+03 0.000000000000000000e+00 7.571111999999999634e-03
1.121243770000000040e+03 0.000000000000000000e+00 7.717907000000000413e-03
1.121928830000000062e+03 0.000000000000000000e+00 7.871387999999999996e-03
1.122613890000000083e+03 0.000000000000000000e+00 7.992480999999999197e-03
1.123298950000000104e+03 0.000000000000000000e+00 8.056011000000000075e-03
1.123984009999999898e+03 0.000000000000000000e+00 8.106034999999999283e-03
1.124669069999999920e+03 0.000000000000000000e+00 8.162535000000000276e-03
1.125354000000000042e+03 0.000000000000000000e+00 8.195232000000000211e-03
1.126039060000000063e+03 0.000000000000000000e+00 8.148011999999999616e-03
1.126723999999999933e+03 0.000000000000000000e+00 8.113263000000000766e-03
1.127408940000000030e+03 0.000000000000000000e+00 8.046384999999999649e-03
1.128093869999999924e+03 0.000000000000000000e+00 7.932645999999999795e-03
1.128778690000000097e+03 0.000000000000000000e+00 7.823880999999999544e-03
1.129463619999999992e+03 0.000000000000000000e+00 7.719140999999999676e-03
1.130148439999999937e+03 0.000000000000000000e+00 7.636938000000000233e-03
1.130833249999999907e+03 0.000000000000000000e+00 7.559714999999999838e-03
1.131518070000000080e+03 0.000000000000000000e+00 7.464619999999999936e-03
1.132202880000000050e+03 0.000000000000000000e+00 7.354745000000000206e-03
1.132887699999999995e+03 0.000000000000000000e+00 7.255941000000000127e-03
1.133572390000000041e+03 0.000000000000000000e+00 7.127005999999999966e-03
1.134257080000000087e+03 0.000000000000000000e+00 6.975758999999999779e-03
1.134941769999999906e+03 0.000000000000000000e+00 6.868815999999999811e-03
1.135626459999999952e+03 0.000000000000000000e+00 6.746755000000000113e-03
1.136311159999999973e+03 0.000000000000000000e+00 6.612629000000000076e-03
1.136995850000000019e+03 0.000000000000000000e+00 6.491804000000000324e-03
1.137680419999999913e+03 0.000000000000000000e+00 6.399443999999999792e-03
1.138364990000000034e+03 0.000000000000000000e+00 6.337319999999999585e-03
1.139049559999999929e+03 0.000000000000000000e+00 6.235184000000000386e-03
1.139734130000000050e+03 0.000000000000000000e+00 6.162327999999999903e-03
1.140418699999999944e+03 0.000000000000000000e+00 6.136428999999999669e-03
1.141103149999999914e+03 0.000000000000000000e+00 6.139794999999999975e-03
1.141787720000000036e+03 0.000000000000000000e+00 6.154418000000000041e-03
1.142472170000000006e+03 0.000000000000000000e+00 6.176682999999999653e-03
1.143156619999999975e+03 0.000000000000000000e+00 6.211544000000000267e-03
1.143841059999999970e+03 0.000000000000000000e+00 6.282433999999999935e-03
1.144525509999999940e+03 0.000000000000000000e+00 6.367298999999999876e-03
1.145209839999999986e+03 0.000000000000000000e+00 6.492710999999999968e-03
1.145894289999999955e+03 0.000000000000000000e+00 6.612403999999999678e-03
1.146578610000000026e+03 0.000000000000000000e+00 6.700834000000000130e-03
1.147262940000000071e+03 0.000000000000000000e+00 6.809711000000000410e-03
1.147947269999999889e+03 0.000000000000000000e+00 6.911811000000000343e-03
1.148631470000000036e+03 0.000000000000000000e+00 7.013662999999999842e-03
1.149315800000000081e+03 0.000000000000000000e+00 7.146600000000000348e-03
1.150000000000000000e+03 0.000000000000000000e+00 7.290503999999999735e-03
1.150684199999999919e+03 0.000000000000000000e+00 7.436261999999999907e-03
1.151368410000000040e+03 0.000000000000000000e+00 7.568939999999999696e-03
1.152052609999999959e+03 0.000000000000000000e+00 7.691993999999999741e-03
1.152736820000000080e+03 0.000000000000000000e+00 7.813172999999999646e-03
1.153420900000000074e+03 0.000000000000000000e+00 7.896274999999999475e-03
1.154104980000000069e+03 0.000000000000000000e+00 8.006717999999999474e-03
1.154789060000000063e+03 0.000000000000000000e+00 8.104062000000000418e-03
1.155473140000000058e+03 0.000000000000000000e+00 8.182546000000000611e-03
1.156157230000000027e+03 0.000000000000000000e+00 8.227760000000000629e-03
1.156841310000000021e+03 0.000000000000000000e+00 8.279224999999999432e-03
1.157525270000000091e+03 0.000000000000000000e+00 8.318199999999999553e-03
1.158209229999999934e+03 0.000000000000000000e+00 8.340478999999999601e-03
1.158893190000000004e+03 0.000000000000000000e+00 8.320823999999999235e-03
1.159577150000000074e+03 0.000000000000000000e+00 8.301371999999999571e-03
1.160261109999999917e+03 0.000000000000000000e+00 8.279908000000000753e-03
1.160945069999999987e+03 0.000000000000000000e+00 8.255768999999999608e-03
1.161628909999999905e+03 0.000000000000000000e+00 8.175748999999999517e-03
1.162312740000000076e+03 0.000000000000000000e+00 8.078913000000000066e-03
1.162996579999999994e+03 0.000000000000000000e+00 8.018150999999999404e-03
1.163680419999999913e+03 0.000000000000000000e+00 7.970275000000000623e-03
1.164364260000000058e+03 0.000000000000000000e+00 7.896749999999999256e-03
1.165047970000000078e+03 0.000000000000000000e+00 7.785428999999999961e-03
1.165731809999999996e+03 0.000000000000000000e+00 7.694023000000000355e-03
1.166415529999999990e+03 0.000000000000000000e+00 7.599993999999999673e-03
1.167099240000000009e+03 0.000000000000000000e+00 7.497524999999999676e-03
1.167782840000000078e+03 0.000000000000000000e+00 7.372983999999999961e-03
1.168466550000000097e+03 0.000000000000000000e+00 7.248179000000000427e-03
1.169150270000000091e+03 0.000000000000000000e+00 7.139053999999999713e-03
1.169833859999999959e+03 0.000000000000000000e+00 7.018276000000000375e-03
1.170517460000000028e+03 0.000000000000000000e+00 6.908214999999999668e-03
1.171201049999999896e+03 0.000000000000000000e+00 6.823988999999999923e-03
1.171884639999999990e+03 0.000000000000000000e+00 6.713997000000000194e-03
1.172568119999999908e+03 0.000000000000000000e+00 6.589293999999999880e-03
1.173251710000000003e+03 0.000000000000000000e+00 6.462807999999999574e-03
1.173935179999999946e+03 0.000000000000000000e+00 6.371332000000000384e-03
1.174618649999999889e+03 0.000000000000000000e+00 6.288944000000000305e-03
1.175302120000000059e+03 0.000000000000000000e+00 6.190048000000000078e-03
1.175985599999999977e+03 0.000000000000000000e+00 6.082007999999999859e-03
1.176668949999999995e+03 0.000000000000000000e+00 5.963279999999999623e-03
1.177352419999999938e+03 0.000000000000000000e+00 5.856028000000000101e-03
1.178035769999999957e+03 0.000000000000000000e+00 5.775292999999999920e-03
1.178719119999999975e+03 0.000000000000000000e+00 5.715040999999999698e-03
1.179402469999999994e+03 0.000000000000000000e+00 5.610076000000000299e-03
1.180085690000000113e+03 0.000000000000000000e+00 5.504921999999999767e-03
1.180769039999999904e+03 0.000000000000000000e+00 5.423466000000000051e-03
1.181452269999999999e+03 0.000000000000000000e+00 5.376385000000000018e-03
1.182135500000000093e+03 0.000000000000000000e+00 5.312553999999999714e-03
1.182818729999999960e+03 0.000000000000000000e+00 5.200548999999999623e-03
1.183501950000000079e+03 0.000000000000000000e+00 5.086985999999999938e-03
1.184185179999999946e+03 0.000000000000000000e+00 5.015740000000000302e-03
1.184868289999999888e+03 0.000000000000000000e+00 4.954631999999999613e-03
1.185551390000000083e+03 0.000000000000000000e+00 4.863504000000000264e-03
1.186234500000000025e+03 0.000000000000000000e+00 4.760384000000000317e-03
1.186917599999999993e+03 0.000000000000000000e+00 4.679028000000000007e-03
1.187600709999999935e+03 0.000000000000000000e+00 4.623231999999999689e-03
1.188283809999999903e+03 0.000000000000000000e+00 4.553780999999999801e-03
1.188966799999999921e+03 0.000000000000000000e+00 4.477552999999999568e-03
1.189649779999999964e+03 0.000000000000000000e+00 4.420905999999999621e-03
1.190332760000000007e+03 0.000000000000000000e+00 4.374740000000000226e-03
1.191015750000000025e+03 0.000000000000000000e+00 4.323310000000000347e-03
1.191698730000000069e+03 0.000000000000000000e+00 4.259581999999999605e-03
1.192381589999999960e+03 0.000000000000000000e+00 4.184804999999999775e-03
1.193064579999999978e+03 0.000000000000000000e+00 4.135823999999999750e-03
1.193747440000000097e+03 0.000000000000000000e+00 4.093824999999999721e-03
1.194430299999999988e+03 0.000000000000000000e+00 4.045044999999999717e-03
1.195113160000000107e+03 0.000000000000000000e+00 3.979841999999999928e-03
1.195795900000000074e+03 0.000000000000000000e+00 3.929862000000000112e-03
1.196478759999999966e+03 0.000000000000000000e+00 3.890900999999999995e-03
1.197161499999999933e+03 0.000000000000000000e+00 3.835549000000000163e-03
1.197844239999999900e+03 0.000000000000000000e+00 3.782476999999999801e-03
1.198526980000000094e+03 0.000000000000000000e+00 3.738323999999999901e-03
1.199209720000000061e+03 0.000000000000000000e+00 3.686552000000000058e-03
1.199892329999999902e+03 0.000000000000000000e+00 3.649192999999999795e-03
1.200575070000000096e+03 0.000000000000000000e+00 3.626966000000000131e-03
1.201257689999999911e+03 0.000000000000000000e+00 3.617485000000000145e-03
1.201940309999999954e+03 0.000000000000000000e+00 3.595310999999999906e-03
1.202622920000000022e+03 0.000000000000000000e+00 3.551975000000000184e-03
1.203305540000000065e+03 0.000000000000000000e+00 3.525131999999999832e-03
1.203988039999999955e+03 0.000000000000000000e+00 3.503674999999999932e-03
1.204670650000000023e+03 0.000000000000000000e+00 3.477114999999999807e-03
1.205353149999999914e+03 0.000000000000000000e+00 3.430602999999999951e-03
1.206035640000000058e+03 0.000000000000000000e+00 3.411019999999999851e-03
1.206718139999999948e+03 0.000000000000000000e+00 3.394713000000000157e-03
1.207400509999999940e+03 0.000000000000000000e+00 3.382323999999999921e-03
1.208083010000000058e+03 0.000000000000000000e+00 3.358121999999999843e-03
1.208765380000000050e+03 0.000000000000000000e+00 3.326019999999999845e-03
1.209447750000000042e+03 0.000000000000000000e+00 3.295966000000000000e-03
1.210130130000000008e+03 0.000000000000000000e+00 3.287778999999999788e-03
1.210812500000000000e+03 0.000000000000000000e+00 3.276343000000000137e-03
1.211494750000000067e+03 0.000000000000000000e+00 3.261280999999999989e-03
1.212177120000000059e+03 0.000000000000000000e+00 3.234481999999999895e-03
1.212859380000000101e+03 0.000000000000000000e+00 3.212246000000000198e-03
1.213541629999999941e+03 0.000000000000000000e+00 3.194713999999999974e-03
1.214223880000000008e+03 0.000000000000000000e+00 3.190253000000000099e-03
1.214906009999999924e+03 0.000000000000000000e+00 3.163379999999999925e-03
1.215588259999999991e+03 0.000000000000000000e+00 3.129142000000000121e-03
1.216270389999999907e+03 0.000000000000000000e+00 3.117464999999999820e-03
1.216952510000000075e+03 0.000000000000000000e+00 3.109005000000000189e-03
1.217634639999999990e+03 0.000000000000000000e+00 3.106194000000000056e-03
1.218316769999999906e+03 0.000000000000000000e+00 3.083793000000000038e-03
1.218998900000000049e+03 0.000000000000000000e+00 3.068603999999999950e-03
1.219680910000000040e+03 0.000000000000000000e+00 3.045972999999999997e-03
1.220363039999999955e+03 0.000000000000000000e+00 3.031779999999999978e-03
1.221045039999999972e+03 0.000000000000000000e+00 3.001376000000000044e-03
1.221727049999999963e+03 0.000000000000000000e+00 2.965892999999999828e-03
1.222408940000000030e+03 0.000000000000000000e+00 2.938631000000000142e-03
1.223090940000000046e+03 0.000000000000000000e+00 2.919842000000000184e-03
1.223772830000000113e+03 0.000000000000000000e+00 2.899138999999999796e-03
1.224454709999999977e+03 0.000000000000000000e+00 2.879100999999999796e-03
1.225136600000000044e+03 0.000000000000000000e+00 2.858154999999999810e-03
1.225818479999999909e+03 0.000000000000000000e+00 2.831529000000000164e-03
1.226500369999999975e+03 0.000000000000000000e+00 2.797111000000000128e-03
1.227182129999999916e+03 0.000000000000000000e+00 2.755905999999999807e-03
1.227864010000000007e+03 0.000000000000000000e+00 2.723984000000000041e-03
1.228545779999999922e+03 0.000000000000000000e+00 2.698428000000000111e-03
1.229227540000000090e+03 0.000000000000000000e+00 2.657125000000000199e-03
1.229909180000000106e+03 0.000000000000000000e+00 2.612463000000000198e-03
1.230590940000000046e+03 0.000000000000000000e+00 2.568420000000000078e-03
1.231272580000000062e+03 0.000000000000000000e+00 2.540642000000000074e-03
1.231954349999999977e+03 0.000000000000000000e+00 2.523802999999999810e-03
1.232635989999999993e+03 0.000000000000000000e+00 2.494442999999999834e-03
1.233317630000000008e+03 0.000000000000000000e+00 2.456068999999999961e-03
1.233999150000000100e+03 0.000000000000000000e+00 2.415167000000000182e-03
1.234680789999999888e+03 0.000000000000000000e+00 2.388119000000000179e-03
1.235362300000000005e+03 0.000000000000000000e+00 2.360296999999999916e-03
1.236043820000000096e+03 0.000000000000000000e+00 2.332126999999999811e-03
1.236725339999999960e+03 0.000000000000000000e+00 2.311258000000000062e-03
1.237406860000000052e+03 0.000000000000000000e+00 2.287584000000000058e-03
1.238088379999999916e+03 0.000000000000000000e+00 2.251277999999999786e-03
1.238769780000000083e+03 0.000000000000000000e+00 2.222982000000000083e-03
1.239451170000000047e+03 0.000000000000000000e+00 2.206604999999999938e-03
1.240132569999999987e+03 0.000000000000000000e+00 2.197694999999999944e-03
1.240813959999999952e+03 0.000000000000000000e+00 2.181357999999999995e-03
1.241495359999999891e+03 0.000000000000000000e+00 2.157801999999999897e-03
1.242176760000000058e+03 0.000000000000000000e+00 2.148960000000000106e-03
1.242858030000000099e+03 0.000000000000000000e+00 2.145437000000000038e-03
1.243539309999999887e+03 0.000000000000000000e+00 2.144893000000000147e-03
1.244220579999999927e+03 0.000000000000000000e+00 2.139666000000000137e-03
1.244901859999999942e+03 0.000000000000000000e+00 2.138206000000000134e-03
1.245583129999999983e+03 0.000000000000000000e+00 2.137789000000000182e-03
1.246264280000000099e+03 0.000000000000000000e+00 2.129802999999999991e-03
1.246945429999999988e+03 0.000000000000000000e+00 2.124154000000000059e-03
1.247626590000000078e+03 0.000000000000000000e+00 2.121404999999999819e-03
1.248307739999999967e+03 0.000000000000000000e+00 2.133267999999999796e-03
1.248988890000000083e+03 0.000000000000000000e+00 2.143210999999999901e-03
1.249670039999999972e+03 0.000000000000000000e+00 2.152944999999999859e-03
1.250351069999999936e+03 0.000000000000000000e+00 2.159149999999999871e-03
1.251032099999999900e+03 0.000000000000000000e+00 2.152611999999999928e-03
1.251713130000000092e+03 0.000000000000000000e+00 2.144538999999999994e-03
1.252394170000000031e+03 0.000000000000000000e+00 2.144741999999999829e-03
1.253075199999999995e+03 0.000000000000000000e+00 2.124256000000000148e-03
1.253756100000000060e+03 0.000000000000000000e+00 2.125566000000000174e-03
1.254437130000000025e+03 0.000000000000000000e+00 2.127040000000000181e-03
1.255118040000000065e+03 0.000000000000000000e+00 2.142913000000000196e-03
1.255798950000000104e+03 0.000000000000000000e+00 2.158677999999999812e-03
1.256479739999999993e+03 0.000000000000000000e+00 2.167902000000000197e-03
1.257160640000000058e+03 0.000000000000000000e+00 2.154200000000000212e-03
1.257841429999999946e+03 0.000000000000000000e+00 2.154807999999999810e-03
1.258522220000000061e+03 0.000000000000000000e+00 2.163803000000000167e-03
1.259202999999999975e+03 0.000000000000000000e+00 2.180430000000000128e-03
1.259883790000000090e+03 0.000000000000000000e+00 2.183065000000000092e-03
1.260564579999999978e+03 0.000000000000000000e+00 2.192968000000000001e-03
1.261245239999999967e+03 0.000000000000000000e+00 2.203895999999999893e-03
1.261926030000000083e+03 0.000000000000000000e+00 2.202444999999999924e-03
1.262606690000000071e+03 0.000000000000000000e+00 2.205629000000000183e-03
1.263287350000000060e+03 0.000000000000000000e+00 2.209488999999999811e-03
1.263968020000000024e+03 0.000000000000000000e+00 2.232664999999999997e-03
1.264648560000000089e+03 0.000000000000000000e+00 2.239751999999999802e-03
1.265329220000000078e+03 0.000000000000000000e+00 2.253216000000000160e-03
1.266009769999999889e+03 0.000000000000000000e+00 2.277484000000000192e-03
1.266690309999999954e+03 0.000000000000000000e+00 2.308099999999999995e-03
1.267370850000000019e+03 0.000000000000000000e+00 2.313682000000000065e-03
1.268051269999999931e+03 0.000000000000000000e+00 2.314393000000000093e-03
1.268731809999999996e+03 0.000000000000000000e+00 2.317445000000000008e-03
1.269412229999999909e+03 0.000000000000000000e+00 2.336799000000000081e-03
1.270092650000000049e+03 0.000000000000000000e+00 2.356544999999999820e-03
1.270773069999999962e+03 0.000000000000000000e+00 2.369884999999999960e-03
1.271453490000000102e+03 0.000000000000000000e+00 2.382809000000000055e-03
1.272133910000000014e+03 0.000000000000000000e+00 2.405855000000000146e-03
1.272814210000000003e+03 0.000000000000000000e+00 2.434988999999999817e-03
1.273494509999999991e+03 0.000000000000000000e+00 2.455001000000000058e-03
1.274174800000000005e+03 0.000000000000000000e+00 2.470603000000000035e-03
1.274855099999999993e+03 0.000000000000000000e+00 2.481847000000000133e-03
1.275535399999999981e+03 0.000000000000000000e+00 2.501582999999999932e-03
1.276215580000000045e+03 0.000000000000000000e+00 2.526126000000000066e-03
1.276895870000000059e+03 0.000000000000000000e+00 2.538853000000000203e-03
1.277576049999999896e+03 0.000000000000000000e+00 2.539870000000000062e-03
1.278256229999999960e+03 0.000000000000000000e+00 2.547918000000000145e-03
1.278936279999999897e+03 0.000000000000000000e+00 2.556707999999999984e-03
1.279616459999999961e+03 0.000000000000000000e+00 2.560245000000000055e-03
1.280296509999999898e+03 0.000000000000000000e+00 2.564565999999999894e-03
1.280976560000000063e+03 0.000000000000000000e+00 2.557057000000000167e-03
1.281656739999999900e+03 0.000000000000000000e+00 2.554497000000000191e-03
1.282336669999999913e+03 0.000000000000000000e+00 2.557691999999999865e-03
1.283016720000000078e+03 0.000000000000000000e+00 2.553942999999999925e-03
1.283696779999999990e+03 0.000000000000000000e+00 2.554270999999999885e-03
1.284376710000000003e+03 0.000000000000000000e+00 2.563698000000000105e-03
1.285056640000000016e+03 0.000000000000000000e+00 2.564687999999999864e-03
1.285736570000000029e+03 0.000000000000000000e+00 2.557923000000000141e-03
1.286416500000000042e+03 0.000000000000000000e+00 2.545228000000000074e-03
1.287096309999999903e+03 0.000000000000000000e+00 2.534410999999999869e-03
1.287776249999999891e+03 0.000000000000000000e+00 2.526365999999999942e-03
1.288456050000000005e+03 0.000000000000000000e+00 2.512284000000000045e-03
1.289135860000000093e+03 0.000000000000000000e+00 2.496953000000000106e-03
1.289815669999999955e+03 0.000000000000000000e+00 2.475877000000000026e-03
1.290495359999999891e+03 0.000000000000000000e+00 2.476162999999999975e-03
1.291175169999999980e+03 0.000000000000000000e+00 2.471234000000000104e-03
1.291854859999999917e+03 0.000000000000000000e+00 2.466228999999999904e-03
1.292534550000000081e+03 0.000000000000000000e+00 2.443329000000000160e-03
1.293214230000000043e+03 0.000000000000000000e+00 2.420943999999999961e-03
1.293893919999999980e+03 0.000000000000000000e+00 2.402894999999999944e-03
1.294573489999999993e+03 0.000000000000000000e+00 2.388546999999999979e-03
1.295253169999999955e+03 0.000000000000000000e+00 2.370293999999999787e-03
1.295932739999999967e+03 0.000000000000000000e+00 2.348629999999999989e-03
1.296612300000000005e+03 0.000000000000000000e+00 2.327599000000000074e-03
1.297291870000000017e+03 0.000000000000000000e+00 2.300211999999999830e-03
1.297971309999999903e+03 0.000000000000000000e+00 2.274265000000000141e-03
1.298650879999999916e+03 0.000000000000000000e+00 2.256424999999999837e-03
1.299330320000000029e+03 0.000000000000000000e+00 2.236685999999999883e-03
1.300009769999999889e+03 0.000000000000000000e+00 2.222763999999999903e-03
1.300689210000000003e+03 0.000000000000000000e+00 2.200060000000000210e-03
1.301368649999999889e+03 0.000000000000000000e+00 2.175243999999999789e-03
1.302047970000000078e+03 0.000000000000000000e+00 2.151283999999999835e-03
1.302727290000000039e+03 0.000000000000000000e+00 2.129405000000000013e-03
1.303406739999999900e+03 0.000000000000000000e+00 2.108011999999999820e-03
1.304085939999999937e+03 0.000000000000000000e+00 2.088125000000000137e-03
1.304765259999999898e+03 0.000000000000000000e+00 2.065159999999999912e-03
1.305444580000000087e+03 0.000000000000000000e+00 2.041865999999999820e-03
1.306123779999999897e+03 0.000000000000000000e+00 2.014109999999999946e-03
1.306802979999999934e+03 0.000000000000000000e+00 1.988190999999999830e-03
1.307482299999999896e+03 0.000000000000000000e+00 1.963289000000000006e-03
1.308161380000000008e+03 0.000000000000000000e+00 1.949372999999999904e-03
1.308840580000000045e+03 0.000000000000000000e+00 1.929011000000000007e-03
1.309519780000000083e+03 0.000000000000000000e+00 1.906032999999999903e-03
1.310198849999999993e+03 0.000000000000000000e+00 1.876772000000000076e-03
1.310877930000000106e+03 0.000000000000000000e+00 1.849551000000000060e-03
1.311557009999999991e+03 0.000000000000000000e+00 1.824272000000000046e-03
1.312236079999999902e+03 0.000000000000000000e+00 1.811340000000000042e-03
1.312915040000000090e+03 0.000000000000000000e+00 1.787951000000000080e-03
1.313594119999999975e+03 0.000000000000000000e+00 1.766863000000000027e-03
1.314273069999999962e+03 0.000000000000000000e+00 1.745414999999999944e-03
1.314952029999999922e+03 0.000000000000000000e+00 1.724655000000000068e-03
1.315630979999999909e+03 0.000000000000000000e+00 1.710691000000000078e-03
1.316309809999999970e+03 0.000000000000000000e+00 1.688370999999999926e-03
1.316988769999999931e+03 0.000000000000000000e+00 1.663809000000000034e-03
1.317667599999999993e+03 0.000000000000000000e+00 1.643609999999999993e-03
1.318346440000000030e+03 0.000000000000000000e+00 1.629458000000000078e-03
1.319025270000000091e+03 0.000000000000000000e+00 1.616215000000000056e-03
1.319704099999999926e+03 0.000000000000000000e+00 1.596493000000000044e-03
1.320382810000000063e+03 0.000000000000000000e+00 1.577393000000000068e-03
1.321061519999999973e+03 0.000000000000000000e+00 1.553911999999999958e-03
1.321740360000000010e+03 0.000000000000000000e+00 1.532525000000000076e-03
1.322419069999999920e+03 0.000000000000000000e+00 1.505297000000000059e-03
1.323097659999999905e+03 0.000000000000000000e+00 1.483139000000000072e-03
1.323776370000000043e+03 0.000000000000000000e+00 1.457598999999999961e-03
1.324454960000000028e+03 0.000000000000000000e+00 1.438732000000000075e-03
1.325133669999999938e+03 0.000000000000000000e+00 1.422847000000000087e-03
1.325812259999999924e+03 0.000000000000000000e+00 1.409176999999999956e-03
1.326490720000000010e+03 0.000000000000000000e+00 1.391281999999999979e-03
1.327169309999999996e+03 0.000000000000000000e+00 1.369500000000000058e-03
1.327847899999999981e+03 0.000000000000000000e+00 1.357960999999999977e-03
1.328526370000000043e+03 0.000000000000000000e+00 1.348063000000000039e-03
1.329204829999999902e+03 0.000000000000000000e+00 1.340449000000000068e-03
1.329883299999999963e+03 0.000000000000000000e+00 1.324862000000000001e-03
1.330561770000000024e+03 0.000000000000000000e+00 1.313867999999999937e-03
1.331240109999999959e+03 0.000000000000000000e+00 1.301379000000000077e-03
1.331918580000000020e+03 0.000000000000000000e+00 1.289212000000000084e-03
1.332596919999999955e+03 0.000000000000000000e+00 1.275497000000000002e-03
1.333275270000000091e+03 0.000000000000000000e+00 1.257676000000000106e-03
1.333953610000000026e+03 0.000000000000000000e+00 1.235025000000000055e-03
1.334631840000000011e+03 0.000000000000000000e+00 1.223893999999999893e-03
1.335310179999999946e+03 0.000000000000000000e+00 1.205871999999999977e-03
1.335988399999999956e+03 0.000000000000000000e+00 1.193491000000000083e-03
1.336666629999999941e+03 0.000000000000000000e+00 1.186551000000000099e-03
1.337344849999999951e+03 0.000000000000000000e+00 1.178393000000000019e-03
1.338022950000000037e+03 0.000000000000000000e+00 1.157384999999999924e-03
1.338701170000000047e+03 0.000000000000000000e+00 1.137760000000000030e-03
1.339379269999999906e+03 0.000000000000000000e+00 1.133728000000000079e-03
1.340057369999999992e+03 0.000000000000000000e+00 1.130027000000000028e-03
1.340735470000000078e+03 0.000000000000000000e+00 1.128511000000000011e-03
1.341413569999999936e+03 0.000000000000000000e+00 1.108795000000000093e-03
1.342091550000000097e+03 0.000000000000000000e+00 1.097960999999999946e-03
1.342769649999999956e+03 0.000000000000000000e+00 1.095520000000000001e-03
1.343447629999999890e+03 0.000000000000000000e+00 1.087538000000000090e-03
1.344125610000000052e+03 0.000000000000000000e+00 1.074564999999999982e-03
1.344803589999999986e+03 0.000000000000000000e+00 1.067666000000000101e-03
1.345481449999999995e+03 0.000000000000000000e+00 1.055614000000000075e-03
1.346159419999999955e+03 0.000000000000000000e+00 1.041194000000000060e-03
1.346837279999999964e+03 0.000000000000000000e+00 1.031622000000000051e-03
1.347515139999999974e+03 0.000000000000000000e+00 1.025375999999999935e-03
1.348192990000000009e+03 0.000000000000000000e+00 1.018213999999999925e-03
1.348870850000000019e+03 0.000000000000000000e+00 1.000549000000000100e-03
1.349548579999999902e+03 0.000000000000000000e+00 9.754390000000000369e-04
1.350226319999999987e+03 0.000000000000000000e+00 9.727530000000000291e-04
1.350904170000000022e+03 0.000000000000000000e+00 9.766390000000000661e-04
1.351581789999999955e+03 0.000000000000000000e+00 9.711960000000000167e-04
1.352259520000000066e+03 0.000000000000000000e+00 9.761639999999999597e-04
1.352937259999999924e+03 0.000000000000000000e+00 9.830240000000000939e-04
1.353614870000000110e+03 0.000000000000000000e+00 9.945869999999999017e-04
1.354292480000000069e+03 0.000000000000000000e+00 9.964990000000000826e-04
1.354970090000000027e+03 0.000000000000000000e+00 1.003327000000000038e-03
1.355647709999999961e+03 0.000000000000000000e+00 1.006539999999999995e-03
1.356325319999999920e+03 0.000000000000000000e+00 1.003683000000000006e-03
1.357002809999999954e+03 0.000000000000000000e+00 9.996670000000000902e-04
1.357680299999999988e+03 0.000000000000000000e+00 9.901809999999999171e-04
1.358357790000000023e+03 0.000000000000000000e+00 9.908639999999999375e-04
1.359035280000000057e+03 0.000000000000000000e+00 9.878840000000000711e-04
1.359712770000000091e+03 0.000000000000000000e+00 9.850379999999999293e-04
1.360390139999999974e+03 0.000000000000000000e+00 9.709919999999999489e-04
1.361067630000000008e+03 0.000000000000000000e+00 9.593110000000000179e-04
1.361744999999999891e+03 0.000000000000000000e+00 9.494520000000000433e-04
1.362422360000000026e+03 0.000000000000000000e+00 9.418669999999999863e-04
1.363099609999999984e+03 0.000000000000000000e+00 9.310699999999999879e-04
1.363776980000000094e+03 0.000000000000000000e+00 9.087950000000000021e-04
1.364454220000000078e+03 0.000000000000000000e+00 8.817500000000000468e-04
1.365131470000000036e+03 0.000000000000000000e+00 8.622970000000000418e-04
1.365808719999999994e+03 0.000000000000000000e+00 8.497809999999999739e-04
1.366485959999999977e+03 0.000000000000000000e+00 8.392319999999999771e-04
1.367163209999999935e+03 0.000000000000000000e+00 8.211299999999999936e-04
1.367840329999999994e+03 0.000000000000000000e+00 8.023779999999999671e-04
