9.306945799999999736e+02 0.000000000000000000e+00 2.328863999999999934e-03
9.313851899999999659e+02 0.000000000000000000e+00 2.372674999999999871e-03
9.320757399999999961e+02 0.000000000000000000e+00 2.504085000000000078e-03
9.327663000000000011e+02 0.000000000000000000e+00 2.637366999999999836e-03
9.334568500000000313e+02 0.000000000000000000e+00 2.651483000000000052e-03
9.341473999999999478e+02 0.000000000000000000e+00 2.730426000000000207e-03
9.348378900000000158e+02 0.000000000000000000e+00 2.934495999999999979e-03
9.355283799999999701e+02 0.000000000000000000e+00 3.080970000000000149e-03
9.362188700000000381e+02 0.000000000000000000e+00 2.906479999999999914e-03
9.369093000000000302e+02 0.000000000000000000e+00 2.551482999999999789e-03
9.375997300000000223e+02 0.000000000000000000e+00 2.164271000000000163e-03
9.382901600000000144e+02 0.000000000000000000e+00 2.352992999999999838e-03
9.389805300000000443e+02 0.000000000000000000e+00 2.624150000000000007e-03
9.396708999999999605e+02 0.000000000000000000e+00 2.833050000000000151e-03
9.403612699999999904e+02 0.000000000000000000e+00 2.795828000000000202e-03
9.410515699999999697e+02 0.000000000000000000e+00 2.663337999999999903e-03
9.417418800000000374e+02 0.000000000000000000e+00 2.543857000000000063e-03
9.424321899999999914e+02 0.000000000000000000e+00 2.351513999999999861e-03
9.431224999999999454e+02 0.000000000000000000e+00 2.384888999999999846e-03
9.438127399999999625e+02 0.000000000000000000e+00 2.302284999999999835e-03
9.445029899999999543e+02 0.000000000000000000e+00 2.426902999999999786e-03
9.451931799999999839e+02 0.000000000000000000e+00 2.350988999999999943e-03
9.458833600000000388e+02 0.000000000000000000e+00 2.371205999999999835e-03
9.465735499999999547e+02 0.000000000000000000e+00 2.396405999999999797e-03
9.472637300000000096e+02 0.000000000000000000e+00 2.406432000000000015e-03
9.479538599999999633e+02 0.000000000000000000e+00 2.439362999999999948e-03
9.486439800000000560e+02 0.000000000000000000e+00 2.480421000000000015e-03
9.493341100000000097e+02 0.000000000000000000e+00 2.407148000000000013e-03
9.500241700000000264e+02 0.000000000000000000e+00 2.412590999999999954e-03
9.507142300000000432e+02 0.000000000000000000e+00 2.646640000000000017e-03
9.514043000000000347e+02 0.000000000000000000e+00 2.895031000000000167e-03
9.520943600000000515e+02 0.000000000000000000e+00 3.005671000000000124e-03
9.527843599999999924e+02 0.000000000000000000e+00 3.055917999999999916e-03
9.534743700000000217e+02 0.000000000000000000e+00 3.174957999999999860e-03
9.541643100000000004e+02 0.000000000000000000e+00 3.316265000000000098e-03
9.548542499999999791e+02 0.000000000000000000e+00 3.525447000000000129e-03
9.555441899999999578e+02 0.000000000000000000e+00 3.606422000000000187e-03
9.562341300000000501e+02 0.000000000000000000e+00 3.766363999999999910e-03
9.569240099999999529e+02 0.000000000000000000e+00 3.963262999999999855e-03
9.576138899999999694e+02 0.000000000000000000e+00 4.179852999999999867e-03
9.583037699999999859e+02 0.000000000000000000e+00 4.461470000000000366e-03
9.589935900000000402e+02 0.000000000000000000e+00 4.680130999999999701e-03
9.596834099999999808e+02 0.000000000000000000e+00 5.180469000000000046e-03
9.603731699999999591e+02 0.000000000000000000e+00 5.644465000000000419e-03
9.610629900000000134e+02 0.000000000000000000e+00 6.111745000000000025e-03
9.617527499999999918e+02 0.000000000000000000e+00 6.657363000000000343e-03
9.624424999999999955e+02 0.000000000000000000e+00 7.203771000000000306e-03
9.631322000000000116e+02 0.000000000000000000e+00 7.831934000000000465e-03
9.638219000000000278e+02 0.000000000000000000e+00 8.558371000000000381e-03
9.645116000000000440e+02 0.000000000000000000e+00 9.539281999999999623e-03
9.652012300000000096e+02 0.000000000000000000e+00 1.028536199999999928e-02
9.658908699999999499e+02 0.000000000000000000e+00 1.101937600000000086e-02
9.665805100000000039e+02 0.000000000000000000e+00 1.164348599999999977e-02
9.672701399999999694e+02 0.000000000000000000e+00 1.215877800000000029e-02
9.679597199999999475e+02 0.000000000000000000e+00 1.301319700000000065e-02
9.686492899999999509e+02 0.000000000000000000e+00 1.395765300000000042e-02
9.693388700000000426e+02 0.000000000000000000e+00 1.505986200000000025e-02
9.700283799999999701e+02 0.000000000000000000e+00 1.615095799999999998e-02
9.707178999999999860e+02 0.000000000000000000e+00 1.716337199999999966e-02
9.714073499999999513e+02 0.000000000000000000e+00 1.800371099999999863e-02
9.720968599999999924e+02 0.000000000000000000e+00 1.895962899999999868e-02
9.727863200000000461e+02 0.000000000000000000e+00 1.992540500000000020e-02
9.734757100000000491e+02 0.000000000000000000e+00 2.094345499999999971e-02
9.741651600000000144e+02 0.000000000000000000e+00 2.188816799999999951e-02
9.748545500000000175e+02 0.000000000000000000e+00 2.323543100000000083e-02
9.755438799999999446e+02 0.000000000000000000e+00 2.449343000000000006e-02
9.762332800000000361e+02 0.000000000000000000e+00 2.566387900000000055e-02
9.769226099999999633e+02 0.000000000000000000e+00 2.670296800000000054e-02
9.776119400000000041e+02 0.000000000000000000e+00 2.763744599999999954e-02
9.783012099999999691e+02 0.000000000000000000e+00 2.838151300000000057e-02
9.789904800000000478e+02 0.000000000000000000e+00 2.950589400000000126e-02
9.796797500000000127e+02 0.000000000000000000e+00 3.043815100000000010e-02
9.803690199999999777e+02 0.000000000000000000e+00 3.158456800000000037e-02
9.810582299999999805e+02 0.000000000000000000e+00 3.298627300000000345e-02
9.817474399999999832e+02 0.000000000000000000e+00 3.407282500000000103e-02
9.824365800000000490e+02 0.000000000000000000e+00 3.529325199999999718e-02
9.831257299999999759e+02 0.000000000000000000e+00 3.661963900000000244e-02
9.838148800000000165e+02 0.000000000000000000e+00 3.780517399999999695e-02
9.845040299999999434e+02 0.000000000000000000e+00 3.874412900000000215e-02
9.851931200000000217e+02 0.000000000000000000e+00 3.978795899999999774e-02
9.858822000000000116e+02 0.000000000000000000e+00 4.131444599999999773e-02
9.865712899999999763e+02 0.000000000000000000e+00 4.218760500000000302e-02
9.872603100000000040e+02 0.000000000000000000e+00 4.343100200000000327e-02
9.879493400000000065e+02 0.000000000000000000e+00 4.403337899999999749e-02
9.886383700000000090e+02 0.000000000000000000e+00 4.458026500000000086e-02
9.893273299999999608e+02 0.000000000000000000e+00 4.539146699999999784e-02
9.900163000000000011e+02 0.000000000000000000e+00 4.556463300000000022e-02
9.907052599999999529e+02 0.000000000000000000e+00 4.571519200000000172e-02
9.913941700000000310e+02 0.000000000000000000e+00 4.547964300000000015e-02
9.920830700000000206e+02 0.000000000000000000e+00 4.498988999999999766e-02
9.927719700000000103e+02 0.000000000000000000e+00 4.433901400000000298e-02
9.934608799999999746e+02 0.000000000000000000e+00 4.361738799999999999e-02
9.941497200000000021e+02 0.000000000000000000e+00 4.272158499999999942e-02
9.948385600000000295e+02 0.000000000000000000e+00 4.108088499999999754e-02
9.955273399999999810e+02 0.000000000000000000e+00 3.999856599999999929e-02
9.962161300000000210e+02 0.000000000000000000e+00 3.835597599999999996e-02
9.969049099999999726e+02 0.000000000000000000e+00 3.650463300000000161e-02
9.975936900000000378e+02 0.000000000000000000e+00 3.463022799999999901e-02
9.982824100000000271e+02 0.000000000000000000e+00 3.286106099999999697e-02
9.989711300000000165e+02 0.000000000000000000e+00 3.143118200000000195e-02
9.996597900000000436e+02 0.000000000000000000e+00 3.047582999999999889e-02
1.000348449999999957e+03 0.000000000000000000e+00 2.878225599999999912e-02
1.001037109999999984e+03 0.000000000000000000e+00 2.760767500000000166e-02
1.001725770000000011e+03 0.000000000000000000e+00 2.620674099999999868e-02
1.002414369999999963e+03 0.000000000000000000e+00 2.451387799999999936e-02
1.003102970000000028e+03 0.000000000000000000e+00 2.325544400000000012e-02
1.003791560000000004e+03 0.000000000000000000e+00 2.210691399999999834e-02
1.004480099999999993e+03 0.000000000000000000e+00 2.094186500000000048e-02
1.005168639999999982e+03 0.000000000000000000e+00 1.969814699999999918e-02
1.005857179999999971e+03 0.000000000000000000e+00 1.874550800000000100e-02
1.006545650000000023e+03 0.000000000000000000e+00 1.798215400000000019e-02
1.007234130000000050e+03 0.000000000000000000e+00 1.706611800000000165e-02
1.007922609999999963e+03 0.000000000000000000e+00 1.576783699999999983e-02
1.008611020000000053e+03 0.000000000000000000e+00 1.495021300000000039e-02
1.009299440000000004e+03 0.000000000000000000e+00 1.433755700000000077e-02
1.009987849999999980e+03 0.000000000000000000e+00 1.371617099999999922e-02
1.010676270000000045e+03 0.000000000000000000e+00 1.295272299999999932e-02
1.011364619999999945e+03 0.000000000000000000e+00 1.244540000000000056e-02
1.012052919999999972e+03 0.000000000000000000e+00 1.202335499999999946e-02
1.012741269999999986e+03 0.000000000000000000e+00 1.165847400000000027e-02
1.013429570000000012e+03 0.000000000000000000e+00 1.120012100000000038e-02
1.014117859999999951e+03 0.000000000000000000e+00 1.080910000000000031e-02
1.014806090000000040e+03 0.000000000000000000e+00 1.046958599999999948e-02
1.015494320000000016e+03 0.000000000000000000e+00 1.019890799999999959e-02
1.016182559999999967e+03 0.000000000000000000e+00 9.873728999999999492e-03
1.016870790000000056e+03 0.000000000000000000e+00 9.598143999999999426e-03
1.017558959999999956e+03 0.000000000000000000e+00 9.400258999999999351e-03
1.018247129999999970e+03 0.000000000000000000e+00 9.226745999999999212e-03
1.018935240000000022e+03 0.000000000000000000e+00 8.957734999999999656e-03
1.019623349999999959e+03 0.000000000000000000e+00 8.703126000000000265e-03
1.020311460000000011e+03 0.000000000000000000e+00 8.499934000000000656e-03
1.020999569999999949e+03 0.000000000000000000e+00 8.350882000000000444e-03
1.021687620000000038e+03 0.000000000000000000e+00 8.130447000000000715e-03
1.022375670000000014e+03 0.000000000000000000e+00 8.044516999999999293e-03
1.023063719999999989e+03 0.000000000000000000e+00 7.952050999999999911e-03
1.023751710000000003e+03 0.000000000000000000e+00 7.986790000000000556e-03
1.024439699999999903e+03 0.000000000000000000e+00 7.929349999999999940e-03
1.025127690000000030e+03 0.000000000000000000e+00 7.957564999999999777e-03
1.025815550000000030e+03 0.000000000000000000e+00 7.916039999999999188e-03
1.026503539999999930e+03 0.000000000000000000e+00 7.920243000000000422e-03
1.027191409999999905e+03 0.000000000000000000e+00 7.999047999999999922e-03
1.027879269999999906e+03 0.000000000000000000e+00 8.120109000000000354e-03
1.028567140000000109e+03 0.000000000000000000e+00 8.312016000000000196e-03
1.029255000000000109e+03 0.000000000000000000e+00 8.484712000000000157e-03
1.029942870000000084e+03 0.000000000000000000e+00 8.671214000000000005e-03
1.030630619999999908e+03 0.000000000000000000e+00 8.920719000000000565e-03
1.031318479999999909e+03 0.000000000000000000e+00 9.217970000000000677e-03
1.032006229999999960e+03 0.000000000000000000e+00 9.464606000000000408e-03
1.032693970000000036e+03 0.000000000000000000e+00 9.602133000000000543e-03
1.033381710000000112e+03 0.000000000000000000e+00 9.796831000000000636e-03
1.034069340000000011e+03 0.000000000000000000e+00 1.022286799999999954e-02
1.034757080000000087e+03 0.000000000000000000e+00 1.064196799999999991e-02
1.035444700000000012e+03 0.000000000000000000e+00 1.111310000000000076e-02
1.036132319999999936e+03 0.000000000000000000e+00 1.153448699999999952e-02
1.036820069999999987e+03 0.000000000000000000e+00 1.198532199999999964e-02
1.037507569999999987e+03 0.000000000000000000e+00 1.230570400000000064e-02
1.038195189999999911e+03 0.000000000000000000e+00 1.270645299999999950e-02
1.038882810000000063e+03 0.000000000000000000e+00 1.308302800000000002e-02
1.039570310000000063e+03 0.000000000000000000e+00 1.339725699999999922e-02
1.040257810000000063e+03 0.000000000000000000e+00 1.384302700000000080e-02
1.040945310000000063e+03 0.000000000000000000e+00 1.418146900000000037e-02
1.041632810000000063e+03 0.000000000000000000e+00 1.452794500000000044e-02
1.042320310000000063e+03 0.000000000000000000e+00 1.479753600000000002e-02
1.043007689999999911e+03 0.000000000000000000e+00 1.494072400000000071e-02
1.043695189999999911e+03 0.000000000000000000e+00 1.506513699999999928e-02
1.044382569999999987e+03 0.000000000000000000e+00 1.520633700000000033e-02
1.045069950000000063e+03 0.000000000000000000e+00 1.524256199999999943e-02
1.045757319999999936e+03 0.000000000000000000e+00 1.522064300000000071e-02
1.046444700000000012e+03 0.000000000000000000e+00 1.514034499999999950e-02
1.047131959999999935e+03 0.000000000000000000e+00 1.506724800000000010e-02
1.047819340000000011e+03 0.000000000000000000e+00 1.483942199999999968e-02
1.048506589999999960e+03 0.000000000000000000e+00 1.465404000000000012e-02
1.049193850000000111e+03 0.000000000000000000e+00 1.436091899999999977e-02
1.049881100000000060e+03 0.000000000000000000e+00 1.409651800000000059e-02
1.050568359999999984e+03 0.000000000000000000e+00 1.376230300000000004e-02
1.051255490000000009e+03 0.000000000000000000e+00 1.344914699999999984e-02
1.051942749999999933e+03 0.000000000000000000e+00 1.315121799999999924e-02
1.052629879999999957e+03 0.000000000000000000e+00 1.280960400000000048e-02
1.053317019999999957e+03 0.000000000000000000e+00 1.252838300000000057e-02
1.054004149999999981e+03 0.000000000000000000e+00 1.222359599999999977e-02
1.054691280000000006e+03 0.000000000000000000e+00 1.196955799999999993e-02
1.055378300000000081e+03 0.000000000000000000e+00 1.168788899999999992e-02
1.056065430000000106e+03 0.000000000000000000e+00 1.144873400000000034e-02
1.056752439999999979e+03 0.000000000000000000e+00 1.121013400000000007e-02
1.057439450000000079e+03 0.000000000000000000e+00 1.091295100000000060e-02
1.058126459999999952e+03 0.000000000000000000e+00 1.066501700000000059e-02
1.058813480000000027e+03 0.000000000000000000e+00 1.040088999999999944e-02
1.059500489999999900e+03 0.000000000000000000e+00 1.018469900000000018e-02
1.060187380000000076e+03 0.000000000000000000e+00 1.001129400000000044e-02
1.060874270000000024e+03 0.000000000000000000e+00 9.828035000000000590e-03
1.061561159999999973e+03 0.000000000000000000e+00 9.595100999999999977e-03
1.062248049999999921e+03 0.000000000000000000e+00 9.463169000000000441e-03
1.062934940000000097e+03 0.000000000000000000e+00 9.333100000000000424e-03
1.063621830000000045e+03 0.000000000000000000e+00 9.231438999999999270e-03
1.064308590000000095e+03 0.000000000000000000e+00 9.162267999999999454e-03
1.064995480000000043e+03 0.000000000000000000e+00 9.097406000000000589e-03
1.065682250000000067e+03 0.000000000000000000e+00 9.032277999999999488e-03
1.066369020000000091e+03 0.000000000000000000e+00 9.026460999999999513e-03
1.067055659999999989e+03 0.000000000000000000e+00 9.076271000000000339e-03
1.067742430000000013e+03 0.000000000000000000e+00 9.128483999999999210e-03
1.068429080000000113e+03 0.000000000000000000e+00 9.196229999999999682e-03
1.069115839999999935e+03 0.000000000000000000e+00 9.245299000000000225e-03
1.069802490000000034e+03 0.000000000000000000e+00 9.441369999999999277e-03
1.070489139999999907e+03 0.000000000000000000e+00 9.574578000000000255e-03
1.071175780000000032e+03 0.000000000000000000e+00 9.708573999999999329e-03
1.071862300000000005e+03 0.000000000000000000e+00 9.787162000000000292e-03
1.072548950000000104e+03 0.000000000000000000e+00 9.859777000000000124e-03
1.073235470000000078e+03 0.000000000000000000e+00 9.984519000000000727e-03
1.073922000000000025e+03 0.000000000000000000e+00 1.015647100000000025e-02
1.074608519999999999e+03 0.000000000000000000e+00 1.023233900000000002e-02
1.075295039999999972e+03 0.000000000000000000e+00 1.027222700000000009e-02
1.075981569999999920e+03 0.000000000000000000e+00 1.036945799999999980e-02
1.076667969999999968e+03 0.000000000000000000e+00 1.043378200000000082e-02
1.077354370000000017e+03 0.000000000000000000e+00 1.044984200000000085e-02
1.078040770000000066e+03 0.000000000000000000e+00 1.039597500000000001e-02
1.078727169999999887e+03 0.000000000000000000e+00 1.030248800000000027e-02
1.079413569999999936e+03 0.000000000000000000e+00 1.023769100000000015e-02
1.080099979999999960e+03 0.000000000000000000e+00 1.016409000000000062e-02
1.080786250000000109e+03 0.000000000000000000e+00 1.003522899999999968e-02
1.081472659999999905e+03 0.000000000000000000e+00 9.875851999999999201e-03
1.082158940000000030e+03 0.000000000000000000e+00 9.678594000000000433e-03
1.082845209999999952e+03 0.000000000000000000e+00 9.396885000000000654e-03
1.083531369999999924e+03 0.000000000000000000e+00 9.178412000000000376e-03
1.084217650000000049e+03 0.000000000000000000e+00 8.878113999999999451e-03
1.084903929999999946e+03 0.000000000000000000e+00 8.508526000000000630e-03
1.085590089999999918e+03 0.000000000000000000e+00 8.243665000000000714e-03
1.086276249999999891e+03 0.000000000000000000e+00 8.033643999999999508e-03
1.086962399999999889e+03 0.000000000000000000e+00 7.752570000000000294e-03
1.087648560000000089e+03 0.000000000000000000e+00 7.533785999999999781e-03
1.088334589999999935e+03 0.000000000000000000e+00 7.350035000000000422e-03
1.089020749999999907e+03 0.000000000000000000e+00 7.109807999999999580e-03
1.089706789999999955e+03 0.000000000000000000e+00 6.874495999999999905e-03
1.090392820000000029e+03 0.000000000000000000e+00 6.695004000000000059e-03
1.091078860000000077e+03 0.000000000000000000e+00 6.552254000000000411e-03
1.091764889999999923e+03 0.000000000000000000e+00 6.395144000000000176e-03
1.092450810000000047e+03 0.000000000000000000e+00 6.237831000000000105e-03
1.093136839999999893e+03 0.000000000000000000e+00 6.097009999999999930e-03
1.093822750000000042e+03 0.000000000000000000e+00 5.981054999999999879e-03
1.094508669999999938e+03 0.000000000000000000e+00 5.862624000000000307e-03
1.095194580000000087e+03 0.000000000000000000e+00 5.785076000000000107e-03
1.095880490000000009e+03 0.000000000000000000e+00 5.714193999999999697e-03
1.096566409999999905e+03 0.000000000000000000e+00 5.656887000000000200e-03
1.097252199999999903e+03 0.000000000000000000e+00 5.642369999999999851e-03
1.097937989999999900e+03 0.000000000000000000e+00 5.647942999999999887e-03
1.098623779999999897e+03 0.000000000000000000e+00 5.626832000000000014e-03
1.099309569999999894e+03 0.000000000000000000e+00 5.609531000000000066e-03
1.099995359999999891e+03 0.000000000000000000e+00 5.650210999999999602e-03
1.100681149999999889e+03 0.000000000000000000e+00 5.743039999999999604e-03
1.101366819999999962e+03 0.000000000000000000e+00 5.852442999999999708e-03
1.102052490000000034e+03 0.000000000000000000e+00 6.004385000000000104e-03
1.102738160000000107e+03 0.000000000000000000e+00 6.093504999999999928e-03
1.103423829999999953e+03 0.000000000000000000e+00 6.177951000000000102e-03
1.104109500000000025e+03 0.000000000000000000e+00 6.322748000000000430e-03
1.104795170000000098e+03 0.000000000000000000e+00 6.498074000000000384e-03
1.105480710000000045e+03 0.000000000000000000e+00 6.681738999999999908e-03
1.106166259999999966e+03 0.000000000000000000e+00 6.981306999999999964e-03
1.106851809999999887e+03 0.000000000000000000e+00 7.342183999999999863e-03
1.107537350000000060e+03 0.000000000000000000e+00 7.704459999999999781e-03
1.108222899999999981e+03 0.000000000000000000e+00 8.082221000000000544e-03
1.108908449999999903e+03 0.000000000000000000e+00 8.319171000000000205e-03
1.109593869999999924e+03 0.000000000000000000e+00 8.575209999999999777e-03
1.110279299999999921e+03 0.000000000000000000e+00 8.868521000000000737e-03
1.110964719999999943e+03 0.000000000000000000e+00 9.285151999999999642e-03
1.111650149999999940e+03 0.000000000000000000e+00 9.701705999999999178e-03
1.112335569999999962e+03 0.000000000000000000e+00 1.016674499999999960e-02
1.113020999999999958e+03 0.000000000000000000e+00 1.073559099999999919e-02
1.113706300000000056e+03 0.000000000000000000e+00 1.136462400000000025e-02
1.114391599999999926e+03 0.000000000000000000e+00 1.180897399999999986e-02
1.115076900000000023e+03 0.000000000000000000e+00 1.246502799999999953e-02
1.115762210000000096e+03 0.000000000000000000e+00 1.301703499999999972e-02
1.116447509999999966e+03 0.000000000000000000e+00 1.354891199999999976e-02
1.117132689999999911e+03 0.000000000000000000e+00 1.419500899999999975e-02
1.117817990000000009e+03 0.000000000000000000e+00 1.504650599999999942e-02
1.118503169999999955e+03 0.000000000000000000e+00 1.568638400000000113e-02
1.119188349999999900e+03 0.000000000000000000e+00 1.652888400000000063e-02
1.119873540000000048e+03 0.000000000000000000e+00 1.724572400000000047e-02
1.120558590000000095e+03 0.000000000000000000e+00 1.765847300000000092e-02
1.121243770000000040e+03 0.000000000000000000e+00 1.813184600000000007e-02
1.121928830000000062e+03 0.000000000000000000e+00 1.876772700000000141e-02
1.122613890000000083e+03 0.000000000000000000e+00 1.941824199999999875e-02
1.123298950000000104e+03 0.000000000000000000e+00 2.001680299999999968e-02
1.123984009999999898e+03 0.000000000000000000e+00 2.042430099999999887e-02
1.124669069999999920e+03 0.000000000000000000e+00 2.073196700000000045e-02
1.125354000000000042e+03 0.000000000000000000e+00 2.104558800000000049e-02
1.126039060000000063e+03 0.000000000000000000e+00 2.146431899999999907e-02
1.126723999999999933e+03 0.000000000000000000e+00 2.157768300000000028e-02
1.127408940000000030e+03 0.000000000000000000e+00 2.168473699999999907e-02
1.128093869999999924e+03 0.000000000000000000e+00 2.185878600000000158e-02
1.128778690000000097e+03 0.000000000000000000e+00 2.198541000000000037e-02
1.129463619999999992e+03 0.000000000000000000e+00 2.204991499999999979e-02
1.130148439999999937e+03 0.000000000000000000e+00 2.210078500000000126e-02
1.130833249999999907e+03 0.000000000000000000e+00 2.204437500000000147e-02
1.131518070000000080e+03 0.000000000000000000e+00 2.192036099999999932e-02
1.132202880000000050e+03 0.000000000000000000e+00 2.179129399999999925e-02
1.132887699999999995e+03 0.000000000000000000e+00 2.171611600000000059e-02
1.133572390000000041e+03 0.000000000000000000e+00 2.163678100000000076e-02
1.134257080000000087e+03 0.000000000000000000e+00 2.141906400000000155e-02
1.134941769999999906e+03 0.000000000000000000e+00 2.123352599999999910e-02
1.135626459999999952e+03 0.000000000000000000e+00 2.104977599999999921e-02
1.136311159999999973e+03 0.000000000000000000e+00 2.077429199999999976e-02
1.136995850000000019e+03 0.000000000000000000e+00 2.036146600000000167e-02
1.137680419999999913e+03 0.000000000000000000e+00 2.014387100000000069e-02
1.138364990000000034e+03 0.000000000000000000e+00 1.987068599999999852e-02
1.139049559999999929e+03 0.000000000000000000e+00 1.967179599999999834e-02
1.139734130000000050e+03 0.000000000000000000e+00 1.938905200000000037e-02
1.140418699999999944e+03 0.000000000000000000e+00 1.920182900000000012e-02
1.141103149999999914e+03 0.000000000000000000e+00 1.904413199999999834e-02
1.141787720000000036e+03 0.000000000000000000e+00 1.890931699999999840e-02
1.142472170000000006e+03 0.000000000000000000e+00 1.881784499999999971e-02
1.143156619999999975e+03 0.000000000000000000e+00 1.878128100000000036e-02
1.143841059999999970e+03 0.000000000000000000e+00 1.875121199999999974e-02
1.144525509999999940e+03 0.000000000000000000e+00 1.874388999999999916e-02
1.145209839999999986e+03 0.000000000000000000e+00 1.883303999999999881e-02
1.145894289999999955e+03 0.000000000000000000e+00 1.882415000000000130e-02
1.146578610000000026e+03 0.000000000000000000e+00 1.876344400000000065e-02
1.147262940000000071e+03 0.000000000000000000e+00 1.868960000000000066e-02
1.147947269999999889e+03 0.000000000000000000e+00 1.852626900000000146e-02
1.148631470000000036e+03 0.000000000000000000e+00 1.839666100000000165e-02
1.149315800000000081e+03 0.000000000000000000e+00 1.820685199999999906e-02
1.150000000000000000e+03 0.000000000000000000e+00 1.792720800000000003e-02
1.150684199999999919e+03 0.000000000000000000e+00 1.769705599999999920e-02
1.151368410000000040e+03 0.000000000000000000e+00 1.752347799999999858e-02
1.152052609999999959e+03 0.000000000000000000e+00 1.730798700000000037e-02
1.152736820000000080e+03 0.000000000000000000e+00 1.699621600000000149e-02
1.153420900000000074e+03 0.000000000000000000e+00 1.680178900000000100e-02
1.154104980000000069e+03 0.000000000000000000e+00 1.650703099999999840e-02
1.154789060000000063e+03 0.000000000000000000e+00 1.621689899999999990e-02
1.155473140000000058e+03 0.000000000000000000e+00 1.590561799999999984e-02
1.156157230000000027e+03 0.000000000000000000e+00 1.537728300000000027e-02
1.156841310000000021e+03 0.000000000000000000e+00 1.486169600000000063e-02
1.157525270000000091e+03 0.000000000000000000e+00 1.445788299999999950e-02
1.158209229999999934e+03 0.000000000000000000e+00 1.410551900000000039e-02
1.158893190000000004e+03 0.000000000000000000e+00 1.362836100000000029e-02
1.159577150000000074e+03 0.000000000000000000e+00 1.311700099999999966e-02
1.160261109999999917e+03 0.000000000000000000e+00 1.282213899999999976e-02
1.160945069999999987e+03 0.000000000000000000e+00 1.245462399999999921e-02
1.161628909999999905e+03 0.000000000000000000e+00 1.189553100000000085e-02
1.162312740000000076e+03 0.000000000000000000e+00 1.134670599999999981e-02
1.162996579999999994e+03 0.000000000000000000e+00 1.098880200000000064e-02
1.163680419999999913e+03 0.000000000000000000e+00 1.068142700000000028e-02
1.164364260000000058e+03 0.000000000000000000e+00 1.038143400000000015e-02
1.165047970000000078e+03 0.000000000000000000e+00 1.007262199999999983e-02
1.165731809999999996e+03 0.000000000000000000e+00 9.739951999999999638e-03
1.166415529999999990e+03 0.000000000000000000e+00 9.511597999999999581e-03
1.167099240000000009e+03 0.000000000000000000e+00 9.326519000000000129e-03
1.167782840000000078e+03 0.000000000000000000e+00 9.076950000000000296e-03
1.168466550000000097e+03 0.000000000000000000e+00 8.851977999999999930e-03
1.169150270000000091e+03 0.000000000000000000e+00 8.612592000000000511e-03
1.169833859999999959e+03 0.000000000000000000e+00 8.414187000000000055e-03
1.170517460000000028e+03 0.000000000000000000e+00 8.209888999999999729e-03
1.171201049999999896e+03 0.000000000000000000e+00 8.068743999999999222e-03
1.171884639999999990e+03 0.000000000000000000e+00 7.916123000000000604e-03
1.172568119999999908e+03 0.000000000000000000e+00 7.770802000000000265e-03
1.173251710000000003e+03 0.000000000000000000e+00 7.610902999999999592e-03
1.173935179999999946e+03 0.000000000000000000e+00 7.505307000000000124e-03
1.174618649999999889e+03 0.000000000000000000e+00 7.429151999999999631e-03
1.175302120000000059e+03 0.000000000000000000e+00 7.349716000000000062e-03
1.175985599999999977e+03 0.000000000000000000e+00 7.243058000000000135e-03
1.176668949999999995e+03 0.000000000000000000e+00 7.164616999999999861e-03
1.177352419999999938e+03 0.000000000000000000e+00 7.140594999999999581e-03
1.178035769999999957e+03 0.000000000000000000e+00 7.131695999999999869e-03
1.178719119999999975e+03 0.000000000000000000e+00 7.138305000000000171e-03
1.179402469999999994e+03 0.000000000000000000e+00 7.135337000000000277e-03
1.180085690000000113e+03 0.000000000000000000e+00 7.122319000000000219e-03
1.180769039999999904e+03 0.000000000000000000e+00 7.113768999999999822e-03
1.181452269999999999e+03 0.000000000000000000e+00 7.120106000000000178e-03
1.182135500000000093e+03 0.000000000000000000e+00 7.144295999999999633e-03
1.182818729999999960e+03 0.000000000000000000e+00 7.143710999999999638e-03
1.183501950000000079e+03 0.000000000000000000e+00 7.144120999999999805e-03
1.184185179999999946e+03 0.000000000000000000e+00 7.187744999999999725e-03
1.184868289999999888e+03 0.000000000000000000e+00 7.223939000000000402e-03
1.185551390000000083e+03 0.000000000000000000e+00 7.249051000000000279e-03
1.186234500000000025e+03 0.000000000000000000e+00 7.215903000000000074e-03
1.186917599999999993e+03 0.000000000000000000e+00 7.231272000000000394e-03
1.187600709999999935e+03 0.000000000000000000e+00 7.295835999999999988e-03
1.188283809999999903e+03 0.000000000000000000e+00 7.318833000000000283e-03
1.188966799999999921e+03 0.000000000000000000e+00 7.332037999999999923e-03
1.189649779999999964e+03 0.000000000000000000e+00 7.334837000000000301e-03
1.190332760000000007e+03 0.000000000000000000e+00 7.329445999999999878e-03
1.191015750000000025e+03 0.000000000000000000e+00 7.328572000000000211e-03
1.191698730000000069e+03 0.000000000000000000e+00 7.289114999999999657e-03
1.192381589999999960e+03 0.000000000000000000e+00 7.206983999999999613e-03
1.193064579999999978e+03 0.000000000000000000e+00 7.111344000000000345e-03
1.193747440000000097e+03 0.000000000000000000e+00 7.065458000000000155e-03
1.194430299999999988e+03 0.000000000000000000e+00 7.018280000000000005e-03
1.195113160000000107e+03 0.000000000000000000e+00 6.931091000000000335e-03
1.195795900000000074e+03 0.000000000000000000e+00 6.780933999999999746e-03
1.196478759999999966e+03 0.000000000000000000e+00 6.645612000000000394e-03
1.197161499999999933e+03 0.000000000000000000e+00 6.497735999999999616e-03
1.197844239999999900e+03 0.000000000000000000e+00 6.390650000000000323e-03
1.198526980000000094e+03 0.000000000000000000e+00 6.264701000000000124e-03
1.199209720000000061e+03 0.000000000000000000e+00 6.136408000000000314e-03
1.199892329999999902e+03 0.000000000000000000e+00 6.022015000000000354e-03
1.200575070000000096e+03 0.000000000000000000e+00 5.905159999999999576e-03
1.201257689999999911e+03 0.000000000000000000e+00 5.799071999999999734e-03
1.201940309999999954e+03 0.000000000000000000e+00 5.676318999999999983e-03
1.202622920000000022e+03 0.000000000000000000e+00 5.541500000000000418e-03
1.203305540000000065e+03 0.000000000000000000e+00 5.363429999999999760e-03
1.203988039999999955e+03 0.000000000000000000e+00 5.245569999999999747e-03
1.204670650000000023e+03 0.000000000000000000e+00 5.096390999999999595e-03
1.205353149999999914e+03 0.000000000000000000e+00 4.891544000000000274e-03
1.206035640000000058e+03 0.000000000000000000e+00 4.749925999999999801e-03
1.206718139999999948e+03 0.000000000000000000e+00 4.665304000000000326e-03
1.207400509999999940e+03 0.000000000000000000e+00 4.582008999999999735e-03
1.208083010000000058e+03 0.000000000000000000e+00 4.493274999999999700e-03
1.208765380000000050e+03 0.000000000000000000e+00 4.389295999999999996e-03
1.209447750000000042e+03 0.000000000000000000e+00 4.266052000000000212e-03
1.210130130000000008e+03 0.000000000000000000e+00 4.177021999999999853e-03
1.210812500000000000e+03 0.000000000000000000e+00 4.108094999999999976e-03
1.211494750000000067e+03 0.000000000000000000e+00 4.047702000000000244e-03
1.212177120000000059e+03 0.000000000000000000e+00 3.981626000000000262e-03
1.212859380000000101e+03 0.000000000000000000e+00 3.929252000000000265e-03
1.213541629999999941e+03 0.000000000000000000e+00 3.860076000000000045e-03
1.214223880000000008e+03 0.000000000000000000e+00 3.811817999999999804e-03
1.214906009999999924e+03 0.000000000000000000e+00 3.739362999999999888e-03
1.215588259999999991e+03 0.000000000000000000e+00 3.684927000000000168e-03
1.216270389999999907e+03 0.000000000000000000e+00 3.624568999999999794e-03
1.216952510000000075e+03 0.000000000000000000e+00 3.569488999999999908e-03
1.217634639999999990e+03 0.000000000000000000e+00 3.528909000000000212e-03
1.218316769999999906e+03 0.000000000000000000e+00 3.493630000000000173e-03
1.218998900000000049e+03 0.000000000000000000e+00 3.473216999999999798e-03
1.219680910000000040e+03 0.000000000000000000e+00 3.450532000000000078e-03
1.220363039999999955e+03 0.000000000000000000e+00 3.439662000000000015e-03
1.221045039999999972e+03 0.000000000000000000e+00 3.423523999999999838e-03
1.221727049999999963e+03 0.000000000000000000e+00 3.390699000000000057e-03
1.222408940000000030e+03 0.000000000000000000e+00 3.368490999999999933e-03
1.223090940000000046e+03 0.000000000000000000e+00 3.351924999999999957e-03
1.223772830000000113e+03 0.000000000000000000e+00 3.342823999999999882e-03
1.224454709999999977e+03 0.000000000000000000e+00 3.327194999999999805e-03
1.225136600000000044e+03 0.000000000000000000e+00 3.308049999999999879e-03
1.225818479999999909e+03 0.000000000000000000e+00 3.273416999999999820e-03
1.226500369999999975e+03 0.000000000000000000e+00 3.245285000000000097e-03
1.227182129999999916e+03 0.000000000000000000e+00 3.213561000000000195e-03
1.227864010000000007e+03 0.000000000000000000e+00 3.176319999999999838e-03
1.228545779999999922e+03 0.000000000000000000e+00 3.159191999999999903e-03
1.229227540000000090e+03 0.000000000000000000e+00 3.144739000000000128e-03
1.229909180000000106e+03 0.000000000000000000e+00 3.134326000000000213e-03
1.230590940000000046e+03 0.000000000000000000e+00 3.110598999999999916e-03
1.231272580000000062e+03 0.000000000000000000e+00 3.086161999999999933e-03
1.231954349999999977e+03 0.000000000000000000e+00 3.076886000000000031e-03
1.232635989999999993e+03 0.000000000000000000e+00 3.087624000000000184e-03
1.233317630000000008e+03 0.000000000000000000e+00 3.103639000000000051e-03
1.233999150000000100e+03 0.000000000000000000e+00 3.106837999999999787e-03
1.234680789999999888e+03 0.000000000000000000e+00 3.123255000000000128e-03
1.235362300000000005e+03 0.000000000000000000e+00 3.137861999999999943e-03
1.236043820000000096e+03 0.000000000000000000e+00 3.153013000000000083e-03
1.236725339999999960e+03 0.000000000000000000e+00 3.177385999999999926e-03
1.237406860000000052e+03 0.000000000000000000e+00 3.200412000000000135e-03
1.238088379999999916e+03 0.000000000000000000e+00 3.247867000000000202e-03
1.238769780000000083e+03 0.000000000000000000e+00 3.322289999999999879e-03
1.239451170000000047e+03 0.000000000000000000e+00 3.419576000000000126e-03
1.240132569999999987e+03 0.000000000000000000e+00 3.491760000000000003e-03
1.240813959999999952e+03 0.000000000000000000e+00 3.540646000000000158e-03
1.241495359999999891e+03 0.000000000000000000e+00 3.599442999999999913e-03
1.242176760000000058e+03 0.000000000000000000e+00 3.695953000000000085e-03
1.242858030000000099e+03 0.000000000000000000e+00 3.812428999999999991e-03
1.243539309999999887e+03 0.000000000000000000e+00 3.926971999999999928e-03
1.244220579999999927e+03 0.000000000000000000e+00 4.066206000000000161e-03
1.244901859999999942e+03 0.000000000000000000e+00 4.180981000000000281e-03
1.245583129999999983e+03 0.000000000000000000e+00 4.304523999999999677e-03
1.246264280000000099e+03 0.000000000000000000e+00 4.419115000000000369e-03
1.246945429999999988e+03 0.000000000000000000e+00 4.518115999999999972e-03
1.247626590000000078e+03 0.000000000000000000e+00 4.640738999999999628e-03
1.248307739999999967e+03 0.000000000000000000e+00 4.871590000000000295e-03
1.248988890000000083e+03 0.000000000000000000e+00 5.118407999999999639e-03
1.249670039999999972e+03 0.000000000000000000e+00 5.335900999999999665e-03
1.250351069999999936e+03 0.000000000000000000e+00 5.497570999999999708e-03
1.251032099999999900e+03 0.000000000000000000e+00 5.604190000000000213e-03
1.251713130000000092e+03 0.000000000000000000e+00 5.728740999999999868e-03
1.252394170000000031e+03 0.000000000000000000e+00 5.873838999999999623e-03
1.253075199999999995e+03 0.000000000000000000e+00 5.992444999999999890e-03
1.253756100000000060e+03 0.000000000000000000e+00 6.099367999999999977e-03
1.254437130000000025e+03 0.000000000000000000e+00 6.235436999999999924e-03
1.255118040000000065e+03 0.000000000000000000e+00 6.401724999999999603e-03
1.255798950000000104e+03 0.000000000000000000e+00 6.522016000000000271e-03
1.256479739999999993e+03 0.000000000000000000e+00 6.631722999999999958e-03
1.257160640000000058e+03 0.000000000000000000e+00 6.721394999999999800e-03
1.257841429999999946e+03 0.000000000000000000e+00 6.811710999999999808e-03
1.258522220000000061e+03 0.000000000000000000e+00 6.895810999999999955e-03
1.259202999999999975e+03 0.000000000000000000e+00 6.948896000000000413e-03
1.259883790000000090e+03 0.000000000000000000e+00 7.013524000000000147e-03
1.260564579999999978e+03 0.000000000000000000e+00 7.108449999999999665e-03
1.261245239999999967e+03 0.000000000000000000e+00 7.151237000000000392e-03
1.261926030000000083e+03 0.000000000000000000e+00 7.136736999999999768e-03
1.262606690000000071e+03 0.000000000000000000e+00 7.092372000000000433e-03
1.263287350000000060e+03 0.000000000000000000e+00 7.061770999999999673e-03
1.263968020000000024e+03 0.000000000000000000e+00 7.069757000000000298e-03
1.264648560000000089e+03 0.000000000000000000e+00 7.092834000000000118e-03
1.265329220000000078e+03 0.000000000000000000e+00 7.091173999999999568e-03
1.266009769999999889e+03 0.000000000000000000e+00 7.095999000000000403e-03
1.266690309999999954e+03 0.000000000000000000e+00 7.062480999999999794e-03
1.267370850000000019e+03 0.000000000000000000e+00 6.987155999999999575e-03
1.268051269999999931e+03 0.000000000000000000e+00 6.920820000000000270e-03
1.268731809999999996e+03 0.000000000000000000e+00 6.866622000000000177e-03
1.269412229999999909e+03 0.000000000000000000e+00 6.838709000000000107e-03
1.270092650000000049e+03 0.000000000000000000e+00 6.810995000000000243e-03
1.270773069999999962e+03 0.000000000000000000e+00 6.752491000000000222e-03
1.271453490000000102e+03 0.000000000000000000e+00 6.674873999999999911e-03
1.272133910000000014e+03 0.000000000000000000e+00 6.636521999999999734e-03
1.272814210000000003e+03 0.000000000000000000e+00 6.606378000000000424e-03
1.273494509999999991e+03 0.000000000000000000e+00 6.566307999999999867e-03
1.274174800000000005e+03 0.000000000000000000e+00 6.497600000000000077e-03
1.274855099999999993e+03 0.000000000000000000e+00 6.452537999999999850e-03
1.275535399999999981e+03 0.000000000000000000e+00 6.397182999999999863e-03
1.276215580000000045e+03 0.000000000000000000e+00 6.336459000000000015e-03
1.276895870000000059e+03 0.000000000000000000e+00 6.250570000000000431e-03
1.277576049999999896e+03 0.000000000000000000e+00 6.135525999999999654e-03
1.278256229999999960e+03 0.000000000000000000e+00 6.071822999999999630e-03
1.278936279999999897e+03 0.000000000000000000e+00 5.958536999999999861e-03
1.279616459999999961e+03 0.000000000000000000e+00 5.864247000000000383e-03
1.280296509999999898e+03 0.000000000000000000e+00 5.739680999999999950e-03
1.280976560000000063e+03 0.000000000000000000e+00 5.625291999999999619e-03
1.281656739999999900e+03 0.000000000000000000e+00 5.521596999999999617e-03
1.282336669999999913e+03 0.000000000000000000e+00 5.392560999999999709e-03
1.283016720000000078e+03 0.000000000000000000e+00 5.284284999999999677e-03
1.283696779999999990e+03 0.000000000000000000e+00 5.214157999999999987e-03
1.284376710000000003e+03 0.000000000000000000e+00 5.146427999999999767e-03
1.285056640000000016e+03 0.000000000000000000e+00 5.052232999999999724e-03
1.285736570000000029e+03 0.000000000000000000e+00 4.939151000000000132e-03
1.286416500000000042e+03 0.000000000000000000e+00 4.794813000000000200e-03
1.287096309999999903e+03 0.000000000000000000e+00 4.659309000000000367e-03
1.287776249999999891e+03 0.000000000000000000e+00 4.528342999999999778e-03
1.288456050000000005e+03 0.000000000000000000e+00 4.412730000000000125e-03
1.289135860000000093e+03 0.000000000000000000e+00 4.298800000000000190e-03
1.289815669999999955e+03 0.000000000000000000e+00 4.183848000000000428e-03
1.290495359999999891e+03 0.000000000000000000e+00 4.104304999999999932e-03
1.291175169999999980e+03 0.000000000000000000e+00 4.033301000000000421e-03
1.291854859999999917e+03 0.000000000000000000e+00 3.963153999999999982e-03
1.292534550000000081e+03 0.000000000000000000e+00 3.826731999999999790e-03
1.293214230000000043e+03 0.000000000000000000e+00 3.674760000000000006e-03
1.293893919999999980e+03 0.000000000000000000e+00 3.593045999999999913e-03
1.294573489999999993e+03 0.000000000000000000e+00 3.521754000000000204e-03
1.295253169999999955e+03 0.000000000000000000e+00 3.433677999999999904e-03
1.295932739999999967e+03 0.000000000000000000e+00 3.344778999999999981e-03
1.296612300000000005e+03 0.000000000000000000e+00 3.276021000000000055e-03
1.297291870000000017e+03 0.000000000000000000e+00 3.217883999999999849e-03
1.297971309999999903e+03 0.000000000000000000e+00 3.128057999999999967e-03
1.298650879999999916e+03 0.000000000000000000e+00 3.048850999999999992e-03
1.299330320000000029e+03 0.000000000000000000e+00 2.981734000000000207e-03
1.300009769999999889e+03 0.000000000000000000e+00 2.910657999999999995e-03
1.300689210000000003e+03 0.000000000000000000e+00 2.848787000000000194e-03
1.301368649999999889e+03 0.000000000000000000e+00 2.775455000000000023e-03
1.302047970000000078e+03 0.000000000000000000e+00 2.698850999999999941e-03
1.302727290000000039e+03 0.000000000000000000e+00 2.615030999999999866e-03
1.303406739999999900e+03 0.000000000000000000e+00 2.535510999999999841e-03
1.304085939999999937e+03 0.000000000000000000e+00 2.467809999999999969e-03
1.304765259999999898e+03 0.000000000000000000e+00 2.415794000000000188e-03
1.305444580000000087e+03 0.000000000000000000e+00 2.374497000000000153e-03
1.306123779999999897e+03 0.000000000000000000e+00 2.321706000000000204e-03
1.306802979999999934e+03 0.000000000000000000e+00 2.268669000000000067e-03
1.307482299999999896e+03 0.000000000000000000e+00 2.219970999999999837e-03
1.308161380000000008e+03 0.000000000000000000e+00 2.173814000000000041e-03
1.308840580000000045e+03 0.000000000000000000e+00 2.122624999999999946e-03
1.309519780000000083e+03 0.000000000000000000e+00 2.070382999999999859e-03
1.310198849999999993e+03 0.000000000000000000e+00 2.022532000000000062e-03
1.310877930000000106e+03 0.000000000000000000e+00 1.981540999999999858e-03
1.311557009999999991e+03 0.000000000000000000e+00 1.943379000000000070e-03
1.312236079999999902e+03 0.000000000000000000e+00 1.910653999999999911e-03
1.312915040000000090e+03 0.000000000000000000e+00 1.873148999999999951e-03
1.313594119999999975e+03 0.000000000000000000e+00 1.838142999999999982e-03
1.314273069999999962e+03 0.000000000000000000e+00 1.794887000000000002e-03
1.314952029999999922e+03 0.000000000000000000e+00 1.760253000000000035e-03
1.315630979999999909e+03 0.000000000000000000e+00 1.735519999999999945e-03
1.316309809999999970e+03 0.000000000000000000e+00 1.710551000000000042e-03
1.316988769999999931e+03 0.000000000000000000e+00 1.680829000000000004e-03
1.317667599999999993e+03 0.000000000000000000e+00 1.647559000000000046e-03
1.318346440000000030e+03 0.000000000000000000e+00 1.618992999999999995e-03
1.319025270000000091e+03 0.000000000000000000e+00 1.604551999999999975e-03
1.319704099999999926e+03 0.000000000000000000e+00 1.579829999999999950e-03
1.320382810000000063e+03 0.000000000000000000e+00 1.550914000000000025e-03
1.321061519999999973e+03 0.000000000000000000e+00 1.517115000000000087e-03
1.321740360000000010e+03 0.000000000000000000e+00 1.488504000000000086e-03
1.322419069999999920e+03 0.000000000000000000e+00 1.462325999999999904e-03
1.323097659999999905e+03 0.000000000000000000e+00 1.439813000000000074e-03
1.323776370000000043e+03 0.000000000000000000e+00 1.421722000000000046e-03
1.324454960000000028e+03 0.000000000000000000e+00 1.386342000000000043e-03
1.325133669999999938e+03 0.000000000000000000e+00 1.351802000000000038e-03
1.325812259999999924e+03 0.000000000000000000e+00 1.330369999999999990e-03
1.326490720000000010e+03 0.000000000000000000e+00 1.315201999999999908e-03
1.327169309999999996e+03 0.000000000000000000e+00 1.302455000000000106e-03
1.327847899999999981e+03 0.000000000000000000e+00 1.289463000000000024e-03
1.328526370000000043e+03 0.000000000000000000e+00 1.277948000000000105e-03
1.329204829999999902e+03 0.000000000000000000e+00 1.259907999999999905e-03
1.329883299999999963e+03 0.000000000000000000e+00 1.236777000000000102e-03
1.330561770000000024e+03 0.000000000000000000e+00 1.221087999999999948e-03
1.331240109999999959e+03 0.000000000000000000e+00 1.211103999999999957e-03
1.331918580000000020e+03 0.000000000000000000e+00 1.199603999999999948e-03
1.332596919999999955e+03 0.000000000000000000e+00 1.180189000000000108e-03
1.333275270000000091e+03 0.000000000000000000e+00 1.158392000000000059e-03
1.333953610000000026e+03 0.000000000000000000e+00 1.131000999999999968e-03
1.334631840000000011e+03 0.000000000000000000e+00 1.106839000000000087e-03
1.335310179999999946e+03 0.000000000000000000e+00 1.092719000000000025e-03
1.335988399999999956e+03 0.000000000000000000e+00 1.082943999999999964e-03
1.336666629999999941e+03 0.000000000000000000e+00 1.078729000000000059e-03
1.337344849999999951e+03 0.000000000000000000e+00 1.072339999999999969e-03
1.338022950000000037e+03 0.000000000000000000e+00 1.057119999999999935e-03
1.338701170000000047e+03 0.000000000000000000e+00 1.029986000000000096e-03
1.339379269999999906e+03 0.000000000000000000e+00 1.018650999999999975e-03
1.340057369999999992e+03 0.000000000000000000e+00 1.008425000000000077e-03
1.340735470000000078e+03 0.000000000000000000e+00 9.970370000000000968e-04
1.341413569999999936e+03 0.000000000000000000e+00 9.864349999999999161e-04
1.342091550000000097e+03 0.000000000000000000e+00 9.801930000000000798e-04
1.342769649999999956e+03 0.000000000000000000e+00 9.668289999999999957e-04
1.343447629999999890e+03 0.000000000000000000e+00 9.581970000000000418e-04
1.344125610000000052e+03 0.000000000000000000e+00 9.455299999999999816e-04
1.344803589999999986e+03 0.000000000000000000e+00 9.307290000000000398e-04
1.345481449999999995e+03 0.000000000000000000e+00 9.035300000000000449e-04
1.346159419999999955e+03 0.000000000000000000e+00 8.835530000000000293e-04
1.346837279999999964e+03 0.000000000000000000e+00 8.755969999999999856e-04
1.347515139999999974e+03 0.000000000000000000e+00 8.670289999999999551e-04
1.348192990000000009e+03 0.000000000000000000e+00 8.577539999999999601e-04
1.348870850000000019e+03 0.000000000000000000e+00 8.513320000000000002e-04
1.349548579999999902e+03 0.000000000000000000e+00 8.382770000000000108e-04
1.350226319999999987e+03 0.000000000000000000e+00 8.248160000000000257e-04
1.350904170000000022e+03 0.000000000000000000e+00 8.107939999999999895e-04
1.351581789999999955e+03 0.000000000000000000e+00 7.825209999999999978e-04
1.352259520000000066e+03 0.000000000000000000e+00 7.830499999999999787e-04
1.352937259999999924e+03 0.000000000000000000e+00 7.913780000000000250e-04
1.353614870000000110e+03 0.000000000000000000e+00 7.892990000000000336e-04
1.354292480000000069e+03 0.000000000000000000e+00 7.994309999999999698e-04
1.354970090000000027e+03 0.000000000000000000e+00 8.103579999999999551e-04
1.355647709999999961e+03 0.000000000000000000e+00 8.253579999999999944e-04
1.356325319999999920e+03 0.000000000000000000e+00 8.224120000000000128e-04
1.357002809999999954e+03 0.000000000000000000e+00 8.195779999999999515e-04
1.357680299999999988e+03 0.000000000000000000e+00 8.205779999999999758e-04
1.358357790000000023e+03 0.000000000000000000e+00 8.186899999999999560e-04
1.359035280000000057e+03 0.000000000000000000e+00 8.192110000000000277e-04
1.359712770000000091e+03 0.000000000000000000e+00 8.112619999999999857e-04
1.360390139999999974e+03 0.000000000000000000e+00 8.021260000000000109e-04
1.361067630000000008e+03 0.000000000000000000e+00 7.947100000000000128e-04
1.361744999999999891e+03 0.000000000000000000e+00 7.992519999999999703e-04
1.362422360000000026e+03 0.000000000000000000e+00 7.905759999999999741e-04
1.363099609999999984e+03 0.000000000000000000e+00 7.871490000000000084e-04
1.363776980000000094e+03 0.000000000000000000e+00 7.689259999999999628e-04
1.364454220000000078e+03 0.000000000000000000e+00 7.534170000000000407e-04
1.365131470000000036e+03 0.000000000000000000e+00 7.308949999999999605e-04
1.365808719999999994e+03 0.000000000000000000e+00 7.202270000000000416e-04
1.366485959999999977e+03 0.000000000000000000e+00 7.048939999999999633e-04
1.367163209999999935e+03 0.000000000000000000e+00 6.914920000000000398e-04
1.367840329999999994e+03 0.000000000000000000e+00 6.805510000000000509e-04
