9.306945799999999736e+02 0.000000000000000000e+00 2.146075999999999800e-03
9.313851899999999659e+02 0.000000000000000000e+00 2.798203999999999882e-03
9.320757399999999961e+02 0.000000000000000000e+00 2.886501999999999991e-03
9.327663000000000011e+02 0.000000000000000000e+00 2.840608000000000109e-03
9.334568500000000313e+02 0.000000000000000000e+00 2.677928999999999900e-03
9.341473999999999478e+02 0.000000000000000000e+00 2.856336000000000118e-03
9.348378900000000158e+02 0.000000000000000000e+00 3.223418999999999937e-03
9.355283799999999701e+02 0.000000000000000000e+00 3.242716999999999995e-03
9.362188700000000381e+02 0.000000000000000000e+00 3.205669999999999874e-03
9.369093000000000302e+02 0.000000000000000000e+00 3.085963000000000161e-03
9.375997300000000223e+02 0.000000000000000000e+00 2.999930000000000044e-03
9.382901600000000144e+02 0.000000000000000000e+00 2.670654000000000170e-03
9.389805300000000443e+02 0.000000000000000000e+00 2.504690999999999862e-03
9.396708999999999605e+02 0.000000000000000000e+00 2.476559000000000139e-03
9.403612699999999904e+02 0.000000000000000000e+00 2.499058000000000182e-03
9.410515699999999697e+02 0.000000000000000000e+00 2.485265999999999864e-03
9.417418800000000374e+02 0.000000000000000000e+00 2.438659000000000139e-03
9.424321899999999914e+02 0.000000000000000000e+00 2.326607000000000067e-03
9.431224999999999454e+02 0.000000000000000000e+00 2.162372000000000079e-03
9.438127399999999625e+02 0.000000000000000000e+00 2.138419999999999817e-03
9.445029899999999543e+02 0.000000000000000000e+00 2.175027999999999857e-03
9.451931799999999839e+02 0.000000000000000000e+00 2.232864000000000203e-03
9.458833600000000388e+02 0.000000000000000000e+00 2.152236000000000080e-03
9.465735499999999547e+02 0.000000000000000000e+00 2.150172000000000107e-03
9.472637300000000096e+02 0.000000000000000000e+00 2.229257000000000113e-03
9.479538599999999633e+02 0.000000000000000000e+00 2.396919999999999867e-03
9.486439800000000560e+02 0.000000000000000000e+00 2.558457000000000092e-03
9.493341100000000097e+02 0.000000000000000000e+00 2.623341999999999861e-03
9.500241700000000264e+02 0.000000000000000000e+00 2.813023999999999906e-03
9.507142300000000432e+02 0.000000000000000000e+00 2.855466000000000081e-03
9.514043000000000347e+02 0.000000000000000000e+00 2.971703000000000018e-03
9.520943600000000515e+02 0.000000000000000000e+00 2.967184999999999788e-03
9.527843599999999924e+02 0.000000000000000000e+00 3.112788999999999921e-03
9.534743700000000217e+02 0.000000000000000000e+00 3.260577000000000180e-03
9.541643100000000004e+02 0.000000000000000000e+00 3.346057999999999845e-03
9.548542499999999791e+02 0.000000000000000000e+00 3.439123000000000093e-03
9.555441899999999578e+02 0.000000000000000000e+00 3.531901999999999958e-03
9.562341300000000501e+02 0.000000000000000000e+00 3.591064000000000148e-03
9.569240099999999529e+02 0.000000000000000000e+00 3.746983000000000171e-03
9.576138899999999694e+02 0.000000000000000000e+00 4.044240000000000161e-03
9.583037699999999859e+02 0.000000000000000000e+00 4.534629000000000090e-03
9.589935900000000402e+02 0.000000000000000000e+00 4.998769000000000129e-03
9.596834099999999808e+02 0.000000000000000000e+00 5.337653000000000363e-03
9.603731699999999591e+02 0.000000000000000000e+00 5.615916000000000310e-03
9.610629900000000134e+02 0.000000000000000000e+00 6.031670999999999734e-03
9.617527499999999918e+02 0.000000000000000000e+00 6.523466999999999807e-03
9.624424999999999955e+02 0.000000000000000000e+00 7.056513999999999842e-03
9.631322000000000116e+02 0.000000000000000000e+00 7.603480000000000134e-03
9.638219000000000278e+02 0.000000000000000000e+00 8.445447999999999497e-03
9.645116000000000440e+02 0.000000000000000000e+00 9.359297000000000796e-03
9.652012300000000096e+02 0.000000000000000000e+00 1.014889899999999942e-02
9.658908699999999499e+02 0.000000000000000000e+00 1.091099499999999972e-02
9.665805100000000039e+02 0.000000000000000000e+00 1.161592699999999985e-02
9.672701399999999694e+02 0.000000000000000000e+00 1.214861599999999923e-02
9.679597199999999475e+02 0.000000000000000000e+00 1.298441799999999931e-02
9.686492899999999509e+02 0.000000000000000000e+00 1.396393500000000024e-02
9.693388700000000426e+02 0.000000000000000000e+00 1.494361100000000074e-02
9.700283799999999701e+02 0.000000000000000000e+00 1.593538099999999846e-02
9.707178999999999860e+02 0.000000000000000000e+00 1.706431599999999951e-02
9.714073499999999513e+02 0.000000000000000000e+00 1.802406399999999936e-02
9.720968599999999924e+02 0.000000000000000000e+00 1.892695000000000141e-02
9.727863200000000461e+02 0.000000000000000000e+00 2.006167400000000156e-02
9.734757100000000491e+02 0.000000000000000000e+00 2.085249700000000109e-02
9.741651600000000144e+02 0.000000000000000000e+00 2.185594500000000162e-02
9.748545500000000175e+02 0.000000000000000000e+00 2.345251500000000017e-02
9.755438799999999446e+02 0.000000000000000000e+00 2.459906499999999982e-02
9.762332800000000361e+02 0.000000000000000000e+00 2.577151399999999884e-02
9.769226099999999633e+02 0.000000000000000000e+00 2.670599499999999973e-02
9.776119400000000041e+02 0.000000000000000000e+00 2.761310800000000079e-02
9.783012099999999691e+02 0.000000000000000000e+00 2.838009500000000102e-02
9.789904800000000478e+02 0.000000000000000000e+00 2.935812200000000038e-02
9.796797500000000127e+02 0.000000000000000000e+00 3.050359299999999899e-02
9.803690199999999777e+02 0.000000000000000000e+00 3.167129600000000156e-02
9.810582299999999805e+02 0.000000000000000000e+00 3.335746900000000070e-02
9.817474399999999832e+02 0.000000000000000000e+00 3.438702500000000162e-02
9.824365800000000490e+02 0.000000000000000000e+00 3.549492499999999662e-02
9.831257299999999759e+02 0.000000000000000000e+00 3.690284800000000198e-02
9.838148800000000165e+02 0.000000000000000000e+00 3.788989300000000088e-02
9.845040299999999434e+02 0.000000000000000000e+00 3.894311599999999984e-02
9.851931200000000217e+02 0.000000000000000000e+00 4.006006799999999729e-02
9.858822000000000116e+02 0.000000000000000000e+00 4.130067999999999934e-02
9.865712899999999763e+02 0.000000000000000000e+00 4.230764399999999842e-02
9.872603100000000040e+02 0.000000000000000000e+00 4.346045800000000042e-02
9.879493400000000065e+02 0.000000000000000000e+00 4.439902600000000116e-02
9.886383700000000090e+02 0.000000000000000000e+00 4.495975299999999814e-02
9.893273299999999608e+02 0.000000000000000000e+00 4.562435299999999944e-02
9.900163000000000011e+02 0.000000000000000000e+00 4.601527600000000079e-02
9.907052599999999529e+02 0.000000000000000000e+00 4.618272200000000244e-02
9.913941700000000310e+02 0.000000000000000000e+00 4.583514100000000285e-02
9.920830700000000206e+02 0.000000000000000000e+00 4.546659100000000064e-02
9.927719700000000103e+02 0.000000000000000000e+00 4.487366200000000166e-02
9.934608799999999746e+02 0.000000000000000000e+00 4.432945399999999730e-02
9.941497200000000021e+02 0.000000000000000000e+00 4.333899399999999874e-02
9.948385600000000295e+02 0.000000000000000000e+00 4.170051500000000050e-02
9.955273399999999810e+02 0.000000000000000000e+00 4.066807599999999745e-02
9.962161300000000210e+02 0.000000000000000000e+00 3.878196700000000052e-02
9.969049099999999726e+02 0.000000000000000000e+00 3.713807799999999798e-02
9.975936900000000378e+02 0.000000000000000000e+00 3.537138000000000088e-02
9.982824100000000271e+02 0.000000000000000000e+00 3.368437199999999715e-02
9.989711300000000165e+02 0.000000000000000000e+00 3.217330300000000032e-02
9.996597900000000436e+02 0.000000000000000000e+00 3.110898900000000009e-02
1.000348449999999957e+03 0.000000000000000000e+00 2.948114199999999838e-02
1.001037109999999984e+03 0.000000000000000000e+00 2.828598400000000013e-02
1.001725770000000011e+03 0.000000000000000000e+00 2.686449800000000054e-02
1.002414369999999963e+03 0.000000000000000000e+00 2.517358800000000021e-02
1.003102970000000028e+03 0.000000000000000000e+00 2.370124499999999926e-02
1.003791560000000004e+03 0.000000000000000000e+00 2.266883399999999882e-02
1.004480099999999993e+03 0.000000000000000000e+00 2.168491800000000094e-02
1.005168639999999982e+03 0.000000000000000000e+00 2.051743899999999843e-02
1.005857179999999971e+03 0.000000000000000000e+00 1.930030599999999971e-02
1.006545650000000023e+03 0.000000000000000000e+00 1.851858899999999850e-02
1.007234130000000050e+03 0.000000000000000000e+00 1.747637800000000075e-02
1.007922609999999963e+03 0.000000000000000000e+00 1.612758400000000036e-02
1.008611020000000053e+03 0.000000000000000000e+00 1.527446600000000043e-02
1.009299440000000004e+03 0.000000000000000000e+00 1.443735299999999999e-02
1.009987849999999980e+03 0.000000000000000000e+00 1.396000399999999982e-02
1.010676270000000045e+03 0.000000000000000000e+00 1.343136399999999946e-02
1.011364619999999945e+03 0.000000000000000000e+00 1.286132599999999931e-02
1.012052919999999972e+03 0.000000000000000000e+00 1.235631899999999929e-02
1.012741269999999986e+03 0.000000000000000000e+00 1.193045199999999938e-02
1.013429570000000012e+03 0.000000000000000000e+00 1.154847200000000060e-02
1.014117859999999951e+03 0.000000000000000000e+00 1.110832599999999996e-02
1.014806090000000040e+03 0.000000000000000000e+00 1.072803599999999982e-02
1.015494320000000016e+03 0.000000000000000000e+00 1.049163900000000052e-02
1.016182559999999967e+03 0.000000000000000000e+00 1.012855399999999968e-02
1.016870790000000056e+03 0.000000000000000000e+00 9.942691999999999503e-03
1.017558959999999956e+03 0.000000000000000000e+00 9.731415999999999678e-03
1.018247129999999970e+03 0.000000000000000000e+00 9.444162000000000737e-03
1.018935240000000022e+03 0.000000000000000000e+00 9.120523999999999645e-03
1.019623349999999959e+03 0.000000000000000000e+00 8.906516999999999212e-03
1.020311460000000011e+03 0.000000000000000000e+00 8.668696999999999514e-03
1.020999569999999949e+03 0.000000000000000000e+00 8.590986000000000108e-03
1.021687620000000038e+03 0.000000000000000000e+00 8.475194000000000130e-03
1.022375670000000014e+03 0.000000000000000000e+00 8.399195999999999399e-03
1.023063719999999989e+03 0.000000000000000000e+00 8.259676000000000518e-03
1.023751710000000003e+03 0.000000000000000000e+00 8.212753999999999194e-03
1.024439699999999903e+03 0.000000000000000000e+00 8.133213000000000248e-03
1.025127690000000030e+03 0.000000000000000000e+00 8.123361000000000817e-03
1.025815550000000030e+03 0.000000000000000000e+00 8.082356000000000609e-03
1.026503539999999930e+03 0.000000000000000000e+00 8.121025999999999939e-03
1.027191409999999905e+03 0.000000000000000000e+00 8.256667999999999993e-03
1.027879269999999906e+03 0.000000000000000000e+00 8.400578000000000559e-03
1.028567140000000109e+03 0.000000000000000000e+00 8.463002000000000719e-03
1.029255000000000109e+03 0.000000000000000000e+00 8.609201999999999827e-03
1.029942870000000084e+03 0.000000000000000000e+00 8.780166000000000706e-03
1.030630619999999908e+03 0.000000000000000000e+00 9.103582000000000687e-03
1.031318479999999909e+03 0.000000000000000000e+00 9.400811000000000237e-03
1.032006229999999960e+03 0.000000000000000000e+00 9.587605000000000779e-03
1.032693970000000036e+03 0.000000000000000000e+00 9.787563000000000860e-03
1.033381710000000112e+03 0.000000000000000000e+00 9.936801999999999788e-03
1.034069340000000011e+03 0.000000000000000000e+00 1.033501199999999932e-02
1.034757080000000087e+03 0.000000000000000000e+00 1.076748400000000078e-02
1.035444700000000012e+03 0.000000000000000000e+00 1.113781299999999988e-02
1.036132319999999936e+03 0.000000000000000000e+00 1.154198600000000061e-02
1.036820069999999987e+03 0.000000000000000000e+00 1.192733200000000056e-02
1.037507569999999987e+03 0.000000000000000000e+00 1.238073200000000020e-02
1.038195189999999911e+03 0.000000000000000000e+00 1.282642200000000052e-02
1.038882810000000063e+03 0.000000000000000000e+00 1.314731499999999970e-02
1.039570310000000063e+03 0.000000000000000000e+00 1.349775200000000001e-02
1.040257810000000063e+03 0.000000000000000000e+00 1.392704999999999985e-02
1.040945310000000063e+03 0.000000000000000000e+00 1.435907999999999976e-02
1.041632810000000063e+03 0.000000000000000000e+00 1.480430299999999956e-02
1.042320310000000063e+03 0.000000000000000000e+00 1.497701799999999993e-02
1.043007689999999911e+03 0.000000000000000000e+00 1.509886199999999935e-02
1.043695189999999911e+03 0.000000000000000000e+00 1.521889100000000002e-02
1.044382569999999987e+03 0.000000000000000000e+00 1.540479699999999959e-02
1.045069950000000063e+03 0.000000000000000000e+00 1.551371999999999994e-02
1.045757319999999936e+03 0.000000000000000000e+00 1.552477600000000055e-02
1.046444700000000012e+03 0.000000000000000000e+00 1.544644000000000052e-02
1.047131959999999935e+03 0.000000000000000000e+00 1.528108899999999944e-02
1.047819340000000011e+03 0.000000000000000000e+00 1.508023300000000018e-02
1.048506589999999960e+03 0.000000000000000000e+00 1.494432499999999962e-02
1.049193850000000111e+03 0.000000000000000000e+00 1.462022999999999968e-02
1.049881100000000060e+03 0.000000000000000000e+00 1.435335800000000009e-02
1.050568359999999984e+03 0.000000000000000000e+00 1.403372399999999916e-02
1.051255490000000009e+03 0.000000000000000000e+00 1.375021799999999982e-02
1.051942749999999933e+03 0.000000000000000000e+00 1.351458000000000000e-02
1.052629879999999957e+03 0.000000000000000000e+00 1.317366399999999986e-02
1.053317019999999957e+03 0.000000000000000000e+00 1.291217599999999917e-02
1.054004149999999981e+03 0.000000000000000000e+00 1.259361999999999981e-02
1.054691280000000006e+03 0.000000000000000000e+00 1.232015000000000020e-02
1.055378300000000081e+03 0.000000000000000000e+00 1.211532499999999971e-02
1.056065430000000106e+03 0.000000000000000000e+00 1.189832199999999937e-02
1.056752439999999979e+03 0.000000000000000000e+00 1.155091299999999946e-02
1.057439450000000079e+03 0.000000000000000000e+00 1.115644200000000079e-02
1.058126459999999952e+03 0.000000000000000000e+00 1.089259400000000023e-02
1.058813480000000027e+03 0.000000000000000000e+00 1.068105100000000043e-02
1.059500489999999900e+03 0.000000000000000000e+00 1.049580100000000078e-02
1.060187380000000076e+03 0.000000000000000000e+00 1.039132800000000002e-02
1.060874270000000024e+03 0.000000000000000000e+00 1.014867499999999936e-02
1.061561159999999973e+03 0.000000000000000000e+00 9.893855000000000011e-03
1.062248049999999921e+03 0.000000000000000000e+00 9.707673999999999470e-03
1.062934940000000097e+03 0.000000000000000000e+00 9.568342000000000513e-03
1.063621830000000045e+03 0.000000000000000000e+00 9.517664000000000332e-03
1.064308590000000095e+03 0.000000000000000000e+00 9.426438000000000525e-03
1.064995480000000043e+03 0.000000000000000000e+00 9.329553000000000845e-03
1.065682250000000067e+03 0.000000000000000000e+00 9.240962999999999608e-03
1.066369020000000091e+03 0.000000000000000000e+00 9.264707000000000497e-03
1.067055659999999989e+03 0.000000000000000000e+00 9.314938000000000037e-03
1.067742430000000013e+03 0.000000000000000000e+00 9.347749000000000683e-03
1.068429080000000113e+03 0.000000000000000000e+00 9.414848999999999440e-03
1.069115839999999935e+03 0.000000000000000000e+00 9.455260000000000054e-03
1.069802490000000034e+03 0.000000000000000000e+00 9.590658999999999643e-03
1.070489139999999907e+03 0.000000000000000000e+00 9.695257000000000527e-03
1.071175780000000032e+03 0.000000000000000000e+00 9.849187000000000566e-03
1.071862300000000005e+03 0.000000000000000000e+00 1.000415099999999932e-02
1.072548950000000104e+03 0.000000000000000000e+00 1.013109400000000021e-02
1.073235470000000078e+03 0.000000000000000000e+00 1.020865999999999961e-02
1.073922000000000025e+03 0.000000000000000000e+00 1.036023600000000010e-02
1.074608519999999999e+03 0.000000000000000000e+00 1.048089200000000033e-02
1.075295039999999972e+03 0.000000000000000000e+00 1.052519000000000024e-02
1.075981569999999920e+03 0.000000000000000000e+00 1.061705999999999935e-02
1.076667969999999968e+03 0.000000000000000000e+00 1.067462500000000009e-02
1.077354370000000017e+03 0.000000000000000000e+00 1.065600000000000054e-02
1.078040770000000066e+03 0.000000000000000000e+00 1.065241100000000052e-02
1.078727169999999887e+03 0.000000000000000000e+00 1.059731199999999936e-02
1.079413569999999936e+03 0.000000000000000000e+00 1.050120499999999957e-02
1.080099979999999960e+03 0.000000000000000000e+00 1.043203300000000028e-02
1.080786250000000109e+03 0.000000000000000000e+00 1.029060499999999954e-02
1.081472659999999905e+03 0.000000000000000000e+00 1.016785000000000085e-02
1.082158940000000030e+03 0.000000000000000000e+00 9.931046000000000665e-03
1.082845209999999952e+03 0.000000000000000000e+00 9.682895999999999864e-03
1.083531369999999924e+03 0.000000000000000000e+00 9.438673999999999328e-03
1.084217650000000049e+03 0.000000000000000000e+00 9.118245999999999990e-03
1.084903929999999946e+03 0.000000000000000000e+00 8.752796000000000187e-03
1.085590089999999918e+03 0.000000000000000000e+00 8.510484000000000451e-03
1.086276249999999891e+03 0.000000000000000000e+00 8.257465999999999764e-03
1.086962399999999889e+03 0.000000000000000000e+00 7.965995000000000020e-03
1.087648560000000089e+03 0.000000000000000000e+00 7.740300999999999779e-03
1.088334589999999935e+03 0.000000000000000000e+00 7.549830000000000430e-03
1.089020749999999907e+03 0.000000000000000000e+00 7.272045999999999892e-03
1.089706789999999955e+03 0.000000000000000000e+00 7.033236000000000002e-03
1.090392820000000029e+03 0.000000000000000000e+00 6.841484999999999581e-03
1.091078860000000077e+03 0.000000000000000000e+00 6.685225999999999842e-03
1.091764889999999923e+03 0.000000000000000000e+00 6.554284999999999972e-03
1.092450810000000047e+03 0.000000000000000000e+00 6.395841999999999673e-03
1.093136839999999893e+03 0.000000000000000000e+00 6.207284999999999886e-03
1.093822750000000042e+03 0.000000000000000000e+00 6.050935000000000341e-03
1.094508669999999938e+03 0.000000000000000000e+00 5.958467999999999751e-03
1.095194580000000087e+03 0.000000000000000000e+00 5.903921000000000342e-03
1.095880490000000009e+03 0.000000000000000000e+00 5.805194999999999973e-03
1.096566409999999905e+03 0.000000000000000000e+00 5.724573000000000161e-03
1.097252199999999903e+03 0.000000000000000000e+00 5.721867999999999746e-03
1.097937989999999900e+03 0.000000000000000000e+00 5.717146999999999681e-03
1.098623779999999897e+03 0.000000000000000000e+00 5.710166000000000026e-03
1.099309569999999894e+03 0.000000000000000000e+00 5.699939000000000221e-03
1.099995359999999891e+03 0.000000000000000000e+00 5.745992000000000113e-03
1.100681149999999889e+03 0.000000000000000000e+00 5.823123000000000361e-03
1.101366819999999962e+03 0.000000000000000000e+00 5.913772000000000299e-03
1.102052490000000034e+03 0.000000000000000000e+00 6.040949999999999792e-03
1.102738160000000107e+03 0.000000000000000000e+00 6.154518999999999788e-03
1.103423829999999953e+03 0.000000000000000000e+00 6.267784999999999676e-03
1.104109500000000025e+03 0.000000000000000000e+00 6.421838000000000025e-03
1.104795170000000098e+03 0.000000000000000000e+00 6.548347000000000369e-03
1.105480710000000045e+03 0.000000000000000000e+00 6.753748000000000390e-03
1.106166259999999966e+03 0.000000000000000000e+00 7.012247999999999572e-03
1.106851809999999887e+03 0.000000000000000000e+00 7.411990999999999719e-03
1.107537350000000060e+03 0.000000000000000000e+00 7.752667999999999886e-03
1.108222899999999981e+03 0.000000000000000000e+00 8.096369000000000829e-03
1.108908449999999903e+03 0.000000000000000000e+00 8.370752999999999874e-03
1.109593869999999924e+03 0.000000000000000000e+00 8.550655000000000755e-03
1.110279299999999921e+03 0.000000000000000000e+00 8.828519999999999424e-03
1.110964719999999943e+03 0.000000000000000000e+00 9.310376000000000415e-03
1.111650149999999940e+03 0.000000000000000000e+00 9.756272999999999335e-03
1.112335569999999962e+03 0.000000000000000000e+00 1.022362100000000044e-02
1.113020999999999958e+03 0.000000000000000000e+00 1.074377200000000039e-02
1.113706300000000056e+03 0.000000000000000000e+00 1.127114599999999925e-02
1.114391599999999926e+03 0.000000000000000000e+00 1.174957899999999958e-02
1.115076900000000023e+03 0.000000000000000000e+00 1.237648099999999994e-02
1.115762210000000096e+03 0.000000000000000000e+00 1.294339599999999937e-02
1.116447509999999966e+03 0.000000000000000000e+00 1.346812399999999972e-02
1.117132689999999911e+03 0.000000000000000000e+00 1.413073999999999927e-02
1.117817990000000009e+03 0.000000000000000000e+00 1.497518500000000023e-02
1.118503169999999955e+03 0.000000000000000000e+00 1.558246899999999983e-02
1.119188349999999900e+03 0.000000000000000000e+00 1.641614900000000141e-02
1.119873540000000048e+03 0.000000000000000000e+00 1.707270799999999894e-02
1.120558590000000095e+03 0.000000000000000000e+00 1.751703300000000130e-02
1.121243770000000040e+03 0.000000000000000000e+00 1.794675600000000121e-02
1.121928830000000062e+03 0.000000000000000000e+00 1.865213599999999972e-02
1.122613890000000083e+03 0.000000000000000000e+00 1.927530900000000089e-02
1.123298950000000104e+03 0.000000000000000000e+00 1.988454900000000136e-02
1.123984009999999898e+03 0.000000000000000000e+00 2.024360399999999838e-02
1.124669069999999920e+03 0.000000000000000000e+00 2.061235599999999835e-02
1.125354000000000042e+03 0.000000000000000000e+00 2.094895299999999932e-02
1.126039060000000063e+03 0.000000000000000000e+00 2.136591399999999974e-02
1.126723999999999933e+03 0.000000000000000000e+00 2.149318100000000009e-02
1.127408940000000030e+03 0.000000000000000000e+00 2.158545400000000045e-02
1.128093869999999924e+03 0.000000000000000000e+00 2.169962099999999880e-02
1.128778690000000097e+03 0.000000000000000000e+00 2.185867699999999997e-02
1.129463619999999992e+03 0.000000000000000000e+00 2.196482400000000085e-02
1.130148439999999937e+03 0.000000000000000000e+00 2.200647999999999840e-02
1.130833249999999907e+03 0.000000000000000000e+00 2.197298300000000149e-02
1.131518070000000080e+03 0.000000000000000000e+00 2.185182899999999970e-02
1.132202880000000050e+03 0.000000000000000000e+00 2.174315099999999876e-02
1.132887699999999995e+03 0.000000000000000000e+00 2.165432899999999994e-02
1.133572390000000041e+03 0.000000000000000000e+00 2.157911100000000151e-02
1.134257080000000087e+03 0.000000000000000000e+00 2.144618900000000092e-02
1.134941769999999906e+03 0.000000000000000000e+00 2.123313900000000157e-02
1.135626459999999952e+03 0.000000000000000000e+00 2.101535100000000156e-02
1.136311159999999973e+03 0.000000000000000000e+00 2.068870899999999957e-02
1.136995850000000019e+03 0.000000000000000000e+00 2.032382500000000022e-02
1.137680419999999913e+03 0.000000000000000000e+00 2.015662999999999830e-02
1.138364990000000034e+03 0.000000000000000000e+00 1.990710399999999838e-02
1.139049559999999929e+03 0.000000000000000000e+00 1.969728199999999999e-02
1.139734130000000050e+03 0.000000000000000000e+00 1.937867100000000009e-02
1.140418699999999944e+03 0.000000000000000000e+00 1.917689800000000125e-02
1.141103149999999914e+03 0.000000000000000000e+00 1.898316200000000134e-02
1.141787720000000036e+03 0.000000000000000000e+00 1.881199500000000149e-02
1.142472170000000006e+03 0.000000000000000000e+00 1.871387899999999924e-02
1.143156619999999975e+03 0.000000000000000000e+00 1.870031200000000018e-02
1.143841059999999970e+03 0.000000000000000000e+00 1.866248699999999844e-02
1.144525509999999940e+03 0.000000000000000000e+00 1.864026200000000119e-02
1.145209839999999986e+03 0.000000000000000000e+00 1.873734999999999984e-02
1.145894289999999955e+03 0.000000000000000000e+00 1.873055900000000079e-02
1.146578610000000026e+03 0.000000000000000000e+00 1.866036299999999926e-02
1.147262940000000071e+03 0.000000000000000000e+00 1.854215400000000166e-02
1.147947269999999889e+03 0.000000000000000000e+00 1.833976099999999956e-02
1.148631470000000036e+03 0.000000000000000000e+00 1.823665699999999987e-02
1.149315800000000081e+03 0.000000000000000000e+00 1.806836200000000101e-02
1.150000000000000000e+03 0.000000000000000000e+00 1.785602000000000023e-02
1.150684199999999919e+03 0.000000000000000000e+00 1.762902800000000145e-02
1.151368410000000040e+03 0.000000000000000000e+00 1.743861199999999917e-02
1.152052609999999959e+03 0.000000000000000000e+00 1.725807999999999856e-02
1.152736820000000080e+03 0.000000000000000000e+00 1.699117099999999936e-02
1.153420900000000074e+03 0.000000000000000000e+00 1.679602499999999915e-02
1.154104980000000069e+03 0.000000000000000000e+00 1.653801900000000102e-02
1.154789060000000063e+03 0.000000000000000000e+00 1.627751900000000071e-02
1.155473140000000058e+03 0.000000000000000000e+00 1.589974200000000143e-02
1.156157230000000027e+03 0.000000000000000000e+00 1.538271800000000009e-02
1.156841310000000021e+03 0.000000000000000000e+00 1.490763999999999978e-02
1.157525270000000091e+03 0.000000000000000000e+00 1.457828899999999948e-02
1.158209229999999934e+03 0.000000000000000000e+00 1.417886800000000072e-02
1.158893190000000004e+03 0.000000000000000000e+00 1.368499899999999977e-02
1.159577150000000074e+03 0.000000000000000000e+00 1.316731800000000077e-02
1.160261109999999917e+03 0.000000000000000000e+00 1.285224899999999962e-02
1.160945069999999987e+03 0.000000000000000000e+00 1.248893300000000067e-02
1.161628909999999905e+03 0.000000000000000000e+00 1.197222600000000074e-02
1.162312740000000076e+03 0.000000000000000000e+00 1.145315199999999943e-02
1.162996579999999994e+03 0.000000000000000000e+00 1.107801899999999971e-02
1.163680419999999913e+03 0.000000000000000000e+00 1.080730799999999985e-02
1.164364260000000058e+03 0.000000000000000000e+00 1.049349699999999920e-02
1.165047970000000078e+03 0.000000000000000000e+00 1.018102100000000017e-02
1.165731809999999996e+03 0.000000000000000000e+00 9.822265999999999636e-03
1.166415529999999990e+03 0.000000000000000000e+00 9.578543000000000127e-03
1.167099240000000009e+03 0.000000000000000000e+00 9.378706000000000542e-03
1.167782840000000078e+03 0.000000000000000000e+00 9.153288000000000743e-03
1.168466550000000097e+03 0.000000000000000000e+00 8.913017000000000509e-03
1.169150270000000091e+03 0.000000000000000000e+00 8.680151000000000533e-03
1.169833859999999959e+03 0.000000000000000000e+00 8.468398000000000245e-03
1.170517460000000028e+03 0.000000000000000000e+00 8.228644000000000236e-03
1.171201049999999896e+03 0.000000000000000000e+00 8.091355999999999202e-03
1.171884639999999990e+03 0.000000000000000000e+00 7.927009000000000485e-03
1.172568119999999908e+03 0.000000000000000000e+00 7.815307000000000504e-03
1.173251710000000003e+03 0.000000000000000000e+00 7.674041000000000369e-03
1.173935179999999946e+03 0.000000000000000000e+00 7.534382000000000058e-03
1.174618649999999889e+03 0.000000000000000000e+00 7.434053000000000362e-03
1.175302120000000059e+03 0.000000000000000000e+00 7.324409999999999948e-03
1.175985599999999977e+03 0.000000000000000000e+00 7.238343000000000381e-03
1.176668949999999995e+03 0.000000000000000000e+00 7.182133000000000267e-03
1.177352419999999938e+03 0.000000000000000000e+00 7.138532999999999858e-03
1.178035769999999957e+03 0.000000000000000000e+00 7.093837999999999880e-03
1.178719119999999975e+03 0.000000000000000000e+00 7.080686999999999572e-03
1.179402469999999994e+03 0.000000000000000000e+00 7.078914999999999860e-03
1.180085690000000113e+03 0.000000000000000000e+00 7.074150999999999877e-03
1.180769039999999904e+03 0.000000000000000000e+00 7.066521000000000087e-03
1.181452269999999999e+03 0.000000000000000000e+00 7.078784000000000291e-03
1.182135500000000093e+03 0.000000000000000000e+00 7.080832999999999919e-03
1.182818729999999960e+03 0.000000000000000000e+00 7.085725000000000183e-03
1.183501950000000079e+03 0.000000000000000000e+00 7.072441999999999965e-03
1.184185179999999946e+03 0.000000000000000000e+00 7.102306000000000070e-03
1.184868289999999888e+03 0.000000000000000000e+00 7.145344999999999995e-03
1.185551390000000083e+03 0.000000000000000000e+00 7.158689000000000198e-03
1.186234500000000025e+03 0.000000000000000000e+00 7.162884999999999912e-03
1.186917599999999993e+03 0.000000000000000000e+00 7.193065000000000223e-03
1.187600709999999935e+03 0.000000000000000000e+00 7.212651999999999952e-03
1.188283809999999903e+03 0.000000000000000000e+00 7.201405000000000133e-03
1.188966799999999921e+03 0.000000000000000000e+00 7.199088999999999662e-03
1.189649779999999964e+03 0.000000000000000000e+00 7.200582999999999984e-03
1.190332760000000007e+03 0.000000000000000000e+00 7.200035999999999936e-03
1.191015750000000025e+03 0.000000000000000000e+00 7.156471999999999660e-03
1.191698730000000069e+03 0.000000000000000000e+00 7.087536000000000183e-03
1.192381589999999960e+03 0.000000000000000000e+00 7.013291999999999964e-03
1.193064579999999978e+03 0.000000000000000000e+00 6.946644000000000083e-03
1.193747440000000097e+03 0.000000000000000000e+00 6.888644000000000191e-03
1.194430299999999988e+03 0.000000000000000000e+00 6.829603000000000063e-03
1.195113160000000107e+03 0.000000000000000000e+00 6.709576000000000082e-03
1.195795900000000074e+03 0.000000000000000000e+00 6.564986000000000085e-03
1.196478759999999966e+03 0.000000000000000000e+00 6.423294000000000399e-03
1.197161499999999933e+03 0.000000000000000000e+00 6.265172999999999749e-03
1.197844239999999900e+03 0.000000000000000000e+00 6.158928000000000146e-03
1.198526980000000094e+03 0.000000000000000000e+00 6.043045000000000361e-03
1.199209720000000061e+03 0.000000000000000000e+00 5.914110000000000200e-03
1.199892329999999902e+03 0.000000000000000000e+00 5.812115999999999984e-03
1.200575070000000096e+03 0.000000000000000000e+00 5.704060000000000380e-03
1.201257689999999911e+03 0.000000000000000000e+00 5.604640999999999616e-03
1.201940309999999954e+03 0.000000000000000000e+00 5.486714000000000174e-03
1.202622920000000022e+03 0.000000000000000000e+00 5.342239999999999836e-03
1.203305540000000065e+03 0.000000000000000000e+00 5.167609000000000091e-03
1.203988039999999955e+03 0.000000000000000000e+00 5.028781000000000397e-03
1.204670650000000023e+03 0.000000000000000000e+00 4.868355000000000425e-03
1.205353149999999914e+03 0.000000000000000000e+00 4.697024000000000164e-03
1.206035640000000058e+03 0.000000000000000000e+00 4.578592000000000252e-03
1.206718139999999948e+03 0.000000000000000000e+00 4.496080999999999862e-03
1.207400509999999940e+03 0.000000000000000000e+00 4.408290999999999946e-03
1.208083010000000058e+03 0.000000000000000000e+00 4.290826000000000189e-03
1.208765380000000050e+03 0.000000000000000000e+00 4.206750999999999893e-03
1.209447750000000042e+03 0.000000000000000000e+00 4.138766999999999793e-03
1.210130130000000008e+03 0.000000000000000000e+00 4.072926000000000150e-03
1.210812500000000000e+03 0.000000000000000000e+00 3.978337000000000193e-03
1.211494750000000067e+03 0.000000000000000000e+00 3.911417999999999839e-03
1.212177120000000059e+03 0.000000000000000000e+00 3.840146000000000011e-03
1.212859380000000101e+03 0.000000000000000000e+00 3.775311999999999852e-03
1.213541629999999941e+03 0.000000000000000000e+00 3.705710999999999988e-03
1.214223880000000008e+03 0.000000000000000000e+00 3.637336000000000128e-03
1.214906009999999924e+03 0.000000000000000000e+00 3.580428999999999990e-03
1.215588259999999991e+03 0.000000000000000000e+00 3.537897999999999824e-03
1.216270389999999907e+03 0.000000000000000000e+00 3.479480999999999980e-03
1.216952510000000075e+03 0.000000000000000000e+00 3.426718000000000038e-03
1.217634639999999990e+03 0.000000000000000000e+00 3.404685000000000177e-03
1.218316769999999906e+03 0.000000000000000000e+00 3.369875999999999948e-03
1.218998900000000049e+03 0.000000000000000000e+00 3.343669000000000068e-03
1.219680910000000040e+03 0.000000000000000000e+00 3.326584999999999959e-03
1.220363039999999955e+03 0.000000000000000000e+00 3.313804000000000055e-03
1.221045039999999972e+03 0.000000000000000000e+00 3.300267999999999865e-03
1.221727049999999963e+03 0.000000000000000000e+00 3.255926000000000133e-03
1.222408940000000030e+03 0.000000000000000000e+00 3.217885000000000190e-03
1.223090940000000046e+03 0.000000000000000000e+00 3.200372999999999846e-03
1.223772830000000113e+03 0.000000000000000000e+00 3.180497000000000012e-03
1.224454709999999977e+03 0.000000000000000000e+00 3.154149000000000189e-03
1.225136600000000044e+03 0.000000000000000000e+00 3.148497000000000101e-03
1.225818479999999909e+03 0.000000000000000000e+00 3.122843000000000147e-03
1.226500369999999975e+03 0.000000000000000000e+00 3.088581999999999873e-03
1.227182129999999916e+03 0.000000000000000000e+00 3.049804000000000143e-03
1.227864010000000007e+03 0.000000000000000000e+00 3.027318000000000196e-03
1.228545779999999922e+03 0.000000000000000000e+00 3.026539999999999873e-03
1.229227540000000090e+03 0.000000000000000000e+00 3.014938999999999900e-03
1.229909180000000106e+03 0.000000000000000000e+00 2.991095000000000038e-03
1.230590940000000046e+03 0.000000000000000000e+00 2.962686999999999873e-03
1.231272580000000062e+03 0.000000000000000000e+00 2.947491999999999907e-03
1.231954349999999977e+03 0.000000000000000000e+00 2.945091999999999849e-03
1.232635989999999993e+03 0.000000000000000000e+00 2.959799999999999844e-03
1.233317630000000008e+03 0.000000000000000000e+00 2.966911999999999935e-03
1.233999150000000100e+03 0.000000000000000000e+00 2.965096999999999872e-03
1.234680789999999888e+03 0.000000000000000000e+00 2.972762999999999795e-03
1.235362300000000005e+03 0.000000000000000000e+00 2.979742000000000068e-03
1.236043820000000096e+03 0.000000000000000000e+00 2.998681999999999910e-03
1.236725339999999960e+03 0.000000000000000000e+00 3.020913000000000070e-03
1.237406860000000052e+03 0.000000000000000000e+00 3.049894999999999950e-03
1.238088379999999916e+03 0.000000000000000000e+00 3.096966999999999949e-03
1.238769780000000083e+03 0.000000000000000000e+00 3.159493000000000197e-03
1.239451170000000047e+03 0.000000000000000000e+00 3.235551000000000139e-03
1.240132569999999987e+03 0.000000000000000000e+00 3.295859999999999849e-03
1.240813959999999952e+03 0.000000000000000000e+00 3.351897999999999857e-03
1.241495359999999891e+03 0.000000000000000000e+00 3.406465000000000014e-03
1.242176760000000058e+03 0.000000000000000000e+00 3.485442999999999961e-03
1.242858030000000099e+03 0.000000000000000000e+00 3.594350000000000062e-03
1.243539309999999887e+03 0.000000000000000000e+00 3.697471999999999825e-03
1.244220579999999927e+03 0.000000000000000000e+00 3.814142999999999874e-03
1.244901859999999942e+03 0.000000000000000000e+00 3.912198999999999885e-03
1.245583129999999983e+03 0.000000000000000000e+00 4.023516999999999892e-03
1.246264280000000099e+03 0.000000000000000000e+00 4.139531000000000113e-03
1.246945429999999988e+03 0.000000000000000000e+00 4.252010999999999985e-03
1.247626590000000078e+03 0.000000000000000000e+00 4.357678999999999719e-03
1.248307739999999967e+03 0.000000000000000000e+00 4.558463999999999919e-03
1.248988890000000083e+03 0.000000000000000000e+00 4.766127999999999684e-03
1.249670039999999972e+03 0.000000000000000000e+00 4.980509000000000151e-03
1.250351069999999936e+03 0.000000000000000000e+00 5.128495000000000276e-03
1.251032099999999900e+03 0.000000000000000000e+00 5.233586000000000141e-03
1.251713130000000092e+03 0.000000000000000000e+00 5.345808999999999978e-03
1.252394170000000031e+03 0.000000000000000000e+00 5.489695000000000165e-03
1.253075199999999995e+03 0.000000000000000000e+00 5.585291000000000040e-03
1.253756100000000060e+03 0.000000000000000000e+00 5.686354000000000235e-03
1.254437130000000025e+03 0.000000000000000000e+00 5.797341000000000126e-03
1.255118040000000065e+03 0.000000000000000000e+00 5.985568999999999612e-03
1.255798950000000104e+03 0.000000000000000000e+00 6.096830000000000131e-03
1.256479739999999993e+03 0.000000000000000000e+00 6.179251000000000188e-03
1.257160640000000058e+03 0.000000000000000000e+00 6.271938000000000339e-03
1.257841429999999946e+03 0.000000000000000000e+00 6.361656999999999729e-03
1.258522220000000061e+03 0.000000000000000000e+00 6.448411000000000247e-03
1.259202999999999975e+03 0.000000000000000000e+00 6.525254999999999771e-03
1.259883790000000090e+03 0.000000000000000000e+00 6.577572999999999753e-03
1.260564579999999978e+03 0.000000000000000000e+00 6.648483999999999644e-03
1.261245239999999967e+03 0.000000000000000000e+00 6.692883999999999639e-03
1.261926030000000083e+03 0.000000000000000000e+00 6.702638999999999819e-03
1.262606690000000071e+03 0.000000000000000000e+00 6.682521000000000294e-03
1.263287350000000060e+03 0.000000000000000000e+00 6.673024999999999964e-03
1.263968020000000024e+03 0.000000000000000000e+00 6.680736999999999960e-03
1.264648560000000089e+03 0.000000000000000000e+00 6.691423999999999636e-03
1.265329220000000078e+03 0.000000000000000000e+00 6.699814000000000117e-03
1.266009769999999889e+03 0.000000000000000000e+00 6.706738999999999756e-03
1.266690309999999954e+03 0.000000000000000000e+00 6.690050000000000337e-03
1.267370850000000019e+03 0.000000000000000000e+00 6.632785999999999890e-03
1.268051269999999931e+03 0.000000000000000000e+00 6.569745999999999572e-03
1.268731809999999996e+03 0.000000000000000000e+00 6.529084000000000103e-03
1.269412229999999909e+03 0.000000000000000000e+00 6.503834000000000004e-03
1.270092650000000049e+03 0.000000000000000000e+00 6.465966000000000075e-03
1.270773069999999962e+03 0.000000000000000000e+00 6.414307000000000168e-03
1.271453490000000102e+03 0.000000000000000000e+00 6.355666999999999740e-03
1.272133910000000014e+03 0.000000000000000000e+00 6.326822000000000175e-03
1.272814210000000003e+03 0.000000000000000000e+00 6.299728999999999572e-03
1.273494509999999991e+03 0.000000000000000000e+00 6.251651999999999904e-03
1.274174800000000005e+03 0.000000000000000000e+00 6.186582000000000366e-03
1.274855099999999993e+03 0.000000000000000000e+00 6.142639000000000085e-03
1.275535399999999981e+03 0.000000000000000000e+00 6.099157000000000016e-03
1.276215580000000045e+03 0.000000000000000000e+00 6.035496999999999911e-03
1.276895870000000059e+03 0.000000000000000000e+00 5.942379999999999711e-03
1.277576049999999896e+03 0.000000000000000000e+00 5.845923999999999739e-03
1.278256229999999960e+03 0.000000000000000000e+00 5.775834999999999997e-03
1.278936279999999897e+03 0.000000000000000000e+00 5.666833999999999934e-03
1.279616459999999961e+03 0.000000000000000000e+00 5.576178000000000211e-03
1.280296509999999898e+03 0.000000000000000000e+00 5.470667000000000238e-03
1.280976560000000063e+03 0.000000000000000000e+00 5.345619999999999712e-03
1.281656739999999900e+03 0.000000000000000000e+00 5.225829000000000411e-03
1.282336669999999913e+03 0.000000000000000000e+00 5.098967999999999730e-03
1.283016720000000078e+03 0.000000000000000000e+00 4.989147000000000200e-03
1.283696779999999990e+03 0.000000000000000000e+00 4.924330999999999674e-03
1.284376710000000003e+03 0.000000000000000000e+00 4.857649999999999815e-03
1.285056640000000016e+03 0.000000000000000000e+00 4.789680999999999626e-03
1.285736570000000029e+03 0.000000000000000000e+00 4.683343999999999875e-03
1.286416500000000042e+03 0.000000000000000000e+00 4.555649999999999630e-03
1.287096309999999903e+03 0.000000000000000000e+00 4.420356000000000285e-03
1.287776249999999891e+03 0.000000000000000000e+00 4.296921999999999894e-03
1.288456050000000005e+03 0.000000000000000000e+00 4.183926000000000138e-03
1.289135860000000093e+03 0.000000000000000000e+00 4.067298999999999914e-03
1.289815669999999955e+03 0.000000000000000000e+00 3.946350000000000378e-03
1.290495359999999891e+03 0.000000000000000000e+00 3.872323999999999905e-03
1.291175169999999980e+03 0.000000000000000000e+00 3.808047000000000168e-03
1.291854859999999917e+03 0.000000000000000000e+00 3.739975999999999891e-03
1.292534550000000081e+03 0.000000000000000000e+00 3.606222000000000073e-03
1.293214230000000043e+03 0.000000000000000000e+00 3.494862999999999963e-03
1.293893919999999980e+03 0.000000000000000000e+00 3.379671999999999798e-03
1.294573489999999993e+03 0.000000000000000000e+00 3.303336999999999940e-03
1.295253169999999955e+03 0.000000000000000000e+00 3.218091000000000181e-03
1.295932739999999967e+03 0.000000000000000000e+00 3.149002000000000138e-03
1.296612300000000005e+03 0.000000000000000000e+00 3.072842000000000108e-03
1.297291870000000017e+03 0.000000000000000000e+00 3.003047999999999915e-03
1.297971309999999903e+03 0.000000000000000000e+00 2.930569999999999963e-03
1.298650879999999916e+03 0.000000000000000000e+00 2.862546000000000101e-03
1.299330320000000029e+03 0.000000000000000000e+00 2.791205000000000162e-03
1.300009769999999889e+03 0.000000000000000000e+00 2.738291999999999810e-03
1.300689210000000003e+03 0.000000000000000000e+00 2.686097000000000137e-03
1.301368649999999889e+03 0.000000000000000000e+00 2.608590000000000041e-03
1.302047970000000078e+03 0.000000000000000000e+00 2.529785000000000107e-03
1.302727290000000039e+03 0.000000000000000000e+00 2.447920000000000131e-03
1.303406739999999900e+03 0.000000000000000000e+00 2.381457000000000018e-03
1.304085939999999937e+03 0.000000000000000000e+00 2.324473999999999985e-03
1.304765259999999898e+03 0.000000000000000000e+00 2.277831000000000126e-03
1.305444580000000087e+03 0.000000000000000000e+00 2.230067000000000074e-03
1.306123779999999897e+03 0.000000000000000000e+00 2.182861999999999823e-03
1.306802979999999934e+03 0.000000000000000000e+00 2.131579000000000199e-03
1.307482299999999896e+03 0.000000000000000000e+00 2.089529000000000126e-03
1.308161380000000008e+03 0.000000000000000000e+00 2.053450000000000067e-03
1.308840580000000045e+03 0.000000000000000000e+00 2.012223000000000050e-03
1.309519780000000083e+03 0.000000000000000000e+00 1.971942999999999873e-03
1.310198849999999993e+03 0.000000000000000000e+00 1.925873999999999945e-03
1.310877930000000106e+03 0.000000000000000000e+00 1.873171000000000081e-03
1.311557009999999991e+03 0.000000000000000000e+00 1.836430000000000007e-03
1.312236079999999902e+03 0.000000000000000000e+00 1.808462000000000047e-03
1.312915040000000090e+03 0.000000000000000000e+00 1.774210000000000023e-03
1.313594119999999975e+03 0.000000000000000000e+00 1.737028000000000053e-03
1.314273069999999962e+03 0.000000000000000000e+00 1.692773000000000064e-03
1.314952029999999922e+03 0.000000000000000000e+00 1.669467000000000000e-03
1.315630979999999909e+03 0.000000000000000000e+00 1.646607000000000019e-03
1.316309809999999970e+03 0.000000000000000000e+00 1.621651999999999903e-03
1.316988769999999931e+03 0.000000000000000000e+00 1.593657000000000060e-03
1.317667599999999993e+03 0.000000000000000000e+00 1.565685000000000037e-03
1.318346440000000030e+03 0.000000000000000000e+00 1.542556000000000049e-03
1.319025270000000091e+03 0.000000000000000000e+00 1.520026999999999967e-03
1.319704099999999926e+03 0.000000000000000000e+00 1.485839000000000083e-03
1.320382810000000063e+03 0.000000000000000000e+00 1.453922000000000070e-03
1.321061519999999973e+03 0.000000000000000000e+00 1.432852000000000084e-03
1.321740360000000010e+03 0.000000000000000000e+00 1.409204000000000056e-03
1.322419069999999920e+03 0.000000000000000000e+00 1.383452999999999983e-03
1.323097659999999905e+03 0.000000000000000000e+00 1.359415000000000102e-03
1.323776370000000043e+03 0.000000000000000000e+00 1.336844999999999917e-03
1.324454960000000028e+03 0.000000000000000000e+00 1.307655999999999923e-03
1.325133669999999938e+03 0.000000000000000000e+00 1.275497999999999910e-03
1.325812259999999924e+03 0.000000000000000000e+00 1.251617000000000007e-03
1.326490720000000010e+03 0.000000000000000000e+00 1.233509000000000038e-03
1.327169309999999996e+03 0.000000000000000000e+00 1.220603000000000009e-03
1.327847899999999981e+03 0.000000000000000000e+00 1.220809999999999907e-03
1.328526370000000043e+03 0.000000000000000000e+00 1.211707000000000018e-03
1.329204829999999902e+03 0.000000000000000000e+00 1.193589000000000108e-03
1.329883299999999963e+03 0.000000000000000000e+00 1.171862999999999985e-03
1.330561770000000024e+03 0.000000000000000000e+00 1.155229000000000021e-03
1.331240109999999959e+03 0.000000000000000000e+00 1.142400999999999920e-03
1.331918580000000020e+03 0.000000000000000000e+00 1.122275999999999959e-03
1.332596919999999955e+03 0.000000000000000000e+00 1.102661000000000006e-03
1.333275270000000091e+03 0.000000000000000000e+00 1.079441999999999902e-03
1.333953610000000026e+03 0.000000000000000000e+00 1.056031000000000027e-03
1.334631840000000011e+03 0.000000000000000000e+00 1.039844000000000055e-03
1.335310179999999946e+03 0.000000000000000000e+00 1.023276000000000047e-03
1.335988399999999956e+03 0.000000000000000000e+00 1.007291999999999910e-03
1.336666629999999941e+03 0.000000000000000000e+00 9.929929999999999573e-04
1.337344849999999951e+03 0.000000000000000000e+00 9.894240000000000326e-04
1.338022950000000037e+03 0.000000000000000000e+00 9.821719999999999062e-04
1.338701170000000047e+03 0.000000000000000000e+00 9.671849999999999632e-04
1.339379269999999906e+03 0.000000000000000000e+00 9.515930000000000352e-04
1.340057369999999992e+03 0.000000000000000000e+00 9.369930000000000056e-04
1.340735470000000078e+03 0.000000000000000000e+00 9.223280000000000367e-04
1.341413569999999936e+03 0.000000000000000000e+00 9.090850000000000146e-04
1.342091550000000097e+03 0.000000000000000000e+00 9.019469999999999484e-04
1.342769649999999956e+03 0.000000000000000000e+00 8.896660000000000028e-04
1.343447629999999890e+03 0.000000000000000000e+00 8.817789999999999613e-04
1.344125610000000052e+03 0.000000000000000000e+00 8.792649999999999511e-04
1.344803589999999986e+03 0.000000000000000000e+00 8.692889999999999775e-04
1.345481449999999995e+03 0.000000000000000000e+00 8.473569999999999713e-04
1.346159419999999955e+03 0.000000000000000000e+00 8.271469999999999734e-04
1.346837279999999964e+03 0.000000000000000000e+00 8.122029999999999484e-04
1.347515139999999974e+03 0.000000000000000000e+00 8.022030000000000306e-04
1.348192990000000009e+03 0.000000000000000000e+00 7.857650000000000095e-04
1.348870850000000019e+03 0.000000000000000000e+00 7.747200000000000093e-04
1.349548579999999902e+03 0.000000000000000000e+00 7.640389999999999942e-04
1.350226319999999987e+03 0.000000000000000000e+00 7.542309999999999553e-04
1.350904170000000022e+03 0.000000000000000000e+00 7.340940000000000226e-04
1.351581789999999955e+03 0.000000000000000000e+00 7.166479999999999595e-04
1.352259520000000066e+03 0.000000000000000000e+00 7.184459999999999718e-04
1.352937259999999924e+03 0.000000000000000000e+00 7.224139999999999989e-04
1.353614870000000110e+03 0.000000000000000000e+00 7.230910000000000332e-04
1.354292480000000069e+03 0.000000000000000000e+00 7.278200000000000077e-04
1.354970090000000027e+03 0.000000000000000000e+00 7.326340000000000196e-04
1.355647709999999961e+03 0.000000000000000000e+00 7.496789999999999487e-04
1.356325319999999920e+03 0.000000000000000000e+00 7.524800000000000325e-04
1.357002809999999954e+03 0.000000000000000000e+00 7.648639999999999736e-04
1.357680299999999988e+03 0.000000000000000000e+00 7.787430000000000350e-04
1.358357790000000023e+03 0.000000000000000000e+00 7.803200000000000370e-04
1.359035280000000057e+03 0.000000000000000000e+00 7.676319999999999715e-04
1.359712770000000091e+03 0.000000000000000000e+00 7.522299999999999993e-04
1.360390139999999974e+03 0.000000000000000000e+00 7.377220000000000088e-04
1.361067630000000008e+03 0.000000000000000000e+00 7.277940000000000320e-04
1.361744999999999891e+03 0.000000000000000000e+00 7.230579999999999473e-04
1.362422360000000026e+03 0.000000000000000000e+00 7.070260000000000303e-04
1.363099609999999984e+03 0.000000000000000000e+00 6.997849999999999687e-04
1.363776980000000094e+03 0.000000000000000000e+00 6.846590000000000054e-04
1.364454220000000078e+03 0.000000000000000000e+00 6.747510000000000183e-04
1.365131470000000036e+03 0.000000000000000000e+00 6.657180000000000389e-04
1.365808719999999994e+03 0.000000000000000000e+00 6.555820000000000397e-04
1.366485959999999977e+03 0.000000000000000000e+00 6.451370000000000542e-04
1.367163209999999935e+03 0.000000000000000000e+00 6.316279999999999638e-04
1.367840329999999994e+03 0.000000000000000000e+00 6.194020000000000168e-04
