9.306945799999999736e+02 0.000000000000000000e+00 9.785790000000000433e+00
9.313851899999999659e+02 0.000000000000000000e+00 9.592510000000000758e+00
9.320757399999999961e+02 0.000000000000000000e+00 9.293860000000000454e+00
9.327663000000000011e+02 0.000000000000000000e+00 8.887090000000000600e+00
9.334568500000000313e+02 0.000000000000000000e+00 8.937110000000000554e+00
9.341473999999999478e+02 0.000000000000000000e+00 8.795210000000000861e+00
9.348378900000000158e+02 0.000000000000000000e+00 8.546540000000000248e+00
9.355283799999999701e+02 0.000000000000000000e+00 8.499269999999999214e+00
9.362188700000000381e+02 0.000000000000000000e+00 8.718170000000000641e+00
9.369093000000000302e+02 0.000000000000000000e+00 8.515480000000000160e+00
9.375997300000000223e+02 0.000000000000000000e+00 8.300620000000000331e+00
9.382901600000000144e+02 0.000000000000000000e+00 8.237109999999999488e+00
9.389805300000000443e+02 0.000000000000000000e+00 8.212770000000000792e+00
9.396708999999999605e+02 0.000000000000000000e+00 8.074949999999999406e+00
9.403612699999999904e+02 0.000000000000000000e+00 8.093859999999999388e+00
9.410515699999999697e+02 0.000000000000000000e+00 8.278990000000000293e+00
9.417418800000000374e+02 0.000000000000000000e+00 8.514129999999999754e+00
9.424321899999999914e+02 0.000000000000000000e+00 8.581709999999999283e+00
9.431224999999999454e+02 0.000000000000000000e+00 8.837089999999999890e+00
9.438127399999999625e+02 0.000000000000000000e+00 8.881690000000000751e+00
9.445029899999999543e+02 0.000000000000000000e+00 9.076280000000000570e+00
9.451931799999999839e+02 0.000000000000000000e+00 9.046569999999999112e+00
9.458833600000000388e+02 0.000000000000000000e+00 8.911429999999999296e+00
9.465735499999999547e+02 0.000000000000000000e+00 9.149259999999999948e+00
9.472637300000000096e+02 0.000000000000000000e+00 9.701980000000000715e+00
9.479538599999999633e+02 0.000000000000000000e+00 1.040602999999999945e+01
9.486439800000000560e+02 0.000000000000000000e+00 1.113441000000000081e+01
9.493341100000000097e+02 0.000000000000000000e+00 1.179791999999999952e+01
9.500241700000000264e+02 0.000000000000000000e+00 1.233846999999999916e+01
9.507142300000000432e+02 0.000000000000000000e+00 1.309253000000000000e+01
9.514043000000000347e+02 0.000000000000000000e+00 1.364256999999999920e+01
9.520943600000000515e+02 0.000000000000000000e+00 1.434795000000000087e+01
9.527843599999999924e+02 0.000000000000000000e+00 1.522225000000000072e+01
9.534743700000000217e+02 0.000000000000000000e+00 1.597090000000000032e+01
9.541643100000000004e+02 0.000000000000000000e+00 1.668578000000000117e+01
9.548542499999999791e+02 0.000000000000000000e+00 1.758440999999999832e+01
9.555441899999999578e+02 0.000000000000000000e+00 1.883172000000000068e+01
9.562341300000000501e+02 0.000000000000000000e+00 2.020468999999999937e+01
9.569240099999999529e+02 0.000000000000000000e+00 2.141009000000000029e+01
9.576138899999999694e+02 0.000000000000000000e+00 2.286955999999999989e+01
9.583037699999999859e+02 0.000000000000000000e+00 2.515738999999999947e+01
9.589935900000000402e+02 0.000000000000000000e+00 2.781409000000000020e+01
9.596834099999999808e+02 0.000000000000000000e+00 2.974655999999999878e+01
9.603731699999999591e+02 0.000000000000000000e+00 3.147491000000000128e+01
9.610629900000000134e+02 0.000000000000000000e+00 3.363036000000000314e+01
9.617527499999999918e+02 0.000000000000000000e+00 3.529523999999999972e+01
9.624424999999999955e+02 0.000000000000000000e+00 3.661818999999999846e+01
9.631322000000000116e+02 0.000000000000000000e+00 3.860737999999999914e+01
9.638219000000000278e+02 0.000000000000000000e+00 4.034655999999999665e+01
9.645116000000000440e+02 0.000000000000000000e+00 4.177629000000000303e+01
9.652012300000000096e+02 0.000000000000000000e+00 4.308442000000000149e+01
9.658908699999999499e+02 0.000000000000000000e+00 4.507493999999999801e+01
9.665805100000000039e+02 0.000000000000000000e+00 4.645871999999999957e+01
9.672701399999999694e+02 0.000000000000000000e+00 4.775466999999999729e+01
9.679597199999999475e+02 0.000000000000000000e+00 4.890334000000000003e+01
9.686492899999999509e+02 0.000000000000000000e+00 5.089385999999999655e+01
9.693388700000000426e+02 0.000000000000000000e+00 5.220602000000000231e+01
9.700283799999999701e+02 0.000000000000000000e+00 5.312628999999999735e+01
9.707178999999999860e+02 0.000000000000000000e+00 5.368979999999999819e+01
9.714073499999999513e+02 0.000000000000000000e+00 5.460197000000000145e+01
9.720968599999999924e+02 0.000000000000000000e+00 5.583574999999999733e+01
9.727863200000000461e+02 0.000000000000000000e+00 5.681681999999999988e+01
9.734757100000000491e+02 0.000000000000000000e+00 5.778708999999999918e+01
9.741651600000000144e+02 0.000000000000000000e+00 5.854249000000000080e+01
9.748545500000000175e+02 0.000000000000000000e+00 5.971410000000000196e+01
9.755438799999999446e+02 0.000000000000000000e+00 6.100601000000000340e+01
9.762332800000000361e+02 0.000000000000000000e+00 6.177765000000000128e+01
9.769226099999999633e+02 0.000000000000000000e+00 6.292088999999999999e+01
9.776119400000000041e+02 0.000000000000000000e+00 6.438306000000000040e+01
9.783012099999999691e+02 0.000000000000000000e+00 6.596143999999999608e+01
9.789904800000000478e+02 0.000000000000000000e+00 6.803844999999999743e+01
9.796797500000000127e+02 0.000000000000000000e+00 7.030061000000000604e+01
9.803690199999999777e+02 0.000000000000000000e+00 7.324115000000000464e+01
9.810582299999999805e+02 0.000000000000000000e+00 7.551276000000000010e+01
9.817474399999999832e+02 0.000000000000000000e+00 7.772088999999999714e+01
9.824365800000000490e+02 0.000000000000000000e+00 7.996956000000000131e+01
9.831257299999999759e+02 0.000000000000000000e+00 8.320470000000000255e+01
9.838148800000000165e+02 0.000000000000000000e+00 8.659386000000000649e+01
9.845040299999999434e+02 0.000000000000000000e+00 8.909251000000000431e+01
9.851931200000000217e+02 0.000000000000000000e+00 9.203712000000000160e+01
9.858822000000000116e+02 0.000000000000000000e+00 9.485871000000000208e+01
9.865712899999999763e+02 0.000000000000000000e+00 9.714655999999999381e+01
9.872603100000000040e+02 0.000000000000000000e+00 9.945195999999999970e+01
9.879493400000000065e+02 0.000000000000000000e+00 1.011708799999999968e+02
9.886383700000000090e+02 0.000000000000000000e+00 1.032114299999999929e+02
9.893273299999999608e+02 0.000000000000000000e+00 1.044560400000000016e+02
9.900163000000000011e+02 0.000000000000000000e+00 1.050452099999999973e+02
9.907052599999999529e+02 0.000000000000000000e+00 1.050317000000000007e+02
9.913941700000000310e+02 0.000000000000000000e+00 1.049398300000000006e+02
9.920830700000000206e+02 0.000000000000000000e+00 1.046790100000000052e+02
9.927719700000000103e+02 0.000000000000000000e+00 1.037641399999999976e+02
9.934608799999999746e+02 0.000000000000000000e+00 1.020601000000000056e+02
9.941497200000000021e+02 0.000000000000000000e+00 1.003073799999999949e+02
9.948385600000000295e+02 0.000000000000000000e+00 9.860196999999999434e+01
9.955273399999999810e+02 0.000000000000000000e+00 9.648172999999999888e+01
9.962161300000000210e+02 0.000000000000000000e+00 9.418981999999999744e+01
9.969049099999999726e+02 0.000000000000000000e+00 9.131413000000000579e+01
9.975936900000000378e+02 0.000000000000000000e+00 8.885331999999999653e+01
9.982824100000000271e+02 0.000000000000000000e+00 8.566546999999999912e+01
9.989711300000000165e+02 0.000000000000000000e+00 8.323842999999999392e+01
9.996597900000000436e+02 0.000000000000000000e+00 8.061411999999999978e+01
1.000348449999999957e+03 0.000000000000000000e+00 7.747086000000000183e+01
1.001037109999999984e+03 0.000000000000000000e+00 7.443304999999999438e+01
1.001725770000000011e+03 0.000000000000000000e+00 7.166952999999999463e+01
1.002414369999999963e+03 0.000000000000000000e+00 6.868980000000000530e+01
1.003102970000000028e+03 0.000000000000000000e+00 6.580329999999999302e+01
1.003791560000000004e+03 0.000000000000000000e+00 6.352492000000000161e+01
1.004480099999999993e+03 0.000000000000000000e+00 6.115198000000000178e+01
1.005168639999999982e+03 0.000000000000000000e+00 5.989522999999999797e+01
1.005857179999999971e+03 0.000000000000000000e+00 5.785197000000000145e+01
1.006545650000000023e+03 0.000000000000000000e+00 5.526953999999999922e+01
1.007234130000000050e+03 0.000000000000000000e+00 5.289656999999999698e+01
1.007922609999999963e+03 0.000000000000000000e+00 5.117625999999999920e+01
1.008611020000000053e+03 0.000000000000000000e+00 4.987360000000000326e+01
1.009299440000000004e+03 0.000000000000000000e+00 4.815601000000000198e+01
1.009987849999999980e+03 0.000000000000000000e+00 4.685873000000000133e+01
1.010676270000000045e+03 0.000000000000000000e+00 4.570331999999999795e+01
1.011364619999999945e+03 0.000000000000000000e+00 4.467361999999999966e+01
1.012052919999999972e+03 0.000000000000000000e+00 4.347359999999999758e+01
1.012741269999999986e+03 0.000000000000000000e+00 4.246681000000000239e+01
1.013429570000000012e+03 0.000000000000000000e+00 4.160334000000000287e+01
1.014117859999999951e+03 0.000000000000000000e+00 4.066957000000000022e+01
1.014806090000000040e+03 0.000000000000000000e+00 4.005469000000000079e+01
1.015494320000000016e+03 0.000000000000000000e+00 3.950464999999999804e+01
1.016182559999999967e+03 0.000000000000000000e+00 3.888980999999999710e+01
1.016870790000000056e+03 0.000000000000000000e+00 3.816548999999999836e+01
1.017558959999999956e+03 0.000000000000000000e+00 3.782629000000000019e+01
1.018247129999999970e+03 0.000000000000000000e+00 3.768307000000000073e+01
1.018935240000000022e+03 0.000000000000000000e+00 3.756007999999999925e+01
1.019623349999999959e+03 0.000000000000000000e+00 3.716416000000000253e+01
1.020311460000000011e+03 0.000000000000000000e+00 3.705877000000000265e+01
1.020999569999999949e+03 0.000000000000000000e+00 3.736280000000000001e+01
1.021687620000000038e+03 0.000000000000000000e+00 3.770875000000000199e+01
1.022375670000000014e+03 0.000000000000000000e+00 3.802765999999999735e+01
1.023063719999999989e+03 0.000000000000000000e+00 3.831683000000000305e+01
1.023751710000000003e+03 0.000000000000000000e+00 3.850061999999999784e+01
1.024439699999999903e+03 0.000000000000000000e+00 3.862901000000000096e+01
1.025127690000000030e+03 0.000000000000000000e+00 3.902087999999999823e+01
1.025815550000000030e+03 0.000000000000000000e+00 3.973980000000000246e+01
1.026503539999999930e+03 0.000000000000000000e+00 4.079522000000000048e+01
1.027191409999999905e+03 0.000000000000000000e+00 4.226277000000000328e+01
1.027879269999999906e+03 0.000000000000000000e+00 4.343439000000000050e+01
1.028567140000000109e+03 0.000000000000000000e+00 4.424654999999999916e+01
1.029255000000000109e+03 0.000000000000000000e+00 4.559519999999999840e+01
1.029942870000000084e+03 0.000000000000000000e+00 4.679115999999999786e+01
1.030630619999999908e+03 0.000000000000000000e+00 4.799385999999999797e+01
1.031318479999999909e+03 0.000000000000000000e+00 4.920331999999999795e+01
1.032006229999999960e+03 0.000000000000000000e+00 5.026548999999999978e+01
1.032693970000000036e+03 0.000000000000000000e+00 5.190335000000000321e+01
1.033381710000000112e+03 0.000000000000000000e+00 5.381953000000000031e+01
1.034069340000000011e+03 0.000000000000000000e+00 5.521954999999999814e+01
1.034757080000000087e+03 0.000000000000000000e+00 5.621679999999999922e+01
1.035444700000000012e+03 0.000000000000000000e+00 5.734655000000000058e+01
1.036132319999999936e+03 0.000000000000000000e+00 5.827356999999999942e+01
1.036820069999999987e+03 0.000000000000000000e+00 5.891409999999999769e+01
1.037507569999999987e+03 0.000000000000000000e+00 5.975061999999999784e+01
1.038195189999999911e+03 0.000000000000000000e+00 6.058171000000000106e+01
1.038882810000000063e+03 0.000000000000000000e+00 6.115062000000000353e+01
1.039570310000000063e+03 0.000000000000000000e+00 6.170877000000000123e+01
1.040257810000000063e+03 0.000000000000000000e+00 6.204930000000000234e+01
1.040945310000000063e+03 0.000000000000000000e+00 6.202497000000000327e+01
1.041632810000000063e+03 0.000000000000000000e+00 6.178307000000000215e+01
1.042320310000000063e+03 0.000000000000000000e+00 6.126821999999999946e+01
1.043007689999999911e+03 0.000000000000000000e+00 6.114117000000000246e+01
1.043695189999999911e+03 0.000000000000000000e+00 6.089925000000000210e+01
1.044382569999999987e+03 0.000000000000000000e+00 6.038033000000000072e+01
1.045069950000000063e+03 0.000000000000000000e+00 5.942766000000000304e+01
1.045757319999999936e+03 0.000000000000000000e+00 5.857630999999999943e+01
1.046444700000000012e+03 0.000000000000000000e+00 5.809523999999999688e+01
1.047131959999999935e+03 0.000000000000000000e+00 5.750193999999999761e+01
1.047819340000000011e+03 0.000000000000000000e+00 5.714520000000000266e+01
1.048506589999999960e+03 0.000000000000000000e+00 5.662492999999999910e+01
1.049193850000000111e+03 0.000000000000000000e+00 5.591546999999999912e+01
1.049881100000000060e+03 0.000000000000000000e+00 5.522359000000000151e+01
1.050568359999999984e+03 0.000000000000000000e+00 5.462360999999999933e+01
1.051255490000000009e+03 0.000000000000000000e+00 5.423172000000000281e+01
1.051942749999999933e+03 0.000000000000000000e+00 5.366006999999999749e+01
1.052629879999999957e+03 0.000000000000000000e+00 5.322630000000000194e+01
1.053317019999999957e+03 0.000000000000000000e+00 5.249656999999999840e+01
1.054004149999999981e+03 0.000000000000000000e+00 5.221141000000000076e+01
1.054691280000000006e+03 0.000000000000000000e+00 5.189791000000000309e+01
1.055378300000000081e+03 0.000000000000000000e+00 5.186820000000000164e+01
1.056065430000000106e+03 0.000000000000000000e+00 5.112901000000000096e+01
1.056752439999999979e+03 0.000000000000000000e+00 5.048302999999999940e+01
1.057439450000000079e+03 0.000000000000000000e+00 5.033301999999999765e+01
1.058126459999999952e+03 0.000000000000000000e+00 5.033438000000000301e+01
1.058813480000000027e+03 0.000000000000000000e+00 5.038304000000000116e+01
1.059500489999999900e+03 0.000000000000000000e+00 5.082630000000000337e+01
1.060187380000000076e+03 0.000000000000000000e+00 5.161144000000000176e+01
1.060874270000000024e+03 0.000000000000000000e+00 5.225065000000000026e+01
1.061561159999999973e+03 0.000000000000000000e+00 5.268305999999999756e+01
1.062248049999999921e+03 0.000000000000000000e+00 5.308576999999999657e+01
1.062934940000000097e+03 0.000000000000000000e+00 5.323845000000000027e+01
1.063621830000000045e+03 0.000000000000000000e+00 5.354117000000000104e+01
1.064308590000000095e+03 0.000000000000000000e+00 5.410470999999999719e+01
1.064995480000000043e+03 0.000000000000000000e+00 5.481817999999999813e+01
1.065682250000000067e+03 0.000000000000000000e+00 5.577221999999999724e+01
1.066369020000000091e+03 0.000000000000000000e+00 5.661549000000000120e+01
1.067055659999999989e+03 0.000000000000000000e+00 5.708032999999999646e+01
1.067742430000000013e+03 0.000000000000000000e+00 5.751820000000000022e+01
1.068429080000000113e+03 0.000000000000000000e+00 5.834116000000000213e+01
1.069115839999999935e+03 0.000000000000000000e+00 5.886413999999999902e+01
1.069802490000000034e+03 0.000000000000000000e+00 5.895062000000000069e+01
1.070489139999999907e+03 0.000000000000000000e+00 5.885600999999999772e+01
1.071175780000000032e+03 0.000000000000000000e+00 5.893305000000000149e+01
1.071862300000000005e+03 0.000000000000000000e+00 5.884519999999999840e+01
1.072548950000000104e+03 0.000000000000000000e+00 5.868574999999999875e+01
1.073235470000000078e+03 0.000000000000000000e+00 5.854925000000000068e+01
1.073922000000000025e+03 0.000000000000000000e+00 5.841277000000000186e+01
1.074608519999999999e+03 0.000000000000000000e+00 5.759929000000000343e+01
1.075295039999999972e+03 0.000000000000000000e+00 5.641953999999999780e+01
1.075981569999999920e+03 0.000000000000000000e+00 5.493032999999999788e+01
1.076667969999999968e+03 0.000000000000000000e+00 5.423037000000000063e+01
1.077354370000000017e+03 0.000000000000000000e+00 5.362496000000000151e+01
1.078040770000000066e+03 0.000000000000000000e+00 5.261549000000000120e+01
1.078727169999999887e+03 0.000000000000000000e+00 5.155331000000000330e+01
1.079413569999999936e+03 0.000000000000000000e+00 5.022357999999999834e+01
1.080099979999999960e+03 0.000000000000000000e+00 4.908979000000000070e+01
1.080786250000000109e+03 0.000000000000000000e+00 4.784116000000000213e+01
1.081472659999999905e+03 0.000000000000000000e+00 4.691008000000000067e+01
1.082158940000000030e+03 0.000000000000000000e+00 4.591006000000000142e+01
1.082845209999999952e+03 0.000000000000000000e+00 4.455467000000000155e+01
1.083531369999999924e+03 0.000000000000000000e+00 4.318037000000000347e+01
1.084217650000000049e+03 0.000000000000000000e+00 4.170738000000000056e+01
1.084903929999999946e+03 0.000000000000000000e+00 4.056007999999999925e+01
1.085590089999999918e+03 0.000000000000000000e+00 3.974117999999999995e+01
1.086276249999999891e+03 0.000000000000000000e+00 3.908035000000000281e+01
1.086962399999999889e+03 0.000000000000000000e+00 3.848306000000000182e+01
1.087648560000000089e+03 0.000000000000000000e+00 3.756551000000000329e+01
1.088334589999999935e+03 0.000000000000000000e+00 3.661954000000000065e+01
1.089020749999999907e+03 0.000000000000000000e+00 3.549522000000000332e+01
1.089706789999999955e+03 0.000000000000000000e+00 3.498440000000000083e+01
1.090392820000000029e+03 0.000000000000000000e+00 3.486142000000000252e+01
1.091078860000000077e+03 0.000000000000000000e+00 3.476413000000000153e+01
1.091764889999999923e+03 0.000000000000000000e+00 3.436411999999999978e+01
1.092450810000000047e+03 0.000000000000000000e+00 3.392090999999999923e+01
1.093136839999999893e+03 0.000000000000000000e+00 3.367631999999999692e+01
1.093822750000000042e+03 0.000000000000000000e+00 3.356414000000000186e+01
1.094508669999999938e+03 0.000000000000000000e+00 3.347359000000000151e+01
1.095194580000000087e+03 0.000000000000000000e+00 3.377767000000000053e+01
1.095880490000000009e+03 0.000000000000000000e+00 3.431278999999999968e+01
1.096566409999999905e+03 0.000000000000000000e+00 3.479388999999999754e+01
1.097252199999999903e+03 0.000000000000000000e+00 3.493710999999999700e+01
1.097937989999999900e+03 0.000000000000000000e+00 3.479791000000000167e+01
1.098623779999999897e+03 0.000000000000000000e+00 3.523442000000000007e+01
1.099309569999999894e+03 0.000000000000000000e+00 3.568442999999999898e+01
1.099995359999999891e+03 0.000000000000000000e+00 3.657630000000000337e+01
1.100681149999999889e+03 0.000000000000000000e+00 3.760197999999999752e+01
1.101366819999999962e+03 0.000000000000000000e+00 3.861551000000000045e+01
1.102052490000000034e+03 0.000000000000000000e+00 3.969386999999999688e+01
1.102738160000000107e+03 0.000000000000000000e+00 4.070197999999999894e+01
1.103423829999999953e+03 0.000000000000000000e+00 4.226411999999999836e+01
1.104109500000000025e+03 0.000000000000000000e+00 4.372766000000000020e+01
1.104795170000000098e+03 0.000000000000000000e+00 4.530064000000000135e+01
1.105480710000000045e+03 0.000000000000000000e+00 4.721146000000000242e+01
1.106166259999999966e+03 0.000000000000000000e+00 4.912496000000000151e+01
1.106851809999999887e+03 0.000000000000000000e+00 5.160468000000000188e+01
1.107537350000000060e+03 0.000000000000000000e+00 5.341147000000000133e+01
1.108222899999999981e+03 0.000000000000000000e+00 5.558845000000000169e+01
1.108908449999999903e+03 0.000000000000000000e+00 5.759790000000000276e+01
1.109593869999999924e+03 0.000000000000000000e+00 6.044248999999999938e+01
1.110279299999999921e+03 0.000000000000000000e+00 6.353708999999999918e+01
1.110964719999999943e+03 0.000000000000000000e+00 6.619925999999999533e+01
1.111650149999999940e+03 0.000000000000000000e+00 6.899792999999999665e+01
1.112335569999999962e+03 0.000000000000000000e+00 7.175467999999999336e+01
1.113020999999999958e+03 0.000000000000000000e+00 7.514791999999999916e+01
1.113706300000000056e+03 0.000000000000000000e+00 7.854388000000000147e+01
1.114391599999999926e+03 0.000000000000000000e+00 8.238299999999999557e+01
1.115076900000000023e+03 0.000000000000000000e+00 8.541142000000000678e+01
1.115762210000000096e+03 0.000000000000000000e+00 8.867759999999999820e+01
1.116447509999999966e+03 0.000000000000000000e+00 9.191948999999999614e+01
1.117132689999999911e+03 0.000000000000000000e+00 9.485192999999999586e+01
1.117817990000000009e+03 0.000000000000000000e+00 9.816273999999999944e+01
1.118503169999999955e+03 0.000000000000000000e+00 1.012600900000000053e+02
1.119188349999999900e+03 0.000000000000000000e+00 1.037249400000000037e+02
1.119873540000000048e+03 0.000000000000000000e+00 1.070533300000000025e+02
1.120558590000000095e+03 0.000000000000000000e+00 1.103235899999999958e+02
1.121243770000000040e+03 0.000000000000000000e+00 1.129235900000000044e+02
1.121928830000000062e+03 0.000000000000000000e+00 1.152992799999999960e+02
1.122613890000000083e+03 0.000000000000000000e+00 1.175614499999999936e+02
1.123298950000000104e+03 0.000000000000000000e+00 1.200249599999999930e+02
1.123984009999999898e+03 0.000000000000000000e+00 1.223559999999999945e+02
1.124669069999999920e+03 0.000000000000000000e+00 1.236843899999999934e+02
1.125354000000000042e+03 0.000000000000000000e+00 1.248519699999999943e+02
1.126039060000000063e+03 0.000000000000000000e+00 1.263533299999999997e+02
1.126723999999999933e+03 0.000000000000000000e+00 1.275614499999999936e+02
1.127408940000000030e+03 0.000000000000000000e+00 1.282236200000000110e+02
1.128093869999999924e+03 0.000000000000000000e+00 1.285857699999999966e+02
1.128778690000000097e+03 0.000000000000000000e+00 1.287424900000000036e+02
1.129463619999999992e+03 0.000000000000000000e+00 1.288627799999999866e+02
1.130148439999999937e+03 0.000000000000000000e+00 1.286046800000000019e+02
1.130833249999999907e+03 0.000000000000000000e+00 1.280357700000000136e+02
1.131518070000000080e+03 0.000000000000000000e+00 1.275681900000000013e+02
1.132202880000000050e+03 0.000000000000000000e+00 1.267803399999999954e+02
1.132887699999999995e+03 0.000000000000000000e+00 1.259695099999999996e+02
1.133572390000000041e+03 0.000000000000000000e+00 1.248344000000000023e+02
1.134257080000000087e+03 0.000000000000000000e+00 1.235370999999999952e+02
1.134941769999999906e+03 0.000000000000000000e+00 1.222803499999999985e+02
1.135626459999999952e+03 0.000000000000000000e+00 1.210871400000000051e+02
1.136311159999999973e+03 0.000000000000000000e+00 1.201317200000000014e+02
1.136995850000000019e+03 0.000000000000000000e+00 1.195425299999999993e+02
1.137680419999999913e+03 0.000000000000000000e+00 1.184776700000000034e+02
1.138364990000000034e+03 0.000000000000000000e+00 1.169817400000000021e+02
1.139049559999999929e+03 0.000000000000000000e+00 1.159817100000000067e+02
1.139734130000000050e+03 0.000000000000000000e+00 1.154506499999999960e+02
1.140418699999999944e+03 0.000000000000000000e+00 1.144614200000000039e+02
1.141103149999999914e+03 0.000000000000000000e+00 1.131141400000000061e+02
1.141787720000000036e+03 0.000000000000000000e+00 1.122235699999999952e+02
1.142472170000000006e+03 0.000000000000000000e+00 1.118803599999999960e+02
1.143156619999999975e+03 0.000000000000000000e+00 1.113006299999999982e+02
1.143841059999999970e+03 0.000000000000000000e+00 1.108898300000000035e+02
1.144525509999999940e+03 0.000000000000000000e+00 1.104303400000000011e+02
1.145209839999999986e+03 0.000000000000000000e+00 1.101006200000000064e+02
1.145894289999999955e+03 0.000000000000000000e+00 1.098843700000000041e+02
1.146578610000000026e+03 0.000000000000000000e+00 1.096965399999999988e+02
1.147262940000000071e+03 0.000000000000000000e+00 1.091708799999999968e+02
1.147947269999999889e+03 0.000000000000000000e+00 1.090911100000000005e+02
1.148631470000000036e+03 0.000000000000000000e+00 1.091681800000000067e+02
1.149315800000000081e+03 0.000000000000000000e+00 1.091709199999999953e+02
1.150000000000000000e+03 0.000000000000000000e+00 1.089371299999999962e+02
1.150684199999999919e+03 0.000000000000000000e+00 1.084006300000000067e+02
1.151368410000000040e+03 0.000000000000000000e+00 1.081236300000000057e+02
1.152052609999999959e+03 0.000000000000000000e+00 1.079938999999999965e+02
1.152736820000000080e+03 0.000000000000000000e+00 1.084547100000000057e+02
1.153420900000000074e+03 0.000000000000000000e+00 1.086249600000000015e+02
1.154104980000000069e+03 0.000000000000000000e+00 1.082114299999999929e+02
1.154789060000000063e+03 0.000000000000000000e+00 1.074154999999999944e+02
1.155473140000000058e+03 0.000000000000000000e+00 1.067668599999999941e+02
1.156157230000000027e+03 0.000000000000000000e+00 1.062182399999999944e+02
1.156841310000000021e+03 0.000000000000000000e+00 1.060020099999999985e+02
1.157525270000000091e+03 0.000000000000000000e+00 1.048452300000000008e+02
1.158209229999999934e+03 0.000000000000000000e+00 1.039316800000000001e+02
1.158893190000000004e+03 0.000000000000000000e+00 1.027992600000000039e+02
1.159577150000000074e+03 0.000000000000000000e+00 1.015654499999999985e+02
1.160261109999999917e+03 0.000000000000000000e+00 1.003316800000000057e+02
1.160945069999999987e+03 0.000000000000000000e+00 9.885872999999999422e+01
1.161628909999999905e+03 0.000000000000000000e+00 9.755868999999999858e+01
1.162312740000000076e+03 0.000000000000000000e+00 9.580058999999999969e+01
1.162996579999999994e+03 0.000000000000000000e+00 9.415331000000000472e+01
1.163680419999999913e+03 0.000000000000000000e+00 9.279518000000000200e+01
1.164364260000000058e+03 0.000000000000000000e+00 9.138033000000000072e+01
1.165047970000000078e+03 0.000000000000000000e+00 8.965601999999999805e+01
1.165731809999999996e+03 0.000000000000000000e+00 8.756544999999999845e+01
1.166415529999999990e+03 0.000000000000000000e+00 8.600601000000000340e+01
1.167099240000000009e+03 0.000000000000000000e+00 8.465601999999999805e+01
1.167782840000000078e+03 0.000000000000000000e+00 8.303847000000000378e+01
1.168466550000000097e+03 0.000000000000000000e+00 8.088303000000000509e+01
1.169150270000000091e+03 0.000000000000000000e+00 7.963031999999999755e+01
1.169833859999999959e+03 0.000000000000000000e+00 7.838169000000000608e+01
1.170517460000000028e+03 0.000000000000000000e+00 7.724112999999999829e+01
1.171201049999999896e+03 0.000000000000000000e+00 7.648573000000000377e+01
1.171884639999999990e+03 0.000000000000000000e+00 7.574383000000000266e+01
1.172568119999999908e+03 0.000000000000000000e+00 7.499924000000000035e+01
1.173251710000000003e+03 0.000000000000000000e+00 7.437224999999999397e+01
1.173935179999999946e+03 0.000000000000000000e+00 7.360465999999999553e+01
1.174618649999999889e+03 0.000000000000000000e+00 7.269253000000000497e+01
1.175302120000000059e+03 0.000000000000000000e+00 7.189522999999999797e+01
1.175985599999999977e+03 0.000000000000000000e+00 7.101413999999999760e+01
1.176668949999999995e+03 0.000000000000000000e+00 6.993845000000000312e+01
1.177352419999999938e+03 0.000000000000000000e+00 6.935196999999999434e+01
1.178035769999999957e+03 0.000000000000000000e+00 6.940466000000000690e+01
1.178719119999999975e+03 0.000000000000000000e+00 6.980736000000000274e+01
1.179402469999999994e+03 0.000000000000000000e+00 6.976816999999999780e+01
1.180085690000000113e+03 0.000000000000000000e+00 6.952355000000000018e+01
1.180769039999999904e+03 0.000000000000000000e+00 6.921684000000000481e+01
1.181452269999999999e+03 0.000000000000000000e+00 6.933845999999999776e+01
1.182135500000000093e+03 0.000000000000000000e+00 6.989524000000000115e+01
1.182818729999999960e+03 0.000000000000000000e+00 7.026012000000000057e+01
1.183501950000000079e+03 0.000000000000000000e+00 7.055468000000000472e+01
1.184185179999999946e+03 0.000000000000000000e+00 7.052357999999999549e+01
1.184868289999999888e+03 0.000000000000000000e+00 7.010735999999999990e+01
1.185551390000000083e+03 0.000000000000000000e+00 7.000602999999999554e+01
1.186234500000000025e+03 0.000000000000000000e+00 7.020064999999999600e+01
1.186917599999999993e+03 0.000000000000000000e+00 7.041145000000000209e+01
1.187600709999999935e+03 0.000000000000000000e+00 7.039791999999999916e+01
1.188283809999999903e+03 0.000000000000000000e+00 7.064252000000000464e+01
1.188966799999999921e+03 0.000000000000000000e+00 7.104522000000000048e+01
1.189649779999999964e+03 0.000000000000000000e+00 7.137224999999999397e+01
1.190332760000000007e+03 0.000000000000000000e+00 7.094114000000000431e+01
1.191015750000000025e+03 0.000000000000000000e+00 7.032358999999999583e+01
1.191698730000000069e+03 0.000000000000000000e+00 7.055334000000000572e+01
1.192381589999999960e+03 0.000000000000000000e+00 7.048574999999999591e+01
1.193064579999999978e+03 0.000000000000000000e+00 7.062223000000000184e+01
1.193747440000000097e+03 0.000000000000000000e+00 7.027491999999999450e+01
1.194430299999999988e+03 0.000000000000000000e+00 6.954384000000000299e+01
1.195113160000000107e+03 0.000000000000000000e+00 6.908710999999999558e+01
1.195795900000000074e+03 0.000000000000000000e+00 6.862225999999999715e+01
1.196478759999999966e+03 0.000000000000000000e+00 6.826143000000000427e+01
1.197161499999999933e+03 0.000000000000000000e+00 6.780331999999999937e+01
1.197844239999999900e+03 0.000000000000000000e+00 6.713982000000000028e+01
1.198526980000000094e+03 0.000000000000000000e+00 6.644119999999999493e+01
1.199209720000000061e+03 0.000000000000000000e+00 6.558174999999999955e+01
1.199892329999999902e+03 0.000000000000000000e+00 6.494525000000000148e+01
1.200575070000000096e+03 0.000000000000000000e+00 6.417629999999999768e+01
1.201257689999999911e+03 0.000000000000000000e+00 6.334660000000000224e+01
1.201940309999999954e+03 0.000000000000000000e+00 6.214253000000000071e+01
1.202622920000000022e+03 0.000000000000000000e+00 6.146143000000000001e+01
1.203305540000000065e+03 0.000000000000000000e+00 6.109385999999999939e+01
1.203988039999999955e+03 0.000000000000000000e+00 6.055465000000000231e+01
1.204670650000000023e+03 0.000000000000000000e+00 5.984924000000000177e+01
1.205353149999999914e+03 0.000000000000000000e+00 5.912223000000000184e+01
1.206035640000000058e+03 0.000000000000000000e+00 5.823709000000000202e+01
1.206718139999999948e+03 0.000000000000000000e+00 5.657625999999999777e+01
1.207400509999999940e+03 0.000000000000000000e+00 5.554652000000000100e+01
1.208083010000000058e+03 0.000000000000000000e+00 5.481277999999999651e+01
1.208765380000000050e+03 0.000000000000000000e+00 5.439251000000000147e+01
1.209447750000000042e+03 0.000000000000000000e+00 5.379252000000000322e+01
1.210130130000000008e+03 0.000000000000000000e+00 5.344521000000000299e+01
1.210812500000000000e+03 0.000000000000000000e+00 5.280738000000000198e+01
1.211494750000000067e+03 0.000000000000000000e+00 5.219252000000000180e+01
1.212177120000000059e+03 0.000000000000000000e+00 5.163036000000000314e+01
1.212859380000000101e+03 0.000000000000000000e+00 5.109385000000000332e+01
1.213541629999999941e+03 0.000000000000000000e+00 5.063573000000000235e+01
1.214223880000000008e+03 0.000000000000000000e+00 5.011952999999999747e+01
1.214906009999999924e+03 0.000000000000000000e+00 4.963441999999999865e+01
1.215588259999999991e+03 0.000000000000000000e+00 4.913170999999999822e+01
1.216270389999999907e+03 0.000000000000000000e+00 4.904657000000000266e+01
1.216952510000000075e+03 0.000000000000000000e+00 4.853307000000000215e+01
1.217634639999999990e+03 0.000000000000000000e+00 4.806956000000000273e+01
1.218316769999999906e+03 0.000000000000000000e+00 4.766548999999999836e+01
1.218998900000000049e+03 0.000000000000000000e+00 4.763443000000000183e+01
1.219680910000000040e+03 0.000000000000000000e+00 4.743171999999999855e+01
1.220363039999999955e+03 0.000000000000000000e+00 4.690603000000000122e+01
1.221045039999999972e+03 0.000000000000000000e+00 4.634519999999999840e+01
1.221727049999999963e+03 0.000000000000000000e+00 4.627629000000000303e+01
1.222408940000000030e+03 0.000000000000000000e+00 4.607359999999999900e+01
1.223090940000000046e+03 0.000000000000000000e+00 4.559792999999999807e+01
1.223772830000000113e+03 0.000000000000000000e+00 4.524116000000000071e+01
1.224454709999999977e+03 0.000000000000000000e+00 4.490062999999999960e+01
1.225136600000000044e+03 0.000000000000000000e+00 4.440334000000000003e+01
1.225818479999999909e+03 0.000000000000000000e+00 4.398438000000000159e+01
1.226500369999999975e+03 0.000000000000000000e+00 4.359653000000000134e+01
1.227182129999999916e+03 0.000000000000000000e+00 4.341275999999999868e+01
1.227864010000000007e+03 0.000000000000000000e+00 4.331819000000000131e+01
1.228545779999999922e+03 0.000000000000000000e+00 4.285336000000000212e+01
1.229227540000000090e+03 0.000000000000000000e+00 4.257630999999999943e+01
1.229909180000000106e+03 0.000000000000000000e+00 4.206954000000000349e+01
1.230590940000000046e+03 0.000000000000000000e+00 4.182090999999999781e+01
1.231272580000000062e+03 0.000000000000000000e+00 4.168173000000000172e+01
1.231954349999999977e+03 0.000000000000000000e+00 4.153983000000000203e+01
1.232635989999999993e+03 0.000000000000000000e+00 4.155198000000000036e+01
1.233317630000000008e+03 0.000000000000000000e+00 4.132497999999999649e+01
1.233999150000000100e+03 0.000000000000000000e+00 4.092088999999999999e+01
1.234680789999999888e+03 0.000000000000000000e+00 4.089115000000000322e+01
1.235362300000000005e+03 0.000000000000000000e+00 4.098037000000000063e+01
1.236043820000000096e+03 0.000000000000000000e+00 4.080740000000000123e+01
1.236725339999999960e+03 0.000000000000000000e+00 4.037630000000000052e+01
1.237406860000000052e+03 0.000000000000000000e+00 4.020602000000000231e+01
1.238088379999999916e+03 0.000000000000000000e+00 4.014793000000000234e+01
1.238769780000000083e+03 0.000000000000000000e+00 4.068440999999999974e+01
1.239451170000000047e+03 0.000000000000000000e+00 4.112093000000000131e+01
1.240132569999999987e+03 0.000000000000000000e+00 4.134658999999999907e+01
1.240813959999999952e+03 0.000000000000000000e+00 4.168307000000000073e+01
1.241495359999999891e+03 0.000000000000000000e+00 4.152629999999999910e+01
1.242176760000000058e+03 0.000000000000000000e+00 4.166414000000000328e+01
1.242858030000000099e+03 0.000000000000000000e+00 4.246143000000000001e+01
1.243539309999999887e+03 0.000000000000000000e+00 4.318440999999999974e+01
1.244220579999999927e+03 0.000000000000000000e+00 4.391143000000000285e+01
1.244901859999999942e+03 0.000000000000000000e+00 4.481414000000000186e+01
1.245583129999999983e+03 0.000000000000000000e+00 4.577223999999999648e+01
1.246264280000000099e+03 0.000000000000000000e+00 4.673846000000000345e+01
1.246945429999999988e+03 0.000000000000000000e+00 4.753578999999999866e+01
1.247626590000000078e+03 0.000000000000000000e+00 4.874119000000000312e+01
1.248307739999999967e+03 0.000000000000000000e+00 5.018979999999999819e+01
1.248988890000000083e+03 0.000000000000000000e+00 5.167224999999999824e+01
1.249670039999999972e+03 0.000000000000000000e+00 5.259387000000000256e+01
1.250351069999999936e+03 0.000000000000000000e+00 5.379249999999999687e+01
1.251032099999999900e+03 0.000000000000000000e+00 5.502221000000000117e+01
1.251713130000000092e+03 0.000000000000000000e+00 5.663033999999999679e+01
1.252394170000000031e+03 0.000000000000000000e+00 5.793981000000000137e+01
1.253075199999999995e+03 0.000000000000000000e+00 6.003846000000000060e+01
1.253756100000000060e+03 0.000000000000000000e+00 6.242493000000000336e+01
1.254437130000000025e+03 0.000000000000000000e+00 6.415466000000000690e+01
1.255118040000000065e+03 0.000000000000000000e+00 6.625739000000000090e+01
1.255798950000000104e+03 0.000000000000000000e+00 6.786414000000000613e+01
1.256479739999999993e+03 0.000000000000000000e+00 7.003170000000000073e+01
1.257160640000000058e+03 0.000000000000000000e+00 7.228709000000000628e+01
1.257841429999999946e+03 0.000000000000000000e+00 7.395059999999999434e+01
1.258522220000000061e+03 0.000000000000000000e+00 7.509386000000000649e+01
1.259202999999999975e+03 0.000000000000000000e+00 7.670871999999999957e+01
1.259883790000000090e+03 0.000000000000000000e+00 7.828709999999999525e+01
1.260564579999999978e+03 0.000000000000000000e+00 8.027763000000000204e+01
1.261245239999999967e+03 0.000000000000000000e+00 8.196142999999999290e+01
1.261926030000000083e+03 0.000000000000000000e+00 8.402222000000000435e+01
1.262606690000000071e+03 0.000000000000000000e+00 8.604654999999999632e+01
1.263287350000000060e+03 0.000000000000000000e+00 8.770059000000000538e+01
1.263968020000000024e+03 0.000000000000000000e+00 8.883437000000000694e+01
1.264648560000000089e+03 0.000000000000000000e+00 8.950193000000000154e+01
1.265329220000000078e+03 0.000000000000000000e+00 9.053977999999999327e+01
1.266009769999999889e+03 0.000000000000000000e+00 9.213846999999999809e+01
1.266690309999999954e+03 0.000000000000000000e+00 9.337897999999999854e+01
1.267370850000000019e+03 0.000000000000000000e+00 9.480330999999999619e+01
1.268051269999999931e+03 0.000000000000000000e+00 9.616822000000000514e+01
1.268731809999999996e+03 0.000000000000000000e+00 9.710470999999999719e+01
1.269412229999999909e+03 0.000000000000000000e+00 9.757232000000000482e+01
1.270092650000000049e+03 0.000000000000000000e+00 9.840606999999999971e+01
1.270773069999999962e+03 0.000000000000000000e+00 9.909253999999999962e+01
1.271453490000000102e+03 0.000000000000000000e+00 9.939252000000000464e+01
1.272133910000000014e+03 0.000000000000000000e+00 9.985197999999999752e+01
1.272814210000000003e+03 0.000000000000000000e+00 1.002479199999999935e+02
1.273494509999999991e+03 0.000000000000000000e+00 1.011749300000000034e+02
1.274174800000000005e+03 0.000000000000000000e+00 1.016425399999999968e+02
1.274855099999999993e+03 0.000000000000000000e+00 1.019573699999999974e+02
1.275535399999999981e+03 0.000000000000000000e+00 1.022222500000000025e+02
1.276215580000000045e+03 0.000000000000000000e+00 1.026668499999999966e+02
1.276895870000000059e+03 0.000000000000000000e+00 1.029790200000000056e+02
1.277576049999999896e+03 0.000000000000000000e+00 1.031803699999999964e+02
1.278256229999999960e+03 0.000000000000000000e+00 1.033492700000000042e+02
1.278936279999999897e+03 0.000000000000000000e+00 1.033803599999999960e+02
1.279616459999999961e+03 0.000000000000000000e+00 1.028911999999999978e+02
1.280296509999999898e+03 0.000000000000000000e+00 1.026222499999999940e+02
1.280976560000000063e+03 0.000000000000000000e+00 1.027344400000000064e+02
1.281656739999999900e+03 0.000000000000000000e+00 1.026141400000000061e+02
1.282336669999999913e+03 0.000000000000000000e+00 1.023141300000000058e+02
1.283016720000000078e+03 0.000000000000000000e+00 1.016979299999999995e+02
1.283696779999999990e+03 0.000000000000000000e+00 1.011006500000000017e+02
1.284376710000000003e+03 0.000000000000000000e+00 1.002073699999999974e+02
1.285056640000000016e+03 0.000000000000000000e+00 9.918035000000000423e+01
1.285736570000000029e+03 0.000000000000000000e+00 9.768307000000000073e+01
1.286416500000000042e+03 0.000000000000000000e+00 9.705740000000000123e+01
1.287096309999999903e+03 0.000000000000000000e+00 9.660200000000000387e+01
1.287776249999999891e+03 0.000000000000000000e+00 9.522496999999999900e+01
1.288456050000000005e+03 0.000000000000000000e+00 9.387090000000000600e+01
1.289135860000000093e+03 0.000000000000000000e+00 9.272629999999999484e+01
1.289815669999999955e+03 0.000000000000000000e+00 9.141546999999999912e+01
1.290495359999999891e+03 0.000000000000000000e+00 9.003303999999999974e+01
1.291175169999999980e+03 0.000000000000000000e+00 8.813169000000000608e+01
1.291854859999999917e+03 0.000000000000000000e+00 8.685335000000000605e+01
1.292534550000000081e+03 0.000000000000000000e+00 8.592360999999999649e+01
1.293214230000000043e+03 0.000000000000000000e+00 8.494388999999999612e+01
1.293893919999999980e+03 0.000000000000000000e+00 8.279796000000000333e+01
1.294573489999999993e+03 0.000000000000000000e+00 8.136821000000000481e+01
1.295253169999999955e+03 0.000000000000000000e+00 8.032088000000000250e+01
1.295932739999999967e+03 0.000000000000000000e+00 7.886548999999999410e+01
1.296612300000000005e+03 0.000000000000000000e+00 7.753982000000000596e+01
1.297291870000000017e+03 0.000000000000000000e+00 7.616821000000000197e+01
1.297971309999999903e+03 0.000000000000000000e+00 7.445199999999999818e+01
1.298650879999999916e+03 0.000000000000000000e+00 7.275198000000000320e+01
1.299330320000000029e+03 0.000000000000000000e+00 7.151816999999999780e+01
1.300009769999999889e+03 0.000000000000000000e+00 7.060738000000000625e+01
1.300689210000000003e+03 0.000000000000000000e+00 6.935739999999999839e+01
1.301368649999999889e+03 0.000000000000000000e+00 6.802765999999999735e+01
1.302047970000000078e+03 0.000000000000000000e+00 6.600199999999999534e+01
1.302727290000000039e+03 0.000000000000000000e+00 6.458168999999999471e+01
1.303406739999999900e+03 0.000000000000000000e+00 6.330060999999999893e+01
1.304085939999999937e+03 0.000000000000000000e+00 6.191550999999999760e+01
1.304765259999999898e+03 0.000000000000000000e+00 6.069250000000000256e+01
1.305444580000000087e+03 0.000000000000000000e+00 5.970197999999999894e+01
1.306123779999999897e+03 0.000000000000000000e+00 5.871544000000000096e+01
1.306802979999999934e+03 0.000000000000000000e+00 5.762626999999999811e+01
1.307482299999999896e+03 0.000000000000000000e+00 5.616550000000000153e+01
1.308161380000000008e+03 0.000000000000000000e+00 5.509656999999999982e+01
1.308840580000000045e+03 0.000000000000000000e+00 5.403981999999999886e+01
1.309519780000000083e+03 0.000000000000000000e+00 5.342764999999999986e+01
1.310198849999999993e+03 0.000000000000000000e+00 5.246954999999999814e+01
1.310877930000000106e+03 0.000000000000000000e+00 5.112489000000000061e+01
1.311557009999999991e+03 0.000000000000000000e+00 5.011140000000000327e+01
1.312236079999999902e+03 0.000000000000000000e+00 4.913300999999999874e+01
1.312915040000000090e+03 0.000000000000000000e+00 4.808169999999999789e+01
1.313594119999999975e+03 0.000000000000000000e+00 4.752763000000000204e+01
1.314273069999999962e+03 0.000000000000000000e+00 4.685600000000000165e+01
1.314952029999999922e+03 0.000000000000000000e+00 4.589925000000000210e+01
1.315630979999999909e+03 0.000000000000000000e+00 4.492763999999999669e+01
1.316309809999999970e+03 0.000000000000000000e+00 4.428305999999999898e+01
1.316988769999999931e+03 0.000000000000000000e+00 4.324524000000000257e+01
1.317667599999999993e+03 0.000000000000000000e+00 4.247223999999999933e+01
1.318346440000000030e+03 0.000000000000000000e+00 4.172359000000000151e+01
1.319025270000000091e+03 0.000000000000000000e+00 4.109521999999999764e+01
1.319704099999999926e+03 0.000000000000000000e+00 4.047630000000000194e+01
1.320382810000000063e+03 0.000000000000000000e+00 3.980602999999999980e+01
1.321061519999999973e+03 0.000000000000000000e+00 3.861954000000000065e+01
1.321740360000000010e+03 0.000000000000000000e+00 3.788982000000000028e+01
1.322419069999999920e+03 0.000000000000000000e+00 3.741140999999999650e+01
1.323097659999999905e+03 0.000000000000000000e+00 3.706007000000000318e+01
1.323776370000000043e+03 0.000000000000000000e+00 3.660195999999999827e+01
1.324454960000000028e+03 0.000000000000000000e+00 3.590469000000000221e+01
1.325133669999999938e+03 0.000000000000000000e+00 3.533306999999999931e+01
1.325812259999999924e+03 0.000000000000000000e+00 3.492224999999999824e+01
1.326490720000000010e+03 0.000000000000000000e+00 3.468574999999999875e+01
1.327169309999999996e+03 0.000000000000000000e+00 3.428307999999999822e+01
1.327847899999999981e+03 0.000000000000000000e+00 3.366958000000000339e+01
1.328526370000000043e+03 0.000000000000000000e+00 3.329796000000000333e+01
1.329204829999999902e+03 0.000000000000000000e+00 3.247901000000000238e+01
1.329883299999999963e+03 0.000000000000000000e+00 3.227631000000000228e+01
1.330561770000000024e+03 0.000000000000000000e+00 3.211954999999999671e+01
1.331240109999999959e+03 0.000000000000000000e+00 3.199386000000000152e+01
1.331918580000000020e+03 0.000000000000000000e+00 3.133168999999999826e+01
1.332596919999999955e+03 0.000000000000000000e+00 3.044113000000000113e+01
1.333275270000000091e+03 0.000000000000000000e+00 2.994790000000000063e+01
1.333953610000000026e+03 0.000000000000000000e+00 2.972087000000000145e+01
1.334631840000000011e+03 0.000000000000000000e+00 2.928712000000000160e+01
1.335310179999999946e+03 0.000000000000000000e+00 2.866413000000000011e+01
1.335988399999999956e+03 0.000000000000000000e+00 2.849521999999999977e+01
1.336666629999999941e+03 0.000000000000000000e+00 2.826010000000000133e+01
1.337344849999999951e+03 0.000000000000000000e+00 2.795063999999999993e+01
1.338022950000000037e+03 0.000000000000000000e+00 2.730602000000000018e+01
1.338701170000000047e+03 0.000000000000000000e+00 2.670195999999999970e+01
1.339379269999999906e+03 0.000000000000000000e+00 2.610874000000000095e+01
1.340057369999999992e+03 0.000000000000000000e+00 2.577900999999999954e+01
1.340735470000000078e+03 0.000000000000000000e+00 2.541413000000000011e+01
1.341413569999999936e+03 0.000000000000000000e+00 2.502627999999999986e+01
1.342091550000000097e+03 0.000000000000000000e+00 2.466141999999999967e+01
1.342769649999999956e+03 0.000000000000000000e+00 2.430736999999999881e+01
1.343447629999999890e+03 0.000000000000000000e+00 2.366280000000000072e+01
1.344125610000000052e+03 0.000000000000000000e+00 2.295198999999999856e+01
1.344803589999999986e+03 0.000000000000000000e+00 2.231546000000000163e+01
1.345481449999999995e+03 0.000000000000000000e+00 2.183840000000000003e+01
1.346159419999999955e+03 0.000000000000000000e+00 2.102762999999999849e+01
1.346837279999999964e+03 0.000000000000000000e+00 2.011683000000000021e+01
1.347515139999999974e+03 0.000000000000000000e+00 1.915599999999999881e+01
1.348192990000000009e+03 0.000000000000000000e+00 1.800329999999999941e+01
1.348870850000000019e+03 0.000000000000000000e+00 1.715603000000000122e+01
1.349548579999999902e+03 0.000000000000000000e+00 1.689115999999999929e+01
1.350226319999999987e+03 0.000000000000000000e+00 1.661550000000000082e+01
1.350904170000000022e+03 0.000000000000000000e+00 1.617087000000000074e+01
1.351581789999999955e+03 0.000000000000000000e+00 1.557220000000000049e+01
1.352259520000000066e+03 0.000000000000000000e+00 1.537897000000000070e+01
1.352937259999999924e+03 0.000000000000000000e+00 1.519924999999999926e+01
1.353614870000000110e+03 0.000000000000000000e+00 1.467900000000000027e+01
1.354292480000000069e+03 0.000000000000000000e+00 1.443844999999999956e+01
1.354970090000000027e+03 0.000000000000000000e+00 1.454386000000000045e+01
1.355647709999999961e+03 0.000000000000000000e+00 1.472090000000000032e+01
1.356325319999999920e+03 0.000000000000000000e+00 1.467088000000000036e+01
1.357002809999999954e+03 0.000000000000000000e+00 1.471279000000000003e+01
1.357680299999999988e+03 0.000000000000000000e+00 1.465873000000000026e+01
1.358357790000000023e+03 0.000000000000000000e+00 1.473981000000000030e+01
1.359035280000000057e+03 0.000000000000000000e+00 1.430329000000000050e+01
1.359712770000000091e+03 0.000000000000000000e+00 1.395872999999999919e+01
1.360390139999999974e+03 0.000000000000000000e+00 1.383308000000000071e+01
1.361067630000000008e+03 0.000000000000000000e+00 1.375333000000000006e+01
1.361744999999999891e+03 0.000000000000000000e+00 1.354922999999999966e+01
1.362422360000000026e+03 0.000000000000000000e+00 1.337355999999999945e+01
1.363099609999999984e+03 0.000000000000000000e+00 1.322762999999999955e+01
1.363776980000000094e+03 0.000000000000000000e+00 1.314522000000000013e+01
1.364454220000000078e+03 0.000000000000000000e+00 1.291817999999999955e+01
1.365131470000000036e+03 0.000000000000000000e+00 1.285196999999999967e+01
1.365808719999999994e+03 0.000000000000000000e+00 1.285196000000000005e+01
1.366485959999999977e+03 0.000000000000000000e+00 1.276953999999999922e+01
1.367163209999999935e+03 0.000000000000000000e+00 1.262762000000000029e+01
1.367840329999999994e+03 0.000000000000000000e+00 1.270063000000000031e+01
