9.306945799999999736e+02 0.000000000000000000e+00 8.938900000000000290e+00
9.313851899999999659e+02 0.000000000000000000e+00 9.133499999999999730e+00
9.320757399999999961e+02 0.000000000000000000e+00 9.278069999999999595e+00
9.327663000000000011e+02 0.000000000000000000e+00 9.087529999999999220e+00
9.334568500000000313e+02 0.000000000000000000e+00 8.932119999999999393e+00
9.341473999999999478e+02 0.000000000000000000e+00 8.606450000000000600e+00
9.348378900000000158e+02 0.000000000000000000e+00 8.273999999999999133e+00
9.355283799999999701e+02 0.000000000000000000e+00 7.848309999999999675e+00
9.362188700000000381e+02 0.000000000000000000e+00 7.888829999999999565e+00
9.369093000000000302e+02 0.000000000000000000e+00 8.313179999999999126e+00
9.375997300000000223e+02 0.000000000000000000e+00 8.492910000000000181e+00
9.382901600000000144e+02 0.000000000000000000e+00 8.141569999999999752e+00
9.389805300000000443e+02 0.000000000000000000e+00 7.744270000000000209e+00
9.396708999999999605e+02 0.000000000000000000e+00 7.522649999999999615e+00
9.403612699999999904e+02 0.000000000000000000e+00 7.703710000000000058e+00
9.410515699999999697e+02 0.000000000000000000e+00 7.884809999999999874e+00
9.417418800000000374e+02 0.000000000000000000e+00 7.888849999999999696e+00
9.424321899999999914e+02 0.000000000000000000e+00 7.763189999999999813e+00
9.431224999999999454e+02 0.000000000000000000e+00 7.755090000000000039e+00
9.438127399999999625e+02 0.000000000000000000e+00 7.599700000000000344e+00
9.445029899999999543e+02 0.000000000000000000e+00 8.206459999999999866e+00
9.451931799999999839e+02 0.000000000000000000e+00 8.548320000000000363e+00
9.458833600000000388e+02 0.000000000000000000e+00 8.984809999999999519e+00
9.465735499999999547e+02 0.000000000000000000e+00 9.286160000000000636e+00
9.472637300000000096e+02 0.000000000000000000e+00 9.564550000000000551e+00
9.479538599999999633e+02 0.000000000000000000e+00 1.006456000000000017e+01
9.486439800000000560e+02 0.000000000000000000e+00 1.028077000000000041e+01
9.493341100000000097e+02 0.000000000000000000e+00 1.049022000000000077e+01
9.500241700000000264e+02 0.000000000000000000e+00 1.061049000000000042e+01
9.507142300000000432e+02 0.000000000000000000e+00 1.109698000000000029e+01
9.514043000000000347e+02 0.000000000000000000e+00 1.160375999999999941e+01
9.520943600000000515e+02 0.000000000000000000e+00 1.251051999999999964e+01
9.527843599999999924e+02 0.000000000000000000e+00 1.323889999999999922e+01
9.534743700000000217e+02 0.000000000000000000e+00 1.400103000000000009e+01
9.541643100000000004e+02 0.000000000000000000e+00 1.453073999999999977e+01
9.548542499999999791e+02 0.000000000000000000e+00 1.570508000000000060e+01
9.555441899999999578e+02 0.000000000000000000e+00 1.686182000000000158e+01
9.562341300000000501e+02 0.000000000000000000e+00 1.797535999999999845e+01
9.569240099999999529e+02 0.000000000000000000e+00 1.882397999999999882e+01
9.576138899999999694e+02 0.000000000000000000e+00 1.987398999999999916e+01
9.583037699999999859e+02 0.000000000000000000e+00 2.106994999999999862e+01
9.589935900000000402e+02 0.000000000000000000e+00 2.284696999999999889e+01
9.596834099999999808e+02 0.000000000000000000e+00 2.551184999999999903e+01
9.603731699999999591e+02 0.000000000000000000e+00 2.731185999999999936e+01
9.610629900000000134e+02 0.000000000000000000e+00 2.857398999999999845e+01
9.617527499999999918e+02 0.000000000000000000e+00 2.955375000000000085e+01
9.624424999999999955e+02 0.000000000000000000e+00 3.148347000000000051e+01
9.631322000000000116e+02 0.000000000000000000e+00 3.318343999999999738e+01
9.638219000000000278e+02 0.000000000000000000e+00 3.495233999999999952e+01
9.645116000000000440e+02 0.000000000000000000e+00 3.665373999999999910e+01
9.652012300000000096e+02 0.000000000000000000e+00 3.823344999999999771e+01
9.658908699999999499e+02 0.000000000000000000e+00 3.952264000000000266e+01
9.665805100000000039e+02 0.000000000000000000e+00 4.094294000000000011e+01
9.672701399999999694e+02 0.000000000000000000e+00 4.216725999999999885e+01
9.679597199999999475e+02 0.000000000000000000e+00 4.374967000000000183e+01
9.686492899999999509e+02 0.000000000000000000e+00 4.501321000000000083e+01
9.693388700000000426e+02 0.000000000000000000e+00 4.587669000000000352e+01
9.700283799999999701e+02 0.000000000000000000e+00 4.691051000000000215e+01
9.707178999999999860e+02 0.000000000000000000e+00 4.749698999999999671e+01
9.714073499999999513e+02 0.000000000000000000e+00 4.828618000000000166e+01
9.720968599999999924e+02 0.000000000000000000e+00 4.925372999999999735e+01
9.727863200000000461e+02 0.000000000000000000e+00 5.014155000000000229e+01
9.734757100000000491e+02 0.000000000000000000e+00 5.094697000000000031e+01
9.741651600000000144e+02 0.000000000000000000e+00 5.209832999999999714e+01
9.748545500000000175e+02 0.000000000000000000e+00 5.308480999999999739e+01
9.755438799999999446e+02 0.000000000000000000e+00 5.402669999999999817e+01
9.762332800000000361e+02 0.000000000000000000e+00 5.538074000000000296e+01
9.769226099999999633e+02 0.000000000000000000e+00 5.687265000000000015e+01
9.776119400000000041e+02 0.000000000000000000e+00 5.856318999999999875e+01
9.783012099999999691e+02 0.000000000000000000e+00 6.045374000000000336e+01
9.789904800000000478e+02 0.000000000000000000e+00 6.244158999999999793e+01
9.796797500000000127e+02 0.000000000000000000e+00 6.460647000000000162e+01
9.803690199999999777e+02 0.000000000000000000e+00 6.651860999999999535e+01
9.810582299999999805e+02 0.000000000000000000e+00 6.877670000000000528e+01
9.817474399999999832e+02 0.000000000000000000e+00 7.152263999999999555e+01
9.824365800000000490e+02 0.000000000000000000e+00 7.361589999999999634e+01
9.831257299999999759e+02 0.000000000000000000e+00 7.668616000000000099e+01
9.838148800000000165e+02 0.000000000000000000e+00 7.937806999999999391e+01
9.845040299999999434e+02 0.000000000000000000e+00 8.217267999999999972e+01
9.851931200000000217e+02 0.000000000000000000e+00 8.520103000000000293e+01
9.858822000000000116e+02 0.000000000000000000e+00 8.777805999999999642e+01
9.865712899999999763e+02 0.000000000000000000e+00 8.980915000000000248e+01
9.872603100000000040e+02 0.000000000000000000e+00 9.168616000000000099e+01
9.879493400000000065e+02 0.000000000000000000e+00 9.362263000000000090e+01
9.886383700000000090e+02 0.000000000000000000e+00 9.567672000000000310e+01
9.893273299999999608e+02 0.000000000000000000e+00 9.698076000000000363e+01
9.900163000000000011e+02 0.000000000000000000e+00 9.811316999999999666e+01
9.907052599999999529e+02 0.000000000000000000e+00 9.860236000000000445e+01
9.913941700000000310e+02 0.000000000000000000e+00 9.856181999999999732e+01
9.920830700000000206e+02 0.000000000000000000e+00 9.825104000000000326e+01
9.927719700000000103e+02 0.000000000000000000e+00 9.784427999999999770e+01
9.934608799999999746e+02 0.000000000000000000e+00 9.672131000000000256e+01
9.941497200000000021e+02 0.000000000000000000e+00 9.542804999999999893e+01
9.948385600000000295e+02 0.000000000000000000e+00 9.359157999999999333e+01
9.955273399999999810e+02 0.000000000000000000e+00 9.106860000000000355e+01
9.962161300000000210e+02 0.000000000000000000e+00 8.832805999999999358e+01
9.969049099999999726e+02 0.000000000000000000e+00 8.565914999999999679e+01
9.975936900000000378e+02 0.000000000000000000e+00 8.300645000000000095e+01
9.982824100000000271e+02 0.000000000000000000e+00 8.086051000000000499e+01
9.989711300000000165e+02 0.000000000000000000e+00 7.838482999999999379e+01
9.996597900000000436e+02 0.000000000000000000e+00 7.598751000000000033e+01
1.000348449999999957e+03 0.000000000000000000e+00 7.297129999999999939e+01
1.001037109999999984e+03 0.000000000000000000e+00 7.058212000000000330e+01
1.001725770000000011e+03 0.000000000000000000e+00 6.790913999999999362e+01
1.002414369999999963e+03 0.000000000000000000e+00 6.536185000000000400e+01
1.003102970000000028e+03 0.000000000000000000e+00 6.292264999999999731e+01
1.003791560000000004e+03 0.000000000000000000e+00 6.063886000000000109e+01
1.004480099999999993e+03 0.000000000000000000e+00 5.845373000000000019e+01
1.005168639999999982e+03 0.000000000000000000e+00 5.655644000000000204e+01
1.005857179999999971e+03 0.000000000000000000e+00 5.462942000000000320e+01
1.006545650000000023e+03 0.000000000000000000e+00 5.283887000000000000e+01
1.007234130000000050e+03 0.000000000000000000e+00 5.079290000000000305e+01
1.007922609999999963e+03 0.000000000000000000e+00 4.887263000000000090e+01
1.008611020000000053e+03 0.000000000000000000e+00 4.749020000000000152e+01
1.009299440000000004e+03 0.000000000000000000e+00 4.611319000000000301e+01
1.009987849999999980e+03 0.000000000000000000e+00 4.448752999999999957e+01
1.010676270000000045e+03 0.000000000000000000e+00 4.305913999999999930e+01
1.011364619999999945e+03 0.000000000000000000e+00 4.190780999999999779e+01
1.012052919999999972e+03 0.000000000000000000e+00 4.119297000000000253e+01
1.012741269999999986e+03 0.000000000000000000e+00 4.024564999999999770e+01
1.013429570000000012e+03 0.000000000000000000e+00 3.917806000000000211e+01
1.014117859999999951e+03 0.000000000000000000e+00 3.847937999999999903e+01
1.014806090000000040e+03 0.000000000000000000e+00 3.781049000000000149e+01
1.015494320000000016e+03 0.000000000000000000e+00 3.720103000000000293e+01
1.016182559999999967e+03 0.000000000000000000e+00 3.626995999999999754e+01
1.016870790000000056e+03 0.000000000000000000e+00 3.564701000000000164e+01
1.017558959999999956e+03 0.000000000000000000e+00 3.505917000000000172e+01
1.018247129999999970e+03 0.000000000000000000e+00 3.468482999999999805e+01
1.018935240000000022e+03 0.000000000000000000e+00 3.436054000000000030e+01
1.019623349999999959e+03 0.000000000000000000e+00 3.408756999999999948e+01
1.020311460000000011e+03 0.000000000000000000e+00 3.375513000000000119e+01
1.020999569999999949e+03 0.000000000000000000e+00 3.356054000000000315e+01
1.021687620000000038e+03 0.000000000000000000e+00 3.339292999999999978e+01
1.022375670000000014e+03 0.000000000000000000e+00 3.309156999999999726e+01
1.023063719999999989e+03 0.000000000000000000e+00 3.308615000000000350e+01
1.023751710000000003e+03 0.000000000000000000e+00 3.329561999999999955e+01
1.024439699999999903e+03 0.000000000000000000e+00 3.406184999999999974e+01
1.025127690000000030e+03 0.000000000000000000e+00 3.490509000000000128e+01
1.025815550000000030e+03 0.000000000000000000e+00 3.540644000000000347e+01
1.026503539999999930e+03 0.000000000000000000e+00 3.541319000000000017e+01
1.027191409999999905e+03 0.000000000000000000e+00 3.580239000000000260e+01
1.027879269999999906e+03 0.000000000000000000e+00 3.626183000000000334e+01
1.028567140000000109e+03 0.000000000000000000e+00 3.712939000000000078e+01
1.029255000000000109e+03 0.000000000000000000e+00 3.789155000000000229e+01
1.029942870000000084e+03 0.000000000000000000e+00 3.871589000000000169e+01
1.030630619999999908e+03 0.000000000000000000e+00 3.946726999999999919e+01
1.031318479999999909e+03 0.000000000000000000e+00 4.066591999999999985e+01
1.032006229999999960e+03 0.000000000000000000e+00 4.193751999999999924e+01
1.032693970000000036e+03 0.000000000000000000e+00 4.290914000000000073e+01
1.033381710000000112e+03 0.000000000000000000e+00 4.371589999999999776e+01
1.034069340000000011e+03 0.000000000000000000e+00 4.476995000000000147e+01
1.034757080000000087e+03 0.000000000000000000e+00 4.582130999999999688e+01
1.035444700000000012e+03 0.000000000000000000e+00 4.668887000000000143e+01
1.036132319999999936e+03 0.000000000000000000e+00 4.720103000000000293e+01
1.036820069999999987e+03 0.000000000000000000e+00 4.748075000000000045e+01
1.037507569999999987e+03 0.000000000000000000e+00 4.752938999999999936e+01
1.038195189999999911e+03 0.000000000000000000e+00 4.782401000000000124e+01
1.038882810000000063e+03 0.000000000000000000e+00 4.811455999999999733e+01
1.039570310000000063e+03 0.000000000000000000e+00 4.842266999999999655e+01
1.040257810000000063e+03 0.000000000000000000e+00 4.845103000000000293e+01
1.040945310000000063e+03 0.000000000000000000e+00 4.844022999999999968e+01
1.041632810000000063e+03 0.000000000000000000e+00 4.866861000000000104e+01
1.042320310000000063e+03 0.000000000000000000e+00 4.820374999999999943e+01
1.043007689999999911e+03 0.000000000000000000e+00 4.783753000000000100e+01
1.043695189999999911e+03 0.000000000000000000e+00 4.737133999999999645e+01
1.044382569999999987e+03 0.000000000000000000e+00 4.693484000000000123e+01
1.045069950000000063e+03 0.000000000000000000e+00 4.626727000000000345e+01
1.045757319999999936e+03 0.000000000000000000e+00 4.548481999999999914e+01
1.046444700000000012e+03 0.000000000000000000e+00 4.440912999999999755e+01
1.047131959999999935e+03 0.000000000000000000e+00 4.367533999999999850e+01
1.047819340000000011e+03 0.000000000000000000e+00 4.318750000000000000e+01
1.048506589999999960e+03 0.000000000000000000e+00 4.281454999999999700e+01
1.049193850000000111e+03 0.000000000000000000e+00 4.210103000000000151e+01
1.049881100000000060e+03 0.000000000000000000e+00 4.129563999999999879e+01
1.050568359999999984e+03 0.000000000000000000e+00 4.059832000000000107e+01
1.051255490000000009e+03 0.000000000000000000e+00 3.943614999999999782e+01
1.051942749999999933e+03 0.000000000000000000e+00 3.873210000000000264e+01
1.052629879999999957e+03 0.000000000000000000e+00 3.835643000000000313e+01
1.053317019999999957e+03 0.000000000000000000e+00 3.794427000000000305e+01
1.054004149999999981e+03 0.000000000000000000e+00 3.749159000000000219e+01
1.054691280000000006e+03 0.000000000000000000e+00 3.684156000000000120e+01
1.055378300000000081e+03 0.000000000000000000e+00 3.615509000000000128e+01
1.056065430000000106e+03 0.000000000000000000e+00 3.553345999999999805e+01
1.056752439999999979e+03 0.000000000000000000e+00 3.516588999999999743e+01
1.057439450000000079e+03 0.000000000000000000e+00 3.494154000000000337e+01
1.058126459999999952e+03 0.000000000000000000e+00 3.454287999999999670e+01
1.058813480000000027e+03 0.000000000000000000e+00 3.416046999999999656e+01
1.059500489999999900e+03 0.000000000000000000e+00 3.404831999999999681e+01
1.060187380000000076e+03 0.000000000000000000e+00 3.387402999999999764e+01
1.060874270000000024e+03 0.000000000000000000e+00 3.354563000000000272e+01
1.061561159999999973e+03 0.000000000000000000e+00 3.344292000000000087e+01
1.062248049999999921e+03 0.000000000000000000e+00 3.344832999999999856e+01
1.062934940000000097e+03 0.000000000000000000e+00 3.373749999999999716e+01
1.063621830000000045e+03 0.000000000000000000e+00 3.378343000000000274e+01
1.064308590000000095e+03 0.000000000000000000e+00 3.384562999999999988e+01
1.064995480000000043e+03 0.000000000000000000e+00 3.411590000000000344e+01
1.065682250000000067e+03 0.000000000000000000e+00 3.465511000000000053e+01
1.066369020000000091e+03 0.000000000000000000e+00 3.486592000000000269e+01
1.067055659999999989e+03 0.000000000000000000e+00 3.494832999999999856e+01
1.067742430000000013e+03 0.000000000000000000e+00 3.511590000000000344e+01
1.068429080000000113e+03 0.000000000000000000e+00 3.503752999999999673e+01
1.069115839999999935e+03 0.000000000000000000e+00 3.505237999999999943e+01
1.069802490000000034e+03 0.000000000000000000e+00 3.497399999999999665e+01
1.070489139999999907e+03 0.000000000000000000e+00 3.460645000000000238e+01
1.071175780000000032e+03 0.000000000000000000e+00 3.472131000000000256e+01
1.071862300000000005e+03 0.000000000000000000e+00 3.469158999999999793e+01
1.072548950000000104e+03 0.000000000000000000e+00 3.464426999999999879e+01
1.073235470000000078e+03 0.000000000000000000e+00 3.474564000000000163e+01
1.073922000000000025e+03 0.000000000000000000e+00 3.462133000000000038e+01
1.074608519999999999e+03 0.000000000000000000e+00 3.436048999999999864e+01
1.075295039999999972e+03 0.000000000000000000e+00 3.380102999999999724e+01
1.075981569999999920e+03 0.000000000000000000e+00 3.321860000000000213e+01
1.076667969999999968e+03 0.000000000000000000e+00 3.263215999999999894e+01
1.077354370000000017e+03 0.000000000000000000e+00 3.235918000000000205e+01
1.078040770000000066e+03 0.000000000000000000e+00 3.185648000000000124e+01
1.078727169999999887e+03 0.000000000000000000e+00 3.117942999999999998e+01
1.079413569999999936e+03 0.000000000000000000e+00 3.032806000000000068e+01
1.080099979999999960e+03 0.000000000000000000e+00 2.990912000000000148e+01
1.080786250000000109e+03 0.000000000000000000e+00 2.931455000000000055e+01
1.081472659999999905e+03 0.000000000000000000e+00 2.882131000000000043e+01
1.082158940000000030e+03 0.000000000000000000e+00 2.812266999999999939e+01
1.082845209999999952e+03 0.000000000000000000e+00 2.747537000000000162e+01
1.083531369999999924e+03 0.000000000000000000e+00 2.706995999999999825e+01
1.084217650000000049e+03 0.000000000000000000e+00 2.664429000000000158e+01
1.084903929999999946e+03 0.000000000000000000e+00 2.634968999999999895e+01
1.085590089999999918e+03 0.000000000000000000e+00 2.581317999999999913e+01
1.086276249999999891e+03 0.000000000000000000e+00 2.544427999999999912e+01
1.086962399999999889e+03 0.000000000000000000e+00 2.521592000000000056e+01
1.087648560000000089e+03 0.000000000000000000e+00 2.494023999999999930e+01
1.088334589999999935e+03 0.000000000000000000e+00 2.449560999999999922e+01
1.089020749999999907e+03 0.000000000000000000e+00 2.412403000000000119e+01
1.089706789999999955e+03 0.000000000000000000e+00 2.354022000000000148e+01
1.090392820000000029e+03 0.000000000000000000e+00 2.349159999999999826e+01
1.091078860000000077e+03 0.000000000000000000e+00 2.330103000000000080e+01
1.091764889999999923e+03 0.000000000000000000e+00 2.312398999999999916e+01
1.092450810000000047e+03 0.000000000000000000e+00 2.292671999999999954e+01
1.093136839999999893e+03 0.000000000000000000e+00 2.270241000000000042e+01
1.093822750000000042e+03 0.000000000000000000e+00 2.256859000000000037e+01
1.094508669999999938e+03 0.000000000000000000e+00 2.259424999999999883e+01
1.095194580000000087e+03 0.000000000000000000e+00 2.304155000000000086e+01
1.095880490000000009e+03 0.000000000000000000e+00 2.321319000000000088e+01
1.096566409999999905e+03 0.000000000000000000e+00 2.310911000000000115e+01
1.097252199999999903e+03 0.000000000000000000e+00 2.318477999999999994e+01
1.097937989999999900e+03 0.000000000000000000e+00 2.316995000000000005e+01
1.098623779999999897e+03 0.000000000000000000e+00 2.308342999999999989e+01
1.099309569999999894e+03 0.000000000000000000e+00 2.309968999999999895e+01
1.099995359999999891e+03 0.000000000000000000e+00 2.338211000000000084e+01
1.100681149999999889e+03 0.000000000000000000e+00 2.377131999999999934e+01
1.101366819999999962e+03 0.000000000000000000e+00 2.441054000000000102e+01
1.102052490000000034e+03 0.000000000000000000e+00 2.509429000000000087e+01
1.102738160000000107e+03 0.000000000000000000e+00 2.580779000000000067e+01
1.103423829999999953e+03 0.000000000000000000e+00 2.679561999999999955e+01
1.104109500000000025e+03 0.000000000000000000e+00 2.750509999999999877e+01
1.104795170000000098e+03 0.000000000000000000e+00 2.799293000000000120e+01
1.105480710000000045e+03 0.000000000000000000e+00 2.843751999999999924e+01
1.106166259999999966e+03 0.000000000000000000e+00 2.897534999999999883e+01
1.106851809999999887e+03 0.000000000000000000e+00 2.958211999999999975e+01
1.107537350000000060e+03 0.000000000000000000e+00 3.083211999999999975e+01
1.108222899999999981e+03 0.000000000000000000e+00 3.184562000000000026e+01
1.108908449999999903e+03 0.000000000000000000e+00 3.320644000000000062e+01
1.109593869999999924e+03 0.000000000000000000e+00 3.434835000000000349e+01
1.110279299999999921e+03 0.000000000000000000e+00 3.576451000000000136e+01
1.110964719999999943e+03 0.000000000000000000e+00 3.709156000000000120e+01
1.111650149999999940e+03 0.000000000000000000e+00 3.876180999999999699e+01
1.112335569999999962e+03 0.000000000000000000e+00 4.062671999999999883e+01
1.113020999999999958e+03 0.000000000000000000e+00 4.215102999999999867e+01
1.113706300000000056e+03 0.000000000000000000e+00 4.342403999999999797e+01
1.114391599999999926e+03 0.000000000000000000e+00 4.499428999999999945e+01
1.115076900000000023e+03 0.000000000000000000e+00 4.651729000000000269e+01
1.115762210000000096e+03 0.000000000000000000e+00 4.832536000000000342e+01
1.116447509999999966e+03 0.000000000000000000e+00 4.996182999999999907e+01
1.117132689999999911e+03 0.000000000000000000e+00 5.140780999999999779e+01
1.117817990000000009e+03 0.000000000000000000e+00 5.285781999999999670e+01
1.118503169999999955e+03 0.000000000000000000e+00 5.480917999999999779e+01
1.119188349999999900e+03 0.000000000000000000e+00 5.604970999999999748e+01
1.119873540000000048e+03 0.000000000000000000e+00 5.743211000000000155e+01
1.120558590000000095e+03 0.000000000000000000e+00 5.896591999999999700e+01
1.121243770000000040e+03 0.000000000000000000e+00 6.052535999999999916e+01
1.121928830000000062e+03 0.000000000000000000e+00 6.213486000000000331e+01
1.122613890000000083e+03 0.000000000000000000e+00 6.344024000000000285e+01
1.123298950000000104e+03 0.000000000000000000e+00 6.448075000000000045e+01
1.123984009999999898e+03 0.000000000000000000e+00 6.544292000000000087e+01
1.124669069999999920e+03 0.000000000000000000e+00 6.621860999999999819e+01
1.125354000000000042e+03 0.000000000000000000e+00 6.685379000000000360e+01
1.126039060000000063e+03 0.000000000000000000e+00 6.736323000000000150e+01
1.126723999999999933e+03 0.000000000000000000e+00 6.762000999999999351e+01
1.127408940000000030e+03 0.000000000000000000e+00 6.791321999999999548e+01
1.128093869999999924e+03 0.000000000000000000e+00 6.797805999999999926e+01
1.128778690000000097e+03 0.000000000000000000e+00 6.815641999999999712e+01
1.129463619999999992e+03 0.000000000000000000e+00 6.766048000000000684e+01
1.130148439999999937e+03 0.000000000000000000e+00 6.746725000000000705e+01
1.130833249999999907e+03 0.000000000000000000e+00 6.714968000000000359e+01
1.131518070000000080e+03 0.000000000000000000e+00 6.679292999999999836e+01
1.132202880000000050e+03 0.000000000000000000e+00 6.605643999999999494e+01
1.132887699999999995e+03 0.000000000000000000e+00 6.514561999999999387e+01
1.133572390000000041e+03 0.000000000000000000e+00 6.476725000000000421e+01
1.134257080000000087e+03 0.000000000000000000e+00 6.450508999999999560e+01
1.134941769999999906e+03 0.000000000000000000e+00 6.376183999999999941e+01
1.135626459999999952e+03 0.000000000000000000e+00 6.244156000000000262e+01
1.136311159999999973e+03 0.000000000000000000e+00 6.137805000000000177e+01
1.136995850000000019e+03 0.000000000000000000e+00 6.107130000000000081e+01
1.137680419999999913e+03 0.000000000000000000e+00 6.077806999999999960e+01
1.138364990000000034e+03 0.000000000000000000e+00 6.077671999999999741e+01
1.139049559999999929e+03 0.000000000000000000e+00 6.058209999999999695e+01
1.139734130000000050e+03 0.000000000000000000e+00 5.972265999999999764e+01
1.140418699999999944e+03 0.000000000000000000e+00 5.915373999999999910e+01
1.141103149999999914e+03 0.000000000000000000e+00 5.894834000000000174e+01
1.141787720000000036e+03 0.000000000000000000e+00 5.926588000000000278e+01
1.142472170000000006e+03 0.000000000000000000e+00 5.933617000000000274e+01
1.143156619999999975e+03 0.000000000000000000e+00 5.936726000000000170e+01
1.143841059999999970e+03 0.000000000000000000e+00 5.916183000000000192e+01
1.144525509999999940e+03 0.000000000000000000e+00 5.930646000000000129e+01
1.145209839999999986e+03 0.000000000000000000e+00 5.932401000000000124e+01
1.145894289999999955e+03 0.000000000000000000e+00 5.960914999999999964e+01
1.146578610000000026e+03 0.000000000000000000e+00 5.991317000000000093e+01
1.147262940000000071e+03 0.000000000000000000e+00 6.012671999999999883e+01
1.147947269999999889e+03 0.000000000000000000e+00 6.067401999999999873e+01
1.148631470000000036e+03 0.000000000000000000e+00 6.159161000000000286e+01
1.149315800000000081e+03 0.000000000000000000e+00 6.243213000000000079e+01
1.150000000000000000e+03 0.000000000000000000e+00 6.306591000000000236e+01
1.150684199999999919e+03 0.000000000000000000e+00 6.374293000000000120e+01
1.151368410000000040e+03 0.000000000000000000e+00 6.415913999999999362e+01
1.152052609999999959e+03 0.000000000000000000e+00 6.451184000000000651e+01
1.152736820000000080e+03 0.000000000000000000e+00 6.489965999999999724e+01
1.153420900000000074e+03 0.000000000000000000e+00 6.554563000000000272e+01
1.154104980000000069e+03 0.000000000000000000e+00 6.579563000000000272e+01
1.154789060000000063e+03 0.000000000000000000e+00 6.595641999999999427e+01
1.155473140000000058e+03 0.000000000000000000e+00 6.618883999999999901e+01
1.156157230000000027e+03 0.000000000000000000e+00 6.597266000000000474e+01
1.156841310000000021e+03 0.000000000000000000e+00 6.579697000000000173e+01
1.157525270000000091e+03 0.000000000000000000e+00 6.522396999999999423e+01
1.158209229999999934e+03 0.000000000000000000e+00 6.471451999999999316e+01
1.158893190000000004e+03 0.000000000000000000e+00 6.449560999999999922e+01
1.159577150000000074e+03 0.000000000000000000e+00 6.370508000000000237e+01
1.160261109999999917e+03 0.000000000000000000e+00 6.305776999999999788e+01
1.160945069999999987e+03 0.000000000000000000e+00 6.241991999999999763e+01
1.161628909999999905e+03 0.000000000000000000e+00 6.212937999999999761e+01
1.162312740000000076e+03 0.000000000000000000e+00 6.141584000000000287e+01
1.162996579999999994e+03 0.000000000000000000e+00 6.035779000000000138e+01
1.163680419999999913e+03 0.000000000000000000e+00 5.940914999999999679e+01
1.164364260000000058e+03 0.000000000000000000e+00 5.864831999999999823e+01
1.165047970000000078e+03 0.000000000000000000e+00 5.726453000000000060e+01
1.165731809999999996e+03 0.000000000000000000e+00 5.619294000000000011e+01
1.166415529999999990e+03 0.000000000000000000e+00 5.527806000000000353e+01
1.167099240000000009e+03 0.000000000000000000e+00 5.433212000000000330e+01
1.167782840000000078e+03 0.000000000000000000e+00 5.362942999999999927e+01
1.168466550000000097e+03 0.000000000000000000e+00 5.242943000000000353e+01
1.169150270000000091e+03 0.000000000000000000e+00 5.152940000000000254e+01
1.169833859999999959e+03 0.000000000000000000e+00 5.039018999999999693e+01
1.170517460000000028e+03 0.000000000000000000e+00 4.934022000000000219e+01
1.171201049999999896e+03 0.000000000000000000e+00 4.823214000000000112e+01
1.171884639999999990e+03 0.000000000000000000e+00 4.724969999999999715e+01
1.172568119999999908e+03 0.000000000000000000e+00 4.637537999999999982e+01
1.173251710000000003e+03 0.000000000000000000e+00 4.580508999999999986e+01
1.173935179999999946e+03 0.000000000000000000e+00 4.515371999999999986e+01
1.174618649999999889e+03 0.000000000000000000e+00 4.419830000000000325e+01
1.175302120000000059e+03 0.000000000000000000e+00 4.334698000000000206e+01
1.175985599999999977e+03 0.000000000000000000e+00 4.251995000000000147e+01
1.176668949999999995e+03 0.000000000000000000e+00 4.188888000000000034e+01
1.177352419999999938e+03 0.000000000000000000e+00 4.158619999999999806e+01
1.178035769999999957e+03 0.000000000000000000e+00 4.138889999999999958e+01
1.178719119999999975e+03 0.000000000000000000e+00 4.085376999999999725e+01
1.179402469999999994e+03 0.000000000000000000e+00 4.002264999999999873e+01
1.180085690000000113e+03 0.000000000000000000e+00 3.902671000000000134e+01
1.180769039999999904e+03 0.000000000000000000e+00 3.846994999999999720e+01
1.181452269999999999e+03 0.000000000000000000e+00 3.787400000000000233e+01
1.182135500000000093e+03 0.000000000000000000e+00 3.759154999999999802e+01
1.182818729999999960e+03 0.000000000000000000e+00 3.701995000000000147e+01
1.183501950000000079e+03 0.000000000000000000e+00 3.674154999999999660e+01
1.184185179999999946e+03 0.000000000000000000e+00 3.609696999999999889e+01
1.184868289999999888e+03 0.000000000000000000e+00 3.543887000000000143e+01
1.185551390000000083e+03 0.000000000000000000e+00 3.497133000000000180e+01
1.186234500000000025e+03 0.000000000000000000e+00 3.469834999999999781e+01
1.186917599999999993e+03 0.000000000000000000e+00 3.459698000000000206e+01
1.187600709999999935e+03 0.000000000000000000e+00 3.379021999999999792e+01
1.188283809999999903e+03 0.000000000000000000e+00 3.332536999999999949e+01
1.188966799999999921e+03 0.000000000000000000e+00 3.282399999999999807e+01
1.189649779999999964e+03 0.000000000000000000e+00 3.279428000000000054e+01
1.190332760000000007e+03 0.000000000000000000e+00 3.251323000000000008e+01
1.191015750000000025e+03 0.000000000000000000e+00 3.219024999999999892e+01
1.191698730000000069e+03 0.000000000000000000e+00 3.156859999999999999e+01
1.192381589999999960e+03 0.000000000000000000e+00 3.146453999999999951e+01
1.193064579999999978e+03 0.000000000000000000e+00 3.112265000000000015e+01
1.193747440000000097e+03 0.000000000000000000e+00 3.069023999999999930e+01
1.194430299999999988e+03 0.000000000000000000e+00 3.035104000000000113e+01
1.195113160000000107e+03 0.000000000000000000e+00 3.024561999999999884e+01
1.195795900000000074e+03 0.000000000000000000e+00 2.994964999999999833e+01
1.196478759999999966e+03 0.000000000000000000e+00 2.950508999999999915e+01
1.197161499999999933e+03 0.000000000000000000e+00 2.882130000000000081e+01
1.197844239999999900e+03 0.000000000000000000e+00 2.808753000000000100e+01
1.198526980000000094e+03 0.000000000000000000e+00 2.776051999999999964e+01
1.199209720000000061e+03 0.000000000000000000e+00 2.733617999999999881e+01
1.199892329999999902e+03 0.000000000000000000e+00 2.713078000000000145e+01
1.200575070000000096e+03 0.000000000000000000e+00 2.679833999999999961e+01
1.201257689999999911e+03 0.000000000000000000e+00 2.646049000000000007e+01
1.201940309999999954e+03 0.000000000000000000e+00 2.576183999999999941e+01
1.202622920000000022e+03 0.000000000000000000e+00 2.536183000000000121e+01
1.203305540000000065e+03 0.000000000000000000e+00 2.487940000000000040e+01
1.203988039999999955e+03 0.000000000000000000e+00 2.446049000000000007e+01
1.204670650000000023e+03 0.000000000000000000e+00 2.379020999999999830e+01
1.205353149999999914e+03 0.000000000000000000e+00 2.356321000000000154e+01
1.206035640000000058e+03 0.000000000000000000e+00 2.339698999999999884e+01
1.206718139999999948e+03 0.000000000000000000e+00 2.325645000000000095e+01
1.207400509999999940e+03 0.000000000000000000e+00 2.298889000000000138e+01
1.208083010000000058e+03 0.000000000000000000e+00 2.250915000000000177e+01
1.208765380000000050e+03 0.000000000000000000e+00 2.206184999999999974e+01
1.209447750000000042e+03 0.000000000000000000e+00 2.156319999999999837e+01
1.210130130000000008e+03 0.000000000000000000e+00 2.115915000000000035e+01
1.210812500000000000e+03 0.000000000000000000e+00 2.091995000000000005e+01
1.211494750000000067e+03 0.000000000000000000e+00 2.112403000000000119e+01
1.212177120000000059e+03 0.000000000000000000e+00 2.091591999999999985e+01
1.212859380000000101e+03 0.000000000000000000e+00 2.058890999999999849e+01
1.213541629999999941e+03 0.000000000000000000e+00 2.029834999999999923e+01
1.214223880000000008e+03 0.000000000000000000e+00 2.011186999999999969e+01
1.214906009999999924e+03 0.000000000000000000e+00 1.969562000000000168e+01
1.215588259999999991e+03 0.000000000000000000e+00 1.954562999999999917e+01
1.216270389999999907e+03 0.000000000000000000e+00 1.925242000000000075e+01
1.216952510000000075e+03 0.000000000000000000e+00 1.895511000000000124e+01
1.217634639999999990e+03 0.000000000000000000e+00 1.835781000000000063e+01
1.218316769999999906e+03 0.000000000000000000e+00 1.784158000000000044e+01
1.218998900000000049e+03 0.000000000000000000e+00 1.772263999999999839e+01
1.219680910000000040e+03 0.000000000000000000e+00 1.786861000000000033e+01
1.220363039999999955e+03 0.000000000000000000e+00 1.795375999999999905e+01
1.221045039999999972e+03 0.000000000000000000e+00 1.809969999999999857e+01
1.221727049999999963e+03 0.000000000000000000e+00 1.795780999999999850e+01
1.222408940000000030e+03 0.000000000000000000e+00 1.778482999999999947e+01
1.223090940000000046e+03 0.000000000000000000e+00 1.741048999999999936e+01
1.223772830000000113e+03 0.000000000000000000e+00 1.708614999999999995e+01
1.224454709999999977e+03 0.000000000000000000e+00 1.684561000000000064e+01
1.225136600000000044e+03 0.000000000000000000e+00 1.668477999999999994e+01
1.225818479999999909e+03 0.000000000000000000e+00 1.645101000000000013e+01
1.226500369999999975e+03 0.000000000000000000e+00 1.624831999999999965e+01
1.227182129999999916e+03 0.000000000000000000e+00 1.603887999999999892e+01
1.227864010000000007e+03 0.000000000000000000e+00 1.606859999999999999e+01
1.228545779999999922e+03 0.000000000000000000e+00 1.614561000000000135e+01
1.229227540000000090e+03 0.000000000000000000e+00 1.620234999999999914e+01
1.229909180000000106e+03 0.000000000000000000e+00 1.643209999999999837e+01
1.230590940000000046e+03 0.000000000000000000e+00 1.630374000000000123e+01
1.231272580000000062e+03 0.000000000000000000e+00 1.638346999999999909e+01
1.231954349999999977e+03 0.000000000000000000e+00 1.600915000000000177e+01
1.232635989999999993e+03 0.000000000000000000e+00 1.586993999999999971e+01
1.233317630000000008e+03 0.000000000000000000e+00 1.549158000000000079e+01
1.233999150000000100e+03 0.000000000000000000e+00 1.559159000000000006e+01
1.234680789999999888e+03 0.000000000000000000e+00 1.534157000000000082e+01
1.235362300000000005e+03 0.000000000000000000e+00 1.527266999999999975e+01
1.236043820000000096e+03 0.000000000000000000e+00 1.510645000000000060e+01
1.236725339999999960e+03 0.000000000000000000e+00 1.484157000000000082e+01
1.237406860000000052e+03 0.000000000000000000e+00 1.477942999999999962e+01
1.238088379999999916e+03 0.000000000000000000e+00 1.492672999999999917e+01
1.238769780000000083e+03 0.000000000000000000e+00 1.525642000000000031e+01
1.239451170000000047e+03 0.000000000000000000e+00 1.538209999999999944e+01
1.240132569999999987e+03 0.000000000000000000e+00 1.530508000000000024e+01
1.240813959999999952e+03 0.000000000000000000e+00 1.508076999999999934e+01
1.241495359999999891e+03 0.000000000000000000e+00 1.552266000000000012e+01
1.242176760000000058e+03 0.000000000000000000e+00 1.589831000000000039e+01
1.242858030000000099e+03 0.000000000000000000e+00 1.589019000000000048e+01
1.243539309999999887e+03 0.000000000000000000e+00 1.602130000000000010e+01
1.244220579999999927e+03 0.000000000000000000e+00 1.625772999999999868e+01
1.244901859999999942e+03 0.000000000000000000e+00 1.623886999999999858e+01
1.245583129999999983e+03 0.000000000000000000e+00 1.604972000000000065e+01
1.246264280000000099e+03 0.000000000000000000e+00 1.606319999999999837e+01
1.246945429999999988e+03 0.000000000000000000e+00 1.629563999999999879e+01
1.247626590000000078e+03 0.000000000000000000e+00 1.664427999999999841e+01
1.248307739999999967e+03 0.000000000000000000e+00 1.680239999999999867e+01
1.248988890000000083e+03 0.000000000000000000e+00 1.714698999999999884e+01
1.249670039999999972e+03 0.000000000000000000e+00 1.739836000000000027e+01
1.250351069999999936e+03 0.000000000000000000e+00 1.747806999999999888e+01
1.251032099999999900e+03 0.000000000000000000e+00 1.733887000000000000e+01
1.251713130000000092e+03 0.000000000000000000e+00 1.738618999999999915e+01
1.252394170000000031e+03 0.000000000000000000e+00 1.794831999999999894e+01
1.253075199999999995e+03 0.000000000000000000e+00 1.857265999999999906e+01
1.253756100000000060e+03 0.000000000000000000e+00 1.902668999999999855e+01
1.254437130000000025e+03 0.000000000000000000e+00 1.931452000000000169e+01
1.255118040000000065e+03 0.000000000000000000e+00 1.947400000000000020e+01
1.255798950000000104e+03 0.000000000000000000e+00 1.961994999999999933e+01
1.256479739999999993e+03 0.000000000000000000e+00 1.967126999999999981e+01
1.257160640000000058e+03 0.000000000000000000e+00 1.976995000000000147e+01
1.257841429999999946e+03 0.000000000000000000e+00 2.016180999999999912e+01
1.258522220000000061e+03 0.000000000000000000e+00 2.063615000000000066e+01
1.259202999999999975e+03 0.000000000000000000e+00 2.090781000000000134e+01
1.259883790000000090e+03 0.000000000000000000e+00 2.123617000000000132e+01
1.260564579999999978e+03 0.000000000000000000e+00 2.149156999999999940e+01
1.261245239999999967e+03 0.000000000000000000e+00 2.216588000000000136e+01
1.261926030000000083e+03 0.000000000000000000e+00 2.267942000000000036e+01
1.262606690000000071e+03 0.000000000000000000e+00 2.299020000000000152e+01
1.263287350000000060e+03 0.000000000000000000e+00 2.313613000000000142e+01
1.263968020000000024e+03 0.000000000000000000e+00 2.310508000000000095e+01
1.264648560000000089e+03 0.000000000000000000e+00 2.306184000000000012e+01
1.265329220000000078e+03 0.000000000000000000e+00 2.298348000000000013e+01
1.266009769999999889e+03 0.000000000000000000e+00 2.326184999999999903e+01
1.266690309999999954e+03 0.000000000000000000e+00 2.353479000000000099e+01
1.267370850000000019e+03 0.000000000000000000e+00 2.376182999999999979e+01
1.268051269999999931e+03 0.000000000000000000e+00 2.384565999999999875e+01
1.268731809999999996e+03 0.000000000000000000e+00 2.417941000000000074e+01
1.269412229999999909e+03 0.000000000000000000e+00 2.431588999999999956e+01
1.270092650000000049e+03 0.000000000000000000e+00 2.434155000000000157e+01
1.270773069999999962e+03 0.000000000000000000e+00 2.430369999999999919e+01
1.271453490000000102e+03 0.000000000000000000e+00 2.454427000000000092e+01
1.272133910000000014e+03 0.000000000000000000e+00 2.482940999999999931e+01
1.272814210000000003e+03 0.000000000000000000e+00 2.484025000000000105e+01
1.273494509999999991e+03 0.000000000000000000e+00 2.501863000000000170e+01
1.274174800000000005e+03 0.000000000000000000e+00 2.529701000000000022e+01
1.274855099999999993e+03 0.000000000000000000e+00 2.548482999999999876e+01
1.275535399999999981e+03 0.000000000000000000e+00 2.537265999999999977e+01
1.276215580000000045e+03 0.000000000000000000e+00 2.537803999999999860e+01
1.276895870000000059e+03 0.000000000000000000e+00 2.513482000000000127e+01
1.277576049999999896e+03 0.000000000000000000e+00 2.491863000000000028e+01
1.278256229999999960e+03 0.000000000000000000e+00 2.497670000000000101e+01
1.278936279999999897e+03 0.000000000000000000e+00 2.499024999999999963e+01
1.279616459999999961e+03 0.000000000000000000e+00 2.493484000000000123e+01
1.280296509999999898e+03 0.000000000000000000e+00 2.490103999999999829e+01
1.280976560000000063e+03 0.000000000000000000e+00 2.499022000000000077e+01
1.281656739999999900e+03 0.000000000000000000e+00 2.501320000000000121e+01
1.282336669999999913e+03 0.000000000000000000e+00 2.527536999999999878e+01
1.283016720000000078e+03 0.000000000000000000e+00 2.551589999999999847e+01
1.283696779999999990e+03 0.000000000000000000e+00 2.538617999999999952e+01
1.284376710000000003e+03 0.000000000000000000e+00 2.535372999999999877e+01
1.285056640000000016e+03 0.000000000000000000e+00 2.512808000000000064e+01
1.285736570000000029e+03 0.000000000000000000e+00 2.466861000000000104e+01
1.286416500000000042e+03 0.000000000000000000e+00 2.444563000000000130e+01
1.287096309999999903e+03 0.000000000000000000e+00 2.409700000000000131e+01
1.287776249999999891e+03 0.000000000000000000e+00 2.391591000000000022e+01
1.288456050000000005e+03 0.000000000000000000e+00 2.344699999999999918e+01
1.289135860000000093e+03 0.000000000000000000e+00 2.326188000000000144e+01
1.289815669999999955e+03 0.000000000000000000e+00 2.315105000000000146e+01
1.290495359999999891e+03 0.000000000000000000e+00 2.282129000000000119e+01
1.291175169999999980e+03 0.000000000000000000e+00 2.285104000000000113e+01
1.291854859999999917e+03 0.000000000000000000e+00 2.273885999999999896e+01
1.292534550000000081e+03 0.000000000000000000e+00 2.238750999999999891e+01
1.293214230000000043e+03 0.000000000000000000e+00 2.198208999999999946e+01
1.293893919999999980e+03 0.000000000000000000e+00 2.167398999999999987e+01
1.294573489999999993e+03 0.000000000000000000e+00 2.181319999999999837e+01
1.295253169999999955e+03 0.000000000000000000e+00 2.196994000000000113e+01
1.295932739999999967e+03 0.000000000000000000e+00 2.206995999999999825e+01
1.296612300000000005e+03 0.000000000000000000e+00 2.170373999999999981e+01
1.297291870000000017e+03 0.000000000000000000e+00 2.143347999999999942e+01
1.297971309999999903e+03 0.000000000000000000e+00 2.109968999999999895e+01
1.298650879999999916e+03 0.000000000000000000e+00 2.099018999999999835e+01
1.299330320000000029e+03 0.000000000000000000e+00 2.079155000000000086e+01
1.300009769999999889e+03 0.000000000000000000e+00 2.037537000000000020e+01
1.300689210000000003e+03 0.000000000000000000e+00 1.998347000000000051e+01
1.301368649999999889e+03 0.000000000000000000e+00 2.009020999999999901e+01
1.302047970000000078e+03 0.000000000000000000e+00 2.005509999999999948e+01
1.302727290000000039e+03 0.000000000000000000e+00 1.979698000000000135e+01
1.303406739999999900e+03 0.000000000000000000e+00 1.921996000000000038e+01
1.304085939999999937e+03 0.000000000000000000e+00 1.879289999999999949e+01
1.304765259999999898e+03 0.000000000000000000e+00 1.839563000000000059e+01
1.305444580000000087e+03 0.000000000000000000e+00 1.777537999999999840e+01
1.306123779999999897e+03 0.000000000000000000e+00 1.741321999999999903e+01
1.306802979999999934e+03 0.000000000000000000e+00 1.691050999999999860e+01
1.307482299999999896e+03 0.000000000000000000e+00 1.677535999999999916e+01
1.308161380000000008e+03 0.000000000000000000e+00 1.670505999999999958e+01
1.308840580000000045e+03 0.000000000000000000e+00 1.688076999999999828e+01
1.309519780000000083e+03 0.000000000000000000e+00 1.692402999999999835e+01
1.310198849999999993e+03 0.000000000000000000e+00 1.675512000000000157e+01
1.310877930000000106e+03 0.000000000000000000e+00 1.670374999999999943e+01
1.311557009999999991e+03 0.000000000000000000e+00 1.649968000000000146e+01
1.312236079999999902e+03 0.000000000000000000e+00 1.606589999999999918e+01
1.312915040000000090e+03 0.000000000000000000e+00 1.554022999999999932e+01
1.313594119999999975e+03 0.000000000000000000e+00 1.512133000000000038e+01
1.314273069999999962e+03 0.000000000000000000e+00 1.495104000000000077e+01
1.314952029999999922e+03 0.000000000000000000e+00 1.467538000000000054e+01
1.315630979999999909e+03 0.000000000000000000e+00 1.462265999999999977e+01
1.316309809999999970e+03 0.000000000000000000e+00 1.476994999999999969e+01
1.316988769999999931e+03 0.000000000000000000e+00 1.464696999999999960e+01
1.317667599999999993e+03 0.000000000000000000e+00 1.418345000000000056e+01
1.318346440000000030e+03 0.000000000000000000e+00 1.383211999999999975e+01
1.319025270000000091e+03 0.000000000000000000e+00 1.393078000000000038e+01
1.319704099999999926e+03 0.000000000000000000e+00 1.388344000000000023e+01
1.320382810000000063e+03 0.000000000000000000e+00 1.387668000000000035e+01
1.321061519999999973e+03 0.000000000000000000e+00 1.374423999999999957e+01
1.321740360000000010e+03 0.000000000000000000e+00 1.338480999999999987e+01
1.322419069999999920e+03 0.000000000000000000e+00 1.315507999999999988e+01
1.323097659999999905e+03 0.000000000000000000e+00 1.294426999999999950e+01
1.323776370000000043e+03 0.000000000000000000e+00 1.274696999999999925e+01
1.324454960000000028e+03 0.000000000000000000e+00 1.229025000000000034e+01
1.325133669999999938e+03 0.000000000000000000e+00 1.214835000000000065e+01
1.325812259999999924e+03 0.000000000000000000e+00 1.187942999999999927e+01
1.326490720000000010e+03 0.000000000000000000e+00 1.205915000000000070e+01
1.327169309999999996e+03 0.000000000000000000e+00 1.176182999999999979e+01
1.327847899999999981e+03 0.000000000000000000e+00 1.139291000000000054e+01
1.328526370000000043e+03 0.000000000000000000e+00 1.134834999999999994e+01
1.329204829999999902e+03 0.000000000000000000e+00 1.131589999999999918e+01
1.329883299999999963e+03 0.000000000000000000e+00 1.125234999999999985e+01
1.330561770000000024e+03 0.000000000000000000e+00 1.085778999999999961e+01
1.331240109999999959e+03 0.000000000000000000e+00 1.069158999999999970e+01
1.331918580000000020e+03 0.000000000000000000e+00 1.061050999999999966e+01
1.332596919999999955e+03 0.000000000000000000e+00 1.070101999999999975e+01
1.333275270000000091e+03 0.000000000000000000e+00 1.085102000000000011e+01
1.333953610000000026e+03 0.000000000000000000e+00 1.083888999999999925e+01
1.334631840000000011e+03 0.000000000000000000e+00 1.055239000000000082e+01
1.335310179999999946e+03 0.000000000000000000e+00 1.015104000000000006e+01
1.335988399999999956e+03 0.000000000000000000e+00 9.991619999999999280e+00
1.336666629999999941e+03 0.000000000000000000e+00 1.001594000000000051e+01
1.337344849999999951e+03 0.000000000000000000e+00 9.660539999999999239e+00
1.338022950000000037e+03 0.000000000000000000e+00 9.517260000000000275e+00
1.338701170000000047e+03 0.000000000000000000e+00 9.233449999999999491e+00
1.339379269999999906e+03 0.000000000000000000e+00 9.388840000000000074e+00
1.340057369999999992e+03 0.000000000000000000e+00 9.065879999999999939e+00
1.340735470000000078e+03 0.000000000000000000e+00 8.728049999999999642e+00
1.341413569999999936e+03 0.000000000000000000e+00 8.284800000000000608e+00
1.342091550000000097e+03 0.000000000000000000e+00 8.251049999999999329e+00
1.342769649999999956e+03 0.000000000000000000e+00 8.224030000000000840e+00
1.343447629999999890e+03 0.000000000000000000e+00 8.560510000000000730e+00
1.344125610000000052e+03 0.000000000000000000e+00 8.432119999999999393e+00
1.344803589999999986e+03 0.000000000000000000e+00 8.088879999999999626e+00
1.345481449999999995e+03 0.000000000000000000e+00 8.101029999999999731e+00
1.346159419999999955e+03 0.000000000000000000e+00 7.601069999999999993e+00
1.346837279999999964e+03 0.000000000000000000e+00 7.307839999999999669e+00
1.347515139999999974e+03 0.000000000000000000e+00 6.807809999999999917e+00
1.348192990000000009e+03 0.000000000000000000e+00 6.625379999999999825e+00
1.348870850000000019e+03 0.000000000000000000e+00 6.710460000000000313e+00
1.349548579999999902e+03 0.000000000000000000e+00 6.636140000000000150e+00
1.350226319999999987e+03 0.000000000000000000e+00 6.391560000000000130e+00
1.350904170000000022e+03 0.000000000000000000e+00 5.984829999999999650e+00
1.351581789999999955e+03 0.000000000000000000e+00 5.529440000000000133e+00
1.352259520000000066e+03 0.000000000000000000e+00 5.241629999999999789e+00
1.352937259999999924e+03 0.000000000000000000e+00 5.480819999999999581e+00
1.353614870000000110e+03 0.000000000000000000e+00 5.757810000000000095e+00
1.354292480000000069e+03 0.000000000000000000e+00 5.669959999999999667e+00
1.354970090000000027e+03 0.000000000000000000e+00 5.411859999999999893e+00
1.355647709999999961e+03 0.000000000000000000e+00 5.299660000000000259e+00
1.356325319999999920e+03 0.000000000000000000e+00 5.102369999999999628e+00
1.357002809999999954e+03 0.000000000000000000e+00 4.964550000000000018e+00
1.357680299999999988e+03 0.000000000000000000e+00 4.887559999999999683e+00
1.358357790000000023e+03 0.000000000000000000e+00 4.861849999999999561e+00
1.359035280000000057e+03 0.000000000000000000e+00 5.187560000000000393e+00
1.359712770000000091e+03 0.000000000000000000e+00 5.109189999999999898e+00
1.360390139999999974e+03 0.000000000000000000e+00 5.133519999999999861e+00
1.361067630000000008e+03 0.000000000000000000e+00 5.183530000000000193e+00
1.361744999999999891e+03 0.000000000000000000e+00 5.252410000000000245e+00
1.362422360000000026e+03 0.000000000000000000e+00 5.234810000000000407e+00
1.363099609999999984e+03 0.000000000000000000e+00 5.114519999999999733e+00
1.363776980000000094e+03 0.000000000000000000e+00 5.059129999999999683e+00
1.364454220000000078e+03 0.000000000000000000e+00 4.903730000000000366e+00
1.365131470000000036e+03 0.000000000000000000e+00 4.983460000000000001e+00
1.365808719999999994e+03 0.000000000000000000e+00 5.057789999999999786e+00
1.366485959999999977e+03 0.000000000000000000e+00 4.899700000000000166e+00
1.367163209999999935e+03 0.000000000000000000e+00 4.832160000000000011e+00
1.367840329999999994e+03 0.000000000000000000e+00 4.871319999999999872e+00
