9.306945799999999736e+02
9.313851899999999659e+02
9.320757399999999961e+02
9.327663000000000011e+02
9.334568500000000313e+02
9.341473999999999478e+02
9.348378900000000158e+02
9.355283799999999701e+02
9.362188700000000381e+02
9.369093000000000302e+02
9.375997300000000223e+02
9.382901600000000144e+02
9.389805300000000443e+02
9.396708999999999605e+02
9.403612699999999904e+02
9.410515699999999697e+02
9.417418800000000374e+02
9.424321899999999914e+02
9.431224999999999454e+02
9.438127399999999625e+02
9.445029899999999543e+02
9.451931799999999839e+02
9.458833600000000388e+02
9.465735499999999547e+02
9.472637300000000096e+02
9.479538599999999633e+02
9.486439800000000560e+02
9.493341100000000097e+02
9.500241700000000264e+02
9.507142300000000432e+02
9.514043000000000347e+02
9.520943600000000515e+02
9.527843599999999924e+02
9.534743700000000217e+02
9.541643100000000004e+02
9.548542499999999791e+02
9.555441899999999578e+02
9.562341300000000501e+02
9.569240099999999529e+02
9.576138899999999694e+02
9.583037699999999859e+02
9.589935900000000402e+02
9.596834099999999808e+02
9.603731699999999591e+02
9.610629900000000134e+02
9.617527499999999918e+02
9.624424999999999955e+02
9.631322000000000116e+02
9.638219000000000278e+02
9.645116000000000440e+02
9.652012300000000096e+02
9.658908699999999499e+02
9.665805100000000039e+02
9.672701399999999694e+02
9.679597199999999475e+02
9.686492899999999509e+02
9.693388700000000426e+02
9.700283799999999701e+02
9.707178999999999860e+02
9.714073499999999513e+02
9.720968599999999924e+02
9.727863200000000461e+02
9.734757100000000491e+02
9.741651600000000144e+02
9.748545500000000175e+02
9.755438799999999446e+02
9.762332800000000361e+02
9.769226099999999633e+02
9.776119400000000041e+02
9.783012099999999691e+02
9.789904800000000478e+02
9.796797500000000127e+02
9.803690199999999777e+02
9.810582299999999805e+02
9.817474399999999832e+02
9.824365800000000490e+02
9.831257299999999759e+02
9.838148800000000165e+02
9.845040299999999434e+02
9.851931200000000217e+02
9.858822000000000116e+02
9.865712899999999763e+02
9.872603100000000040e+02
9.879493400000000065e+02
9.886383700000000090e+02
9.893273299999999608e+02
9.900163000000000011e+02
9.907052599999999529e+02
9.913941700000000310e+02
9.920830700000000206e+02
9.927719700000000103e+02
9.934608799999999746e+02
9.941497200000000021e+02
9.948385600000000295e+02
9.955273399999999810e+02
9.962161300000000210e+02
9.969049099999999726e+02
9.975936900000000378e+02
9.982824100000000271e+02
9.989711300000000165e+02
9.996597900000000436e+02
1.000348449999999957e+03
1.001037109999999984e+03
1.001725770000000011e+03
1.002414369999999963e+03
1.003102970000000028e+03
1.003791560000000004e+03
1.004480099999999993e+03
1.005168639999999982e+03
1.005857179999999971e+03
1.006545650000000023e+03
1.007234130000000050e+03
1.007922609999999963e+03
1.008611020000000053e+03
1.009299440000000004e+03
1.009987849999999980e+03
1.010676270000000045e+03
1.011364619999999945e+03
1.012052919999999972e+03
1.012741269999999986e+03
1.013429570000000012e+03
1.014117859999999951e+03
1.014806090000000040e+03
1.015494320000000016e+03
1.016182559999999967e+03
1.016870790000000056e+03
1.017558959999999956e+03
1.018247129999999970e+03
1.018935240000000022e+03
1.019623349999999959e+03
1.020311460000000011e+03
1.020999569999999949e+03
1.021687620000000038e+03
1.022375670000000014e+03
1.023063719999999989e+03
1.023751710000000003e+03
1.024439699999999903e+03
1.025127690000000030e+03
1.025815550000000030e+03
1.026503539999999930e+03
1.027191409999999905e+03
1.027879269999999906e+03
1.028567140000000109e+03
1.029255000000000109e+03
1.029942870000000084e+03
1.030630619999999908e+03
1.031318479999999909e+03
1.032006229999999960e+03
1.032693970000000036e+03
1.033381710000000112e+03
1.034069340000000011e+03
1.034757080000000087e+03
1.035444700000000012e+03
1.036132319999999936e+03
1.036820069999999987e+03
1.037507569999999987e+03
1.038195189999999911e+03
1.038882810000000063e+03
1.039570310000000063e+03
1.040257810000000063e+03
1.040945310000000063e+03
1.041632810000000063e+03
1.042320310000000063e+03
1.043007689999999911e+03
1.043695189999999911e+03
1.044382569999999987e+03
1.045069950000000063e+03
1.045757319999999936e+03
1.046444700000000012e+03
1.047131959999999935e+03
1.047819340000000011e+03
1.048506589999999960e+03
1.049193850000000111e+03
1.049881100000000060e+03
1.050568359999999984e+03
1.051255490000000009e+03
1.051942749999999933e+03
1.052629879999999957e+03
1.053317019999999957e+03
1.054004149999999981e+03
1.054691280000000006e+03
1.055378300000000081e+03
1.056065430000000106e+03
1.056752439999999979e+03
1.057439450000000079e+03
1.058126459999999952e+03
1.058813480000000027e+03
1.059500489999999900e+03
1.060187380000000076e+03
1.060874270000000024e+03
1.061561159999999973e+03
1.062248049999999921e+03
1.062934940000000097e+03
1.063621830000000045e+03
1.064308590000000095e+03
1.064995480000000043e+03
1.065682250000000067e+03
1.066369020000000091e+03
1.067055659999999989e+03
1.067742430000000013e+03
1.068429080000000113e+03
1.069115839999999935e+03
1.069802490000000034e+03
1.070489139999999907e+03
1.071175780000000032e+03
1.071862300000000005e+03
1.072548950000000104e+03
1.073235470000000078e+03
1.073922000000000025e+03
1.074608519999999999e+03
1.075295039999999972e+03
1.075981569999999920e+03
1.076667969999999968e+03
1.077354370000000017e+03
1.078040770000000066e+03
1.078727169999999887e+03
1.079413569999999936e+03
1.080099979999999960e+03
1.080786250000000109e+03
1.081472659999999905e+03
1.082158940000000030e+03
1.082845209999999952e+03
1.083531369999999924e+03
1.084217650000000049e+03
1.084903929999999946e+03
1.085590089999999918e+03
1.086276249999999891e+03
1.086962399999999889e+03
1.087648560000000089e+03
1.088334589999999935e+03
1.089020749999999907e+03
1.089706789999999955e+03
1.090392820000000029e+03
1.091078860000000077e+03
1.091764889999999923e+03
1.092450810000000047e+03
1.093136839999999893e+03
1.093822750000000042e+03
1.094508669999999938e+03
1.095194580000000087e+03
1.095880490000000009e+03
1.096566409999999905e+03
1.097252199999999903e+03
1.097937989999999900e+03
1.098623779999999897e+03
1.099309569999999894e+03
1.099995359999999891e+03
1.100681149999999889e+03
1.101366819999999962e+03
1.102052490000000034e+03
1.102738160000000107e+03
1.103423829999999953e+03
1.104109500000000025e+03
1.104795170000000098e+03
1.105480710000000045e+03
1.106166259999999966e+03
1.106851809999999887e+03
1.107537350000000060e+03
1.108222899999999981e+03
1.108908449999999903e+03
1.109593869999999924e+03
1.110279299999999921e+03
1.110964719999999943e+03
1.111650149999999940e+03
1.112335569999999962e+03
1.113020999999999958e+03
1.113706300000000056e+03
1.114391599999999926e+03
1.115076900000000023e+03
1.115762210000000096e+03
1.116447509999999966e+03
1.117132689999999911e+03
1.117817990000000009e+03
1.118503169999999955e+03
1.119188349999999900e+03
1.119873540000000048e+03
1.120558590000000095e+03
1.121243770000000040e+03
1.121928830000000062e+03
1.122613890000000083e+03
1.123298950000000104e+03
1.123984009999999898e+03
1.124669069999999920e+03
1.125354000000000042e+03
1.126039060000000063e+03
1.126723999999999933e+03
1.127408940000000030e+03
1.128093869999999924e+03
1.128778690000000097e+03
1.129463619999999992e+03
1.130148439999999937e+03
1.130833249999999907e+03
1.131518070000000080e+03
1.132202880000000050e+03
1.132887699999999995e+03
1.133572390000000041e+03
1.134257080000000087e+03
1.134941769999999906e+03
1.135626459999999952e+03
1.136311159999999973e+03
1.136995850000000019e+03
1.137680419999999913e+03
1.138364990000000034e+03
1.139049559999999929e+03
1.139734130000000050e+03
1.140418699999999944e+03
1.141103149999999914e+03
1.141787720000000036e+03
1.142472170000000006e+03
1.143156619999999975e+03
1.143841059999999970e+03
1.144525509999999940e+03
1.145209839999999986e+03
1.145894289999999955e+03
1.146578610000000026e+03
1.147262940000000071e+03
1.147947269999999889e+03
1.148631470000000036e+03
1.149315800000000081e+03
1.150000000000000000e+03
1.150684199999999919e+03
1.151368410000000040e+03
1.152052609999999959e+03
1.152736820000000080e+03
1.153420900000000074e+03
1.154104980000000069e+03
1.154789060000000063e+03
1.155473140000000058e+03
1.156157230000000027e+03
1.156841310000000021e+03
1.157525270000000091e+03
1.158209229999999934e+03
1.158893190000000004e+03
1.159577150000000074e+03
1.160261109999999917e+03
1.160945069999999987e+03
1.161628909999999905e+03
1.162312740000000076e+03
1.162996579999999994e+03
1.163680419999999913e+03
1.164364260000000058e+03
1.165047970000000078e+03
1.165731809999999996e+03
1.166415529999999990e+03
1.167099240000000009e+03
1.167782840000000078e+03
1.168466550000000097e+03
1.169150270000000091e+03
1.169833859999999959e+03
1.170517460000000028e+03
1.171201049999999896e+03
1.171884639999999990e+03
1.172568119999999908e+03
1.173251710000000003e+03
1.173935179999999946e+03
1.174618649999999889e+03
1.175302120000000059e+03
1.175985599999999977e+03
1.176668949999999995e+03
1.177352419999999938e+03
1.178035769999999957e+03
1.178719119999999975e+03
1.179402469999999994e+03
1.180085690000000113e+03
1.180769039999999904e+03
1.181452269999999999e+03
1.182135500000000093e+03
1.182818729999999960e+03
1.183501950000000079e+03
1.184185179999999946e+03
1.184868289999999888e+03
1.185551390000000083e+03
1.186234500000000025e+03
1.186917599999999993e+03
1.187600709999999935e+03
1.188283809999999903e+03
1.188966799999999921e+03
1.189649779999999964e+03
1.190332760000000007e+03
1.191015750000000025e+03
1.191698730000000069e+03
1.192381589999999960e+03
1.193064579999999978e+03
1.193747440000000097e+03
1.194430299999999988e+03
1.195113160000000107e+03
1.195795900000000074e+03
1.196478759999999966e+03
1.197161499999999933e+03
1.197844239999999900e+03
1.198526980000000094e+03
1.199209720000000061e+03
1.199892329999999902e+03
1.200575070000000096e+03
1.201257689999999911e+03
1.201940309999999954e+03
1.202622920000000022e+03
1.203305540000000065e+03
1.203988039999999955e+03
1.204670650000000023e+03
1.205353149999999914e+03
1.206035640000000058e+03
1.206718139999999948e+03
1.207400509999999940e+03
1.208083010000000058e+03
1.208765380000000050e+03
1.209447750000000042e+03
1.210130130000000008e+03
1.210812500000000000e+03
1.211494750000000067e+03
1.212177120000000059e+03
1.212859380000000101e+03
1.213541629999999941e+03
1.214223880000000008e+03
1.214906009999999924e+03
1.215588259999999991e+03
1.216270389999999907e+03
1.216952510000000075e+03
1.217634639999999990e+03
1.218316769999999906e+03
1.218998900000000049e+03
1.219680910000000040e+03
1.220363039999999955e+03
1.221045039999999972e+03
1.221727049999999963e+03
1.222408940000000030e+03
1.223090940000000046e+03
1.223772830000000113e+03
1.224454709999999977e+03
1.225136600000000044e+03
1.225818479999999909e+03
1.226500369999999975e+03
1.227182129999999916e+03
1.227864010000000007e+03
1.228545779999999922e+03
1.229227540000000090e+03
1.229909180000000106e+03
1.230590940000000046e+03
1.231272580000000062e+03
1.231954349999999977e+03
1.232635989999999993e+03
1.233317630000000008e+03
1.233999150000000100e+03
1.234680789999999888e+03
1.235362300000000005e+03
1.236043820000000096e+03
1.236725339999999960e+03
1.237406860000000052e+03
1.238088379999999916e+03
1.238769780000000083e+03
1.239451170000000047e+03
1.240132569999999987e+03
1.240813959999999952e+03
1.241495359999999891e+03
1.242176760000000058e+03
1.242858030000000099e+03
1.243539309999999887e+03
1.244220579999999927e+03
1.244901859999999942e+03
1.245583129999999983e+03
1.246264280000000099e+03
1.246945429999999988e+03
1.247626590000000078e+03
1.248307739999999967e+03
1.248988890000000083e+03
1.249670039999999972e+03
1.250351069999999936e+03
1.251032099999999900e+03
1.251713130000000092e+03
1.252394170000000031e+03
1.253075199999999995e+03
1.253756100000000060e+03
1.254437130000000025e+03
1.255118040000000065e+03
1.255798950000000104e+03
1.256479739999999993e+03
1.257160640000000058e+03
1.257841429999999946e+03
1.258522220000000061e+03
1.259202999999999975e+03
1.259883790000000090e+03
1.260564579999999978e+03
1.261245239999999967e+03
1.261926030000000083e+03
1.262606690000000071e+03
1.263287350000000060e+03
1.263968020000000024e+03
1.264648560000000089e+03
1.265329220000000078e+03
1.266009769999999889e+03
1.266690309999999954e+03
1.267370850000000019e+03
1.268051269999999931e+03
1.268731809999999996e+03
1.269412229999999909e+03
1.270092650000000049e+03
1.270773069999999962e+03
1.271453490000000102e+03
1.272133910000000014e+03
1.272814210000000003e+03
1.273494509999999991e+03
1.274174800000000005e+03
1.274855099999999993e+03
1.275535399999999981e+03
1.276215580000000045e+03
1.276895870000000059e+03
1.277576049999999896e+03
1.278256229999999960e+03
1.278936279999999897e+03
1.279616459999999961e+03
1.280296509999999898e+03
1.280976560000000063e+03
1.281656739999999900e+03
1.282336669999999913e+03
1.283016720000000078e+03
1.283696779999999990e+03
1.284376710000000003e+03
1.285056640000000016e+03
1.285736570000000029e+03
1.286416500000000042e+03
1.287096309999999903e+03
1.287776249999999891e+03
1.288456050000000005e+03
1.289135860000000093e+03
1.289815669999999955e+03
1.290495359999999891e+03
1.291175169999999980e+03
1.291854859999999917e+03
1.292534550000000081e+03
1.293214230000000043e+03
1.293893919999999980e+03
1.294573489999999993e+03
1.295253169999999955e+03
1.295932739999999967e+03
1.296612300000000005e+03
1.297291870000000017e+03
1.297971309999999903e+03
1.298650879999999916e+03
1.299330320000000029e+03
1.300009769999999889e+03
1.300689210000000003e+03
1.301368649999999889e+03
1.302047970000000078e+03
1.302727290000000039e+03
1.303406739999999900e+03
1.304085939999999937e+03
1.304765259999999898e+03
1.305444580000000087e+03
1.306123779999999897e+03
1.306802979999999934e+03
1.307482299999999896e+03
1.308161380000000008e+03
1.308840580000000045e+03
1.309519780000000083e+03
1.310198849999999993e+03
1.310877930000000106e+03
1.311557009999999991e+03
1.312236079999999902e+03
1.312915040000000090e+03
1.313594119999999975e+03
1.314273069999999962e+03
1.314952029999999922e+03
1.315630979999999909e+03
1.316309809999999970e+03
1.316988769999999931e+03
1.317667599999999993e+03
1.318346440000000030e+03
1.319025270000000091e+03
1.319704099999999926e+03
1.320382810000000063e+03
1.321061519999999973e+03
1.321740360000000010e+03
1.322419069999999920e+03
1.323097659999999905e+03
1.323776370000000043e+03
1.324454960000000028e+03
1.325133669999999938e+03
1.325812259999999924e+03
1.326490720000000010e+03
1.327169309999999996e+03
1.327847899999999981e+03
1.328526370000000043e+03
1.329204829999999902e+03
1.329883299999999963e+03
1.330561770000000024e+03
1.331240109999999959e+03
1.331918580000000020e+03
1.332596919999999955e+03
1.333275270000000091e+03
1.333953610000000026e+03
1.334631840000000011e+03
1.335310179999999946e+03
1.335988399999999956e+03
1.336666629999999941e+03
1.337344849999999951e+03
1.338022950000000037e+03
1.338701170000000047e+03
1.339379269999999906e+03
1.340057369999999992e+03
1.340735470000000078e+03
1.341413569999999936e+03
1.342091550000000097e+03
1.342769649999999956e+03
1.343447629999999890e+03
1.344125610000000052e+03
1.344803589999999986e+03
1.345481449999999995e+03
1.346159419999999955e+03
1.346837279999999964e+03
1.347515139999999974e+03
1.348192990000000009e+03
1.348870850000000019e+03
1.349548579999999902e+03
1.350226319999999987e+03
1.350904170000000022e+03
1.351581789999999955e+03
1.352259520000000066e+03
1.352937259999999924e+03
1.353614870000000110e+03
1.354292480000000069e+03
1.354970090000000027e+03
1.355647709999999961e+03
1.356325319999999920e+03
1.357002809999999954e+03
1.357680299999999988e+03
1.358357790000000023e+03
1.359035280000000057e+03
1.359712770000000091e+03
1.360390139999999974e+03
1.361067630000000008e+03
1.361744999999999891e+03
1.362422360000000026e+03
1.363099609999999984e+03
1.363776980000000094e+03
1.364454220000000078e+03
1.365131470000000036e+03
1.365808719999999994e+03
1.366485959999999977e+03
1.367163209999999935e+03
1.367840329999999994e+03
