96,30,95,31,94,31,93,31,92,32,91,32,90,33,89,34,88,35,88,36,87,37,88,38,88,39,88,40,88,41,88,42,87,43,87,44,87,45,88,46,88,47,88,48,88,49,88,50,87,51,86,51,87,52,87,53,88,54,88,55,88,56,89,57,90,58,91,59,92,60,93,60,94,60,95,61,96,61,97,61,98,62,99,62,100,62,101,62,102,62,103,61,104,60,105,59,106,59,107,58,108,57,109,56,110,55,111,54,111,53,112,52,113,51,113,50,113,49,113,48,114,47,114,46,114,45,114,44,114,43,114,42,113,41,113,40,113,39,112,38,112,37,111,36,111,35,110,34,109,34,108,33,107,32,106,31,105,31,104,31,103,30,102,30,101,30,100,30,99,30,98,30,97,30
244,107,243,108,242,108,241,109,240,109,239,110,239,111,238,112,238,113,237,114,237,115,237,116,236,117,236,118,236,119,236,120,237,121,237,122,237,123,237,124,238,125,238,126,239,127,240,128,241,129,242,130,243,130,244,130,245,131,246,131,247,131,248,131,249,131,250,130,251,130,252,129,253,129,254,128,255,127,256,126,257,125,257,124,258,123,258,122,258,121,259,120,259,119,259,118,259,117,258,116,258,115,258,114,257,113,257,112,256,111,255,110,255,109,254,108,253,108,252,107,251,107,250,107,249,107,248,107,247,107,246,107,245,107
319,136,318,137,317,137,316,138,316,139,315,140,315,141,314,142,314,143,314,144,314,145,314,146,314,147,314,148,314,149,315,150,315,151,315,152,316,153,316,154,316,155,317,156,318,157,318,158,319,159,320,159,321,160,322,160,323,160,324,161,325,161,326,160,327,160,328,159,329,159,330,158,331,157,331,156,332,155,332,154,332,153,332,152,332,151,332,150,332,149,332,148,332,147,331,146,331,145,330,144,330,143,329,142,329,141,328,140,327,139,326,138,325,137,324,137,323,136,322,136,321,136,320,136
435,219,434,220,433,220,432,220,431,221,430,221,429,221,428,222,427,223,426,223,425,224,424,225,423,226,423,227,422,228,422,229,422,230,421,231,421,232,421,233,421,234,421,235,421,236,421,237,421,238,422,239,422,240,422,241,423,242,423,243,424,244,425,245,426,246,427,246,428,247,429,247,430,248,431,248,432,248,433,249,434,249,435,249,436,249,437,249,438,249,439,249,440,249,441,249,442,248,443,248,444,248,445,247,446,247,447,246,448,245,449,245,450,244,451,243,452,242,453,241,453,240,454,239,454,238,454,237,454,236,455,235,455,234,455,233,454,232,454,231,454,230,454,229,454,228,453,227,452,226,452,225,451,224,451,223,450,222,449,222,448,221,447,220,446,220,445,220,444,219,443,219,442,219,441,219,440,219,439,219,438,219,437,219,436,219
194,244,193,245,192,246,191,246,190,247,190,248,189,249,188,250,188,251,187,252,186,253,186,254,186,255,187,256,187,257,188,258,187,259,188,260,188,261,188,262,189,263,189,264,190,265,191,266,192,267,193,268,194,269,195,269,196,269,197,270,198,270,199,270,200,270,201,270,202,269,203,268,204,267,205,266,206,265,206,264,207,263,207,262,208,261,208,260,208,259,208,258,208,257,209,256,209,255,209,254,209,253,209,252,209,251,208,250,208,249,207,248,207,247,206,246,205,246,204,245,203,245,202,244,201,244,200,244,199,244,198,244,197,244,196,244,195,244
355,247,354,248,353,248,352,249,351,250,351,251,351,252,350,253,350,254,349,255,349,256,349,257,348,258,348,259,348,260,349,261,349,262,350,263,351,264,352,264,353,265,354,265,355,265,356,265,357,264,358,264,359,263,360,263,361,262,362,261,362,260,363,259,363,258,363,257,363,256,363,255,363,254,363,253,362,252,362,251,361,250,361,249,360,248,359,248,358,248,357,247,356,247
194,270,193,271,192,271,191,271,190,271,189,271,188,271,187,272,186,272,185,272,184,273,183,273,182,274,182,275,181,276,181,277,180,278,180,279,180,280,180,281,180,282,180,283,180,284,179,285,180,286,180,287,180,288,180,289,181,290,181,291,182,292,183,293,183,294,184,295,185,296,186,297,187,298,188,298,189,299,190,299,191,299,192,300,193,300,194,300,195,300,196,299,197,299,198,299,199,299,200,298,201,298,202,297,203,297,204,296,205,296,206,295,207,294,208,293,208,292,209,291,209,290,210,289,210,288,210,287,210,286,210,285,210,284,210,283,209,282,209,281,209,280,208,279,208,278,207,277,206,276,205,275,204,274,203,273,202,272,201,272,200,271,199,271,198,271,197,271,196,270,195,270
225,278,224,279,223,280,223,281,223,282,223,283,222,284,222,285,222,286,222,287,222,288,223,289,223,290,224,291,225,292,226,292,227,292,228,292,229,291,230,291,230,290,231,289,231,288,231,287,231,286,231,285,231,284,231,283,231,282,230,281,230,280,229,279,228,279,227,278,226,278
384,282,383,283,382,283,381,284,380,285,379,286,378,287,377,288,377,289,376,290,375,291,374,292,374,293,373,294,372,295,372,296,372,297,371,298,371,299,371,300,371,301,371,302,371,303,371,304,372,305,372,306,372,307,373,308,373,309,374,310,375,311,376,312,377,313,378,314,379,314,380,315,381,315,382,316,383,316,384,316,385,316,386,316,387,316,388,316,389,316,390,316,391,316,392,315,393,315,394,315,395,314,396,314,397,313,398,312,399,311,400,310,401,309,402,308,403,307,403,306,404,305,404,304,404,303,405,302,405,301,405,300,405,299,405,298,405,297,405,296,405,295,404,294,403,293,402,292,401,291,400,290,399,289,398,289,397,288,396,288,395,287,394,286,393,285,392,284,391,283,390,283,389,282,388,282,387,282,386,282,385,282
344,328,343,329,342,329,341,329,340,330,339,331,338,331,337,332,336,333,336,334,335,335,334,336,334,337,334,338,333,339,333,340,333,341,333,342,333,343,333,344,333,345,333,346,333,347,333,348,333,349,334,350,334,351,335,352,336,353,336,354,337,355,338,356,339,357,340,357,341,358,342,359,343,359,344,359,345,360,346,360,347,360,348,361,349,361,350,361,351,361,352,360,353,360,354,360,355,360,356,359,357,359,358,358,359,358,360,357,361,357,362,356,363,355,364,354,365,353,365,352,366,351,366,350,367,349,367,348,367,347,367,346,367,345,367,344,367,343,366,342,366,341,366,340,365,339,365,338,364,337,364,336,363,335,363,334,362,333,361,332,360,331,359,330,358,330,357,329,356,329,355,329,354,328,353,328,352,328,351,328,350,328,349,328,348,328,347,328,346,328,345,328
278,344,277,345,276,345,275,345,274,346,273,346,272,347,271,347,270,348,269,349,268,350,267,351,267,352,266,353,266,354,266,355,265,356,265,357,265,358,265,359,265,360,265,361,265,362,265,363,265,364,266,365,266,366,267,367,267,368,268,369,269,370,270,371,271,372,272,372,273,373,274,373,275,374,276,374,277,374,278,374,279,374,280,375,281,374,282,374,283,374,284,374,285,374,286,373,287,373,288,372,289,371,290,370,291,370,291,369,292,368,293,367,294,366,294,365,295,364,295,363,295,362,296,361,296,360,296,359,296,358,296,357,296,356,295,355,295,354,294,353,294,352,293,351,292,350,291,349,290,348,289,347,288,346,287,346,286,345,285,345,284,345,283,344,282,344,281,344,280,344,279,344
303,371,302,372,301,372,300,373,299,373,298,374,297,375,297,376,296,377,296,378,295,379,295,380,295,381,295,382,295,383,295,384,295,385,294,386,295,387,295,388,295,389,295,390,295,391,296,391,297,392,298,392,299,393,300,393,301,394,302,394,303,395,304,395,305,396,306,396,307,397,308,396,309,397,310,396,311,396,312,396,313,396,314,395,315,395,316,394,317,393,317,392,317,391,317,390,318,389,318,388,318,387,318,386,318,385,318,384,318,383,317,382,317,381,317,380,317,379,316,378,316,377,315,376,314,375,313,374,312,373,311,373,310,372,309,372,308,372,307,371,306,371,305,371,304,371
241,376,240,377,239,377,238,377,237,378,236,379,235,379,234,380,233,380,232,381,231,382,230,383,229,384,229,385,228,386,228,387,227,388,227,389,226,390,226,391,226,392,226,393,226,394,226,395,226,396,226,397,226,398,227,399,227,400,227,401,228,402,228,403,229,404,230,405,230,406,231,407,232,408,233,409,234,410,235,410,236,411,237,411,238,411,239,411,240,411,241,410,242,410,243,410,244,409,245,409,246,408,247,408,248,407,249,407,250,407,251,406,252,405,253,404,254,404,255,403,256,402,257,401,258,400,259,399,259,398,259,397,260,396,260,395,260,394,260,393,260,392,260,391,260,390,259,389,259,388,259,387,259,386,258,385,257,384,256,383,255,382,254,381,253,380,252,380,251,379,250,379,249,378,248,378,247,378,246,377,245,377,244,377,243,376,242,376
329,378,328,379,327,379,326,380,325,381,324,381,323,382,322,383,321,384,320,385,319,386,319,387,319,388,319,389,318,390,318,391,318,392,318,393,318,394,319,395,319,396,320,397,320,398,320,399,321,400,322,401,323,402,323,403,324,404,325,405,326,405,327,406,328,407,329,407,330,408,331,408,332,408,333,408,334,408,335,409,336,408,337,408,338,408,339,408,340,408,341,407,342,407,343,406,344,405,345,405,346,404,347,403,348,402,348,401,349,400,350,399,350,398,350,397,350,396,351,395,351,394,351,393,351,392,351,391,351,390,351,389,351,388,350,387,350,386,350,385,350,384,349,383,348,382,347,381,346,381,345,380,344,380,343,379,342,379,341,379,340,378,339,378,338,378,337,378,336,378,335,378,334,378,333,378,332,378,331,378,330,378
291,392,290,393,289,393,288,394,287,395,286,396,286,397,285,398,285,399,285,400,285,401,284,402,284,403,284,404,285,405,285,406,285,407,285,408,285,409,286,410,287,411,287,412,288,413,288,414,289,415,290,416,291,417,292,418,293,419,294,419,295,419,296,419,297,419,298,419,299,419,300,419,301,419,302,418,303,418,304,417,305,416,306,415,307,414,308,413,309,412,309,411,310,410,310,409,310,408,310,407,310,406,310,405,310,404,310,403,310,402,310,401,309,400,309,399,308,399,307,398,306,397,305,397,304,396,303,396,302,395,301,395,300,394,299,394,298,393,297,393,296,392,295,392,294,392,293,392,292,392
39,433,38,434,37,434,36,435,35,436,34,437,34,438,34,439,34,440,33,441,32,442,32,443,32,444,32,445,31,446,32,447,32,448,32,449,32,450,33,451,33,452,34,453,34,454,35,455,36,456,37,456,38,457,39,457,40,458,41,458,42,458,43,459,44,459,45,459,46,459,47,458,48,458,49,458,50,457,51,457,52,456,53,455,54,455,55,454,55,453,56,452,56,451,56,450,57,449,57,448,57,447,57,446,57,445,57,444,56,443,56,442,56,441,56,440,55,439,54,438,54,437,53,436,52,436,51,435,50,435,49,434,48,434,47,433,46,433,45,433,44,433,43,433,42,433,41,433,40,433
80,433,79,434,78,434,77,434,76,435,75,436,74,437,74,438,74,439,73,440,73,441,73,442,72,443,72,444,72,445,72,446,72,447,72,448,73,449,73,450,73,451,74,452,74,453,75,454,76,455,77,456,78,457,79,457,80,458,81,458,82,458,83,458,84,458,85,458,86,458,87,458,88,458,89,457,90,457,91,456,92,456,93,455,94,454,95,453,96,452,96,451,97,450,97,449,97,448,97,447,97,446,97,445,96,444,96,443,95,442,95,441,95,440,94,439,93,438,92,437,91,436,90,436,89,435,88,435,87,434,86,434,85,434,84,433,83,433,82,433,81,433
247,445,246,446,246,447,246,448,246,449,246,450,246,451,246,452,246,453,246,454,247,455,247,456,247,457,247,458,247,459,247,460,247,461,247,462,248,463,248,464,248,465,248,466,249,467,249,468,249,469,250,470,250,471,251,472,251,473,252,474,252,475,253,476,254,477,254,478,255,479,256,480,257,481,258,482,259,482,260,483,261,483,262,483,263,483,264,483,265,483,266,483,267,483,268,483,269,482,270,482,271,481,272,481,273,480,274,480,275,479,276,478,277,477,277,476,278,475,278,474,278,473,279,472,279,471,279,470,279,469,279,468,279,467,278,466,278,465,278,464,278,463,278,462,277,461,277,460,276,459,276,458,275,457,274,456,273,455,272,455,271,454,270,454,269,453,268,453,267,452,266,451,265,450,264,449,263,448,262,447,261,447,260,446,259,446,258,446,257,446,256,446,255,446,254,445,253,445,252,445,251,445,250,445,249,445,248,445
317,458,316,459,315,459,314,459,313,459,312,460,311,460,310,460,309,461,308,462,307,463,306,464,306,465,305,466,304,467,303,468,302,469,301,469,300,470,299,470,298,471,297,472,296,473,296,474,295,475,295,476,295,477,295,478,296,479,296,480,296,481,297,482,298,483,299,484,299,485,300,486,300,487,301,488,301,489,302,490,303,490,304,491,305,491,306,491,307,491,308,491,309,491,310,490,311,490,312,490,313,490,314,490,315,490,316,490,317,490,318,490,319,490,320,489,321,489,322,489,323,489,324,489,325,489,326,488,327,488,328,488,329,487,330,487,331,486,332,485,333,484,334,483,334,482,335,481,335,480,335,479,335,478,335,477,335,476,335,475,335,474,335,473,335,472,335,471,334,470,334,469,333,468,333,467,332,466,332,465,331,464,330,463,329,462,328,461,327,461,326,460,325,460,324,460,323,459,322,459,321,459,320,459,319,458,318,458
119,477,118,478,117,478,116,478,115,479,114,479,113,480,112,481,111,482,111,483,110,484,110,485,110,486,110,487,110,488,110,489,110,490,110,491,111,492,111,493,111,494,111,495,112,496,112,497,112,498,113,499,114,500,114,501,115,502,115,503,115,504,116,505,116,506,117,507,118,507,119,507,120,508,121,508,122,508,123,508,124,508,125,508,126,508,127,508,128,508,129,508,130,508,131,507,132,507,133,506,134,506,135,505,136,504,137,503,138,502,139,501,139,500,140,499,140,498,140,497,140,496,140,495,140,494,140,493,140,492,140,491,140,490,140,489,139,488,139,487,139,486,138,485,138,484,137,483,136,482,135,481,134,480,133,479,132,479,131,478,130,478,129,478,128,477,127,477,126,477,125,477,124,477,123,477,122,477,121,477,120,477
93,484,92,485,91,485,90,485,89,486,88,486,87,487,86,488,86,489,85,490,84,491,84,492,84,493,84,494,83,495,83,496,84,496,85,496,86,496,87,496,88,497,87,498,86,498,86,499,87,500,87,501,86,502,86,503,86,504,87,504,88,505,89,505,90,505,91,505,92,506,93,506,94,506,95,507,96,507,97,507,98,508,99,508,100,508,101,509,102,509,103,509,104,510,105,510,106,510,107,509,108,509,109,508,110,507,111,506,111,505,111,504,111,503,111,502,111,501,112,500,112,499,111,498,111,497,111,496,110,495,110,494,110,493,110,492,109,491,108,490,107,489,107,488,106,487,105,486,104,486,103,486,102,485,101,485,100,485,99,485,98,484,97,484,96,484,95,484,94,484
85,506,84,507,83,508,82,509,81,510,80,511,80,512,79,513,79,514,78,515,78,516,78,517,78,518,78,519,78,520,78,521,78,522,78,523,79,524,79,525,80,526,80,527,81,528,82,529,82,530,83,531,84,532,85,532,86,533,87,533,88,534,89,534,90,535,91,535,92,535,93,535,94,535,95,535,96,535,97,535,98,535,99,534,100,534,101,534,102,533,103,533,104,532,105,532,106,531,107,530,107,529,108,528,108,527,108,526,109,525,109,524,109,523,109,522,109,521,109,520,109,519,108,518,108,517,108,516,108,515,107,514,107,513,107,512,106,511,105,511,104,511,103,510,102,510,101,510,100,509,99,509,98,509,97,508,96,508,95,508,94,507,93,507,92,507,91,506,90,506,89,506,88,506,87,506,86,506
453,516,452,517,451,517,450,517,449,517,448,518,447,518,446,518,445,519,444,520,443,520,442,521,441,522,440,523,439,524,438,525,438,526,437,527,437,528,437,529,436,530,436,531,436,532,436,533,436,534,436,535,436,536,436,537,436,538,437,539,437,540,437,541,438,542,439,543,439,544,440,545,441,546,442,547,443,548,444,549,445,549,446,550,447,550,448,550,449,551,450,551,451,551,452,551,453,551,454,552,455,552,456,552,457,552,458,552,459,552,460,551,461,551,462,550,463,550,464,549,465,548,466,548,467,547,468,546,469,545,469,544,470,543,471,542,472,541,472,540,472,539,473,538,473,537,473,536,473,535,473,534,473,533,473,532,473,531,472,530,472,529,472,528,472,527,471,526,471,525,470,524,470,523,469,522,468,521,467,520,466,520,465,519,464,519,463,518,462,518,461,517,460,517,459,517,458,517,457,517,456,516,455,516,454,516
423,538,422,539,421,539,420,540,419,540,418,541,417,542,417,543,416,544,416,545,415,546,415,547,414,548,414,549,414,550,414,551,414,552,414,553,414,554,414,555,414,556,415,557,415,558,416,559,416,560,417,561,417,562,418,563,419,564,420,564,421,565,422,565,423,565,424,565,425,565,426,565,427,565,428,565,429,564,430,564,431,563,432,562,433,562,434,561,435,560,436,559,437,558,437,557,438,556,438,555,439,554,439,553,439,552,439,551,439,550,439,549,439,548,438,547,438,546,437,545,436,544,435,543,434,542,433,541,432,540,431,540,430,539,429,539,428,539,427,538,426,538,425,538,424,538
158,562,157,563,156,563,155,564,154,565,154,566,153,567,153,568,152,569,152,570,152,571,152,572,151,573,151,574,151,575,151,576,151,577,151,578,151,579,152,580,152,581,153,582,154,582,155,583,156,583,157,583,158,583,159,583,160,583,161,583,162,583,163,582,164,582,165,581,166,581,167,580,167,579,168,578,169,577,169,576,169,575,169,574,169,573,169,572,169,571,169,570,168,569,168,568,167,567,166,566,166,565,165,564,164,564,163,563,162,563,161,563,160,562,159,562
372,563,371,564,370,564,369,564,368,564,367,565,366,565,365,565,364,566,363,566,362,567,361,568,360,569,360,570,359,571,359,572,359,573,358,574,358,575,358,576,358,577,358,578,358,579,358,580,358,581,359,582,359,583,359,584,360,585,361,586,361,587,362,588,363,589,364,590,365,590,366,591,367,592,368,592,369,593,370,593,371,593,372,593,373,593,374,593,375,593,376,593,377,593,378,592,379,592,380,591,381,591,382,590,383,589,384,589,385,588,386,587,386,586,387,585,387,584,388,583,388,582,389,581,389,580,389,579,389,578,389,577,389,576,388,575,388,574,388,573,388,572,388,571,387,570,387,569,386,568,385,567,384,566,383,565,382,565,381,565,380,564,379,564,378,564,377,564,376,563,375,563,374,563,373,563
