283,0,282,1,281,1,280,2,280,3,279,4,279,5,279,6,279,7,278,8,278,9,278,10,278,11,279,12,279,13,279,14,280,15,280,16,281,17,282,18,283,18,284,19,285,20,286,20,287,21,288,21,289,21,290,21,291,21,292,21,293,21,294,21,295,21,296,21,297,20,298,20,299,19,300,19,301,18,302,17,303,16,303,15,304,14,304,13,304,12,305,11,305,10,305,9,305,8,305,7,304,6,304,5,304,4,303,3,302,2,301,1,300,1,299,0,298,0,297,0,296,0,295,0,294,0,293,0,292,0,291,0,290,0,289,0,288,0,287,0,286,0,285,0,284,0
318,2,317,3,316,3,315,4,314,5,313,5,312,6,311,7,310,8,310,9,309,10,308,11,308,12,307,13,307,14,307,15,306,16,306,17,306,18,306,19,306,20,306,21,306,22,306,23,306,24,306,25,307,26,307,27,308,28,309,28,310,29,311,29,312,30,313,30,314,30,315,31,316,31,317,31,318,31,319,31,320,31,321,31,322,31,323,31,324,31,325,31,326,31,327,30,328,30,329,30,330,29,331,29,332,28,333,27,334,26,335,25,335,24,336,23,336,22,337,21,337,20,337,19,337,18,337,17,337,16,337,15,337,14,336,13,336,12,336,11,335,10,335,9,334,8,333,7,332,6,331,6,330,5,329,4,328,4,327,3,326,3,325,2,324,2,323,2,322,2,321,2,320,2,319,2
195,18,194,19,193,19,192,19,191,20,190,21,189,22,188,23,188,24,187,25,187,26,187,27,186,28,186,29,186,30,186,31,186,32,186,33,186,34,186,35,186,36,187,37,187,38,187,39,188,40,188,41,189,42,190,43,191,44,192,45,193,46,194,46,195,47,196,47,197,48,198,48,199,49,200,49,201,49,202,49,203,49,204,49,205,49,206,49,207,49,208,48,209,48,210,47,211,46,212,46,213,45,213,44,214,43,215,42,215,41,216,40,216,39,216,38,217,37,217,36,217,35,217,34,217,33,217,32,217,31,216,30,216,29,216,28,215,27,214,26,214,25,213,24,212,23,211,22,210,22,209,21,208,21,207,20,206,20,205,19,204,19,203,18,202,18,201,18,200,18,199,18,198,18,197,18,196,18
237,20,236,21,235,21,234,21,233,21,232,22,231,22,230,23,229,24,229,25,228,26,228,27,227,28,227,29,227,30,226,31,226,32,226,33,226,34,226,35,226,36,226,37,226,38,226,39,226,40,226,41,227,42,227,43,228,44,228,45,229,46,230,47,231,48,232,48,233,49,234,49,235,50,236,51,237,51,238,51,239,52,240,52,241,52,242,52,243,52,244,52,245,52,246,52,247,51,248,51,249,51,250,50,251,50,252,49,253,48,254,47,254,46,255,45,255,44,256,43,257,42,257,41,258,40,258,39,258,38,258,37,258,36,258,35,258,34,258,33,258,32,257,31,257,30,256,29,255,28,255,27,254,26,253,26,252,25,251,24,250,23,249,23,248,22,247,22,246,22,245,21,244,21,243,21,242,21,241,21,240,20,239,20,238,20
40,21,39,22,38,22,37,22,36,23,35,23,34,24,33,24,32,25,31,26,31,27,30,28,30,29,30,30,29,31,29,32,29,33,29,34,29,35,29,36,29,37,29,38,30,39,30,40,30,41,31,42,32,43,32,44,33,45,34,46,35,47,36,48,37,49,38,49,39,50,40,50,41,50,42,51,43,51,44,51,45,51,46,50,47,50,48,50,49,49,50,49,51,48,52,48,53,47,54,46,55,45,56,44,57,43,57,42,57,41,58,40,58,39,58,38,58,37,58,36,58,35,58,34,58,33,58,32,57,31,57,30,56,29,56,28,55,27,54,26,53,25,52,25,51,24,50,23,49,23,48,23,47,22,46,22,45,22,44,21,43,21,42,21,41,21
482,41,481,42,480,42,479,43,478,43,477,44,476,45,475,46,474,47,473,48,473,49,472,50,471,51,471,52,471,53,470,54,470,55,469,56,469,57,469,58,469,59,468,60,468,61,468,62,469,63,469,64,469,65,470,66,470,67,471,68,471,69,472,70,473,71,474,72,475,72,476,73,477,74,478,74,479,75,480,75,481,75,482,75,483,75,484,75,485,75,486,75,487,75,488,75,489,74,490,74,491,73,492,73,493,72,494,72,495,71,496,71,497,70,498,69,499,68,499,67,500,66,501,65,501,64,501,63,502,62,502,61,502,60,502,59,502,58,502,57,502,56,502,55,501,54,501,53,501,52,500,51,500,50,499,49,499,48,498,47,497,46,496,45,495,45,494,44,493,43,492,43,491,42,490,42,489,42,488,41,487,41,486,41,485,41,484,41,483,41
18,50,17,51,16,51,15,51,14,51,13,52,12,53,11,54,10,55,10,56,9,57,9,58,9,59,9,60,9,61,9,62,9,63,10,64,10,65,11,66,11,67,12,68,13,69,14,70,15,71,16,71,17,71,18,71,19,71,20,71,21,71,22,71,23,71,24,70,25,69,26,69,27,68,28,68,28,67,29,66,29,65,30,64,30,63,31,62,31,61,31,60,31,59,31,58,31,57,31,56,30,55,30,54,30,53,29,52,28,52,27,51,26,51,25,50,24,50,23,50,22,50,21,50,20,50,19,50
391,51,390,52,389,52,388,52,387,53,386,53,385,54,384,55,383,55,382,56,381,57,380,58,380,59,379,60,378,61,378,62,377,63,377,64,377,65,377,66,376,67,376,68,376,69,376,70,376,71,377,72,377,73,377,74,377,75,378,76,378,77,379,78,379,79,380,80,381,81,382,82,383,83,384,84,385,85,386,85,387,86,388,86,389,87,390,87,391,87,392,88,393,88,394,88,395,88,396,88,397,88,398,88,399,88,400,87,401,87,402,87,403,86,404,86,405,85,406,85,407,84,408,83,409,83,410,82,410,81,411,80,412,79,412,78,413,77,413,76,413,75,414,74,414,73,414,72,414,71,414,70,413,69,414,68,414,67,413,66,413,65,413,64,412,63,412,62,411,61,411,60,410,59,409,58,408,57,407,56,406,55,405,54,404,54,403,53,402,53,401,52,400,52,399,51,398,51,397,51,396,51,395,51,394,51,393,51,392,51
29,68,28,69,27,69,26,70,25,70,24,71,23,72,22,72,22,73,21,74,20,75,20,76,19,77,19,78,19,79,18,80,18,81,18,82,18,83,18,84,18,85,19,86,19,87,19,88,19,89,19,90,19,91,20,92,20,93,20,94,20,95,21,96,22,97,23,98,24,99,25,100,25,101,26,102,27,103,28,103,29,104,30,104,31,104,32,104,33,104,34,104,35,104,36,104,37,103,38,103,39,102,40,101,41,100,42,100,43,99,44,98,44,97,45,96,46,95,46,94,46,93,47,92,47,91,47,90,47,89,48,88,48,87,48,86,48,85,48,84,48,83,48,82,47,81,47,80,47,79,47,78,46,77,46,76,45,75,45,74,44,73,43,72,42,71,41,71,40,70,39,70,38,69,37,69,36,69,35,68,34,68,33,68,32,68,31,68,30,69
279,89,278,90,277,90,276,90,275,91,274,91,273,92,273,93,272,94,272,95,271,96,271,97,271,98,271,99,271,100,271,101,271,102,271,103,271,104,272,105,272,106,272,107,273,108,273,109,274,110,274,111,275,112,276,113,277,114,278,115,279,116,280,117,281,118,282,118,283,119,284,119,285,120,286,120,287,120,288,121,289,121,290,121,291,121,292,121,293,121,294,121,295,121,296,120,297,120,298,120,299,119,300,119,301,118,302,118,303,117,304,116,305,115,306,114,307,113,307,112,308,111,308,110,308,109,309,108,309,107,309,106,309,105,309,104,309,103,309,102,309,101,308,100,308,99,308,98,307,97,307,96,306,95,305,94,304,93,303,92,302,91,301,91,300,90,299,90,298,90,297,89,296,89,295,89,294,89,293,89,292,89,291,89,290,89,289,89,288,89,287,89,286,89,285,89,284,89,283,89,282,89,281,89,280,89
11,94,10,95,9,95,8,95,7,95,6,95,5,96,4,96,3,97,3,98,2,99,2,100,2,101,2,102,2,103,1,104,1,105,1,106,2,107,1,108,1,109,1,110,2,111,2,112,2,113,2,114,3,115,4,116,4,117,5,118,6,118,7,119,8,120,9,120,10,121,11,121,12,121,13,121,14,121,15,120,16,120,17,120,18,119,19,119,20,118,21,118,22,117,23,116,24,115,24,114,25,113,25,112,26,111,26,110,26,109,26,108,27,107,26,106,26,105,26,104,26,103,25,102,24,101,24,100,23,99,22,98,21,97,20,96,19,96,18,95,17,95,16,95,15,95,14,95,13,94,12,94
147,94,146,95,145,95,144,95,143,96,142,96,141,96,140,97,139,98,138,98,138,99,137,100,137,101,136,102,136,103,136,104,135,105,135,106,134,107,134,108,134,109,134,110,134,111,134,112,134,113,135,114,135,115,136,116,137,117,138,118,138,119,139,120,140,121,141,122,142,122,143,123,144,124,145,124,146,124,147,125,148,125,149,125,150,125,151,125,152,125,153,124,154,124,155,124,156,123,157,123,158,122,159,122,160,121,161,120,162,119,163,118,163,117,164,116,164,115,164,114,165,113,165,112,165,111,165,110,164,109,165,108,165,107,165,106,164,105,164,104,164,103,163,102,163,101,162,100,162,99,161,98,160,97,159,97,158,96,157,96,156,95,155,95,154,94,153,94,152,94,151,94,150,94,149,94,148,94
443,111,442,112,441,112,440,112,439,112,438,113,437,113,436,113,435,114,434,114,433,115,432,115,431,116,430,116,430,117,429,118,429,119,429,120,429,121,429,122,429,123,430,124,431,125,432,126,432,127,433,128,434,129,434,130,435,131,435,132,436,133,437,134,438,134,439,135,440,136,441,136,442,137,443,137,444,137,445,137,446,137,447,137,448,136,449,135,450,134,451,133,452,132,453,131,454,130,455,129,456,128,456,127,457,126,457,125,457,124,457,123,458,122,458,121,458,120,458,119,458,118,458,117,458,116,458,115,458,114,457,113,457,112,456,111,455,111,454,111,453,111,452,111,451,111,450,111,449,111,448,111,447,111,446,111,445,111,444,111
49,119,48,120,47,120,46,120,45,120,44,121,43,121,42,122,41,122,40,123,39,124,38,125,38,126,37,127,36,128,36,129,36,130,35,131,35,132,35,133,35,134,35,135,35,136,35,137,35,138,35,139,35,140,36,141,36,142,37,143,37,144,38,145,39,146,40,147,41,148,42,149,43,149,44,149,45,150,46,150,47,150,48,150,49,150,50,151,51,151,52,151,53,151,54,151,55,150,56,150,57,150,58,149,59,149,60,148,61,148,62,147,63,146,64,146,65,145,65,144,66,143,67,142,67,141,68,140,68,139,68,138,68,137,68,136,68,135,68,134,68,133,68,132,68,131,68,130,67,129,67,128,66,127,65,126,65,125,64,124,63,123,62,123,61,122,60,122,59,121,58,121,57,120,56,120,55,120,54,120,53,119,52,119,51,119,50,119
457,128,456,129,455,130,454,131,453,132,452,133,451,134,450,135,449,136,449,137,449,138,449,139,448,140,448,141,448,142,448,143,448,144,449,145,449,146,450,147,450,148,451,149,451,150,452,151,453,151,454,151,455,151,456,151,457,151,458,151,459,151,460,151,461,151,462,151,463,151,464,151,465,152,466,152,467,151,468,151,469,150,469,149,469,148,470,147,470,146,470,145,471,144,471,143,471,142,472,141,472,140,472,139,472,138,471,137,471,136,471,135,470,134,470,133,469,132,468,131,467,130,466,129,465,129,464,128,463,128,462,128,461,128,460,128,459,128,458,128
509,131,508,132,507,132,506,133,505,133,504,134,503,135,502,136,501,137,501,138,500,139,499,140,499,141,499,142,498,143,498,144,498,145,498,146,498,147,498,148,498,149,498,150,498,151,498,152,499,153,499,154,499,155,500,156,501,157,502,157,503,157,504,157,505,157,506,157,507,157,508,157,509,157,510,157,510,156,511,155,511,154,511,153,511,152,511,151,511,150,511,149,511,148,511,147,511,146,511,145,511,144,511,143,511,142,511,141,511,140,511,139,511,138,511,137,511,136,511,135,511,134,511,133,510,132
483,134,482,135,481,135,480,135,479,135,478,136,477,136,476,137,475,138,474,138,473,139,473,140,473,141,472,142,472,143,472,144,471,145,471,146,471,147,470,148,470,149,470,150,469,151,469,152,470,153,470,154,471,155,472,156,472,157,473,158,474,159,475,159,476,160,477,160,478,161,479,161,480,161,481,162,482,162,483,162,484,162,485,162,486,162,487,161,488,161,489,161,490,160,491,160,492,159,493,159,493,158,494,157,495,156,495,155,496,154,496,153,496,152,497,151,497,150,497,149,497,148,497,147,496,146,496,145,496,144,495,143,494,142,494,141,493,140,492,139,491,138,490,138,489,137,488,136,487,135,486,135,485,135,484,134
2,139,1,140,1,141,0,142,0,143,0,144,0,145,0,146,0,147,0,148,0,149,0,150,0,151,0,152,0,153,0,154,0,155,0,156,0,157,0,158,0,159,0,160,0,161,0,162,1,163,1,164,1,165,2,165,3,166,4,165,5,165,6,165,7,164,8,164,9,163,10,163,11,162,12,161,13,160,14,159,15,158,15,157,15,156,15,155,15,154,16,153,16,152,16,151,15,150,15,149,15,148,15,147,14,146,14,145,13,144,13,143,12,142,11,141,10,141,9,140,8,140,7,139,6,139,5,139,4,139,3,139
452,152,451,153,450,153,449,154,448,155,447,156,446,157,445,158,444,159,443,160,443,161,442,162,442,163,442,164,442,165,442,166,441,167,442,168,442,169,442,170,442,171,443,172,443,173,444,174,444,175,445,176,445,177,446,178,447,178,448,179,449,179,450,179,451,180,452,180,453,180,454,180,455,180,456,180,457,180,458,179,459,179,460,179,461,178,462,178,463,177,464,177,465,176,466,176,467,175,468,174,469,174,470,173,471,172,472,171,472,170,473,169,473,168,474,167,474,166,474,165,474,164,474,163,474,162,473,161,473,160,473,159,472,158,471,157,471,156,470,155,469,154,468,154,467,153,466,153,465,153,464,153,463,152,462,152,461,152,460,152,459,152,458,152,457,152,456,152,455,152,454,152,453,152
58,153,57,154,56,154,55,154,54,155,53,155,52,156,51,156,50,157,49,158,49,159,48,160,48,161,48,162,47,163,47,164,47,165,47,166,47,167,47,168,47,169,47,170,47,171,48,172,48,173,48,174,48,175,49,176,49,177,49,178,50,179,50,180,51,181,52,182,53,183,54,184,55,185,56,185,57,186,58,187,59,187,60,188,61,188,62,188,63,188,64,189,65,189,66,188,67,188,68,188,69,188,70,188,71,187,72,187,73,186,74,186,75,185,76,184,77,183,78,182,79,181,80,180,81,179,81,178,82,177,82,176,82,175,83,174,83,173,83,172,83,171,83,170,83,169,83,168,83,167,83,166,83,165,82,164,82,163,82,162,82,161,82,160,81,159,80,158,80,157,79,157,78,156,77,156,76,155,75,155,74,154,73,154,72,154,71,153,70,153,69,153,68,153,67,153,66,153,65,153,64,153,63,153,62,153,61,153,60,153,59,153
379,159,378,160,377,160,376,161,375,162,374,163,373,164,372,165,372,166,372,167,371,168,371,169,371,170,370,171,370,172,370,173,370,174,370,175,369,176,369,177,369,178,369,179,369,180,370,181,370,182,370,183,371,184,372,185,372,186,373,187,374,187,375,188,376,189,377,189,378,190,379,190,380,191,381,191,382,191,383,192,384,192,385,192,386,192,387,192,388,191,389,191,390,191,391,190,392,190,393,189,394,189,395,188,396,187,396,186,397,185,398,184,399,183,399,182,400,181,400,180,401,179,401,178,401,177,401,176,401,175,401,174,401,173,400,172,400,171,400,170,400,169,399,168,399,167,398,166,397,165,396,164,395,163,394,163,393,162,392,161,391,161,390,160,389,160,388,159,387,159,386,159,385,159,384,159,383,159,382,159,381,159,380,159
191,164,190,165,189,165,188,165,187,166,186,167,185,167,184,168,184,169,183,170,182,171,181,172,181,173,180,174,180,175,180,176,180,177,180,178,180,179,180,180,180,181,181,182,181,183,181,184,182,185,183,186,183,187,184,188,185,188,186,189,187,190,188,190,189,191,190,191,191,192,192,192,193,193,194,193,195,193,196,193,197,193,198,193,199,193,200,193,201,193,202,193,203,192,204,192,205,191,206,191,207,190,208,189,209,188,210,187,211,186,211,185,211,184,212,183,212,182,212,181,212,180,212,179,212,178,212,177,211,176,211,175,211,174,210,173,210,172,209,171,209,170,208,169,207,168,206,167,205,166,204,166,203,165,202,165,201,165,200,164,199,164,198,164,197,164,196,164,195,164,194,164,193,164,192,164
346,170,345,171,344,171,343,172,342,172,341,173,340,174,339,174,338,175,337,176,337,177,336,178,335,179,335,180,334,181,334,182,333,183,333,184,333,185,333,186,333,187,333,188,333,189,333,190,333,191,333,192,333,193,333,194,334,195,334,196,335,197,335,198,336,199,337,200,338,201,339,201,340,202,341,203,342,203,343,203,344,203,345,204,346,204,347,204,348,204,349,204,350,203,351,203,352,203,353,202,354,202,355,201,356,201,357,200,358,199,359,198,359,197,360,196,360,195,361,194,361,193,361,192,362,191,362,190,362,189,362,188,363,187,363,186,363,185,362,184,363,183,363,182,363,181,363,180,363,179,362,178,362,177,362,176,361,175,360,174,360,173,359,172,358,171,357,171,356,170,355,170,354,170,353,170,352,170,351,170,350,170,349,170,348,170,347,170
430,174,429,175,428,175,427,175,426,176,425,176,424,177,423,178,422,179,421,180,420,181,420,182,419,183,419,184,419,185,419,186,418,187,418,188,418,189,418,190,418,191,418,192,419,193,419,194,419,195,420,196,420,197,421,198,422,199,423,200,424,201,425,202,426,202,427,203,428,204,429,204,430,204,431,204,432,204,433,205,434,205,435,205,436,205,437,204,438,204,439,203,440,203,441,202,442,202,443,201,444,200,445,199,446,198,447,197,447,196,447,195,448,194,448,193,448,192,449,191,449,190,449,189,449,188,449,187,448,186,448,185,448,184,447,183,447,182,447,181,446,180,445,179,445,178,444,178,443,177,442,176,441,176,440,176,439,175,438,175,437,175,436,174,435,174,434,174,433,174,432,174,431,174
109,182,108,183,107,183,106,184,105,184,104,185,103,186,102,187,102,188,101,189,100,190,100,191,99,192,99,193,99,194,99,195,99,196,99,197,99,198,99,199,99,200,100,201,100,202,101,203,101,204,102,205,102,206,103,207,104,208,105,209,106,210,107,211,108,211,109,212,110,212,111,213,112,213,113,213,114,213,115,213,116,213,117,212,118,212,119,211,120,211,121,210,122,210,123,209,124,209,125,208,126,207,126,206,127,205,128,204,128,203,129,202,129,201,129,200,129,199,129,198,129,197,129,196,129,195,129,194,129,193,129,192,129,191,128,190,128,189,127,188,126,187,125,186,124,185,123,184,122,184,121,183,120,183,119,183,118,182,117,182,116,182,115,182,114,182,113,182,112,182,111,182,110,182
428,205,427,206,426,206,425,207,424,207,423,208,422,208,421,209,420,210,419,211,418,212,418,213,417,214,417,215,416,216,416,217,416,218,415,219,415,220,415,221,415,222,415,223,415,224,416,225,416,226,416,227,417,228,418,229,419,230,420,231,421,232,422,232,423,231,424,231,425,231,426,231,427,231,428,231,429,230,430,230,431,230,432,230,433,230,434,230,435,230,436,229,437,229,438,228,439,227,440,227,441,226,442,225,442,224,443,223,443,222,444,221,444,220,444,219,444,218,444,217,444,216,444,215,443,214,443,213,442,212,442,211,441,210,440,209,439,208,438,207,437,206,436,206,435,206,434,206,433,206,432,205,431,205,430,205,429,205
183,208,182,209,181,209,180,209,179,209,178,210,177,210,176,211,175,212,174,212,173,213,173,214,172,215,172,216,171,217,171,218,170,219,170,220,169,221,169,222,169,223,168,224,168,225,168,226,168,227,168,228,168,229,169,230,169,231,169,232,170,233,170,234,171,235,172,236,172,237,173,237,174,238,175,238,176,239,177,239,178,239,179,240,180,240,181,240,182,241,183,241,184,242,185,242,186,243,187,243,188,243,189,243,190,243,191,242,192,242,193,242,194,242,195,241,196,241,197,240,198,239,199,239,200,238,201,237,201,236,202,235,203,234,203,233,203,232,204,231,204,230,204,229,204,228,204,227,203,226,204,225,204,224,203,223,203,222,203,221,203,220,202,219,202,218,201,217,201,216,200,215,199,214,198,213,197,212,196,211,195,211,194,210,193,210,192,209,191,209,190,209,189,208,188,208,187,208,186,208,185,208,184,208
61,213,60,214,59,214,58,214,57,215,56,215,55,216,54,217,54,218,53,219,53,220,52,221,52,222,52,223,51,224,51,225,51,226,50,227,50,228,50,229,50,230,50,231,50,232,50,233,50,234,50,235,50,236,51,237,51,238,52,239,52,240,53,241,54,242,54,243,55,243,56,244,57,245,58,245,59,245,60,245,61,245,62,245,63,245,64,245,65,245,66,245,67,244,68,243,69,243,70,242,71,241,72,240,73,239,74,238,75,237,76,236,77,235,77,234,78,233,78,232,78,231,78,230,78,229,78,228,78,227,78,226,78,225,78,224,77,223,77,222,77,221,76,220,75,219,75,218,74,218,73,217,72,216,71,216,70,215,69,215,68,214,67,214,66,214,65,213,64,213,63,213,62,213
394,217,393,218,392,218,391,218,390,218,389,218,388,219,387,219,386,220,385,220,384,221,383,222,382,223,381,224,380,225,380,226,379,227,378,228,378,229,377,230,377,231,377,232,377,233,377,234,377,235,377,236,377,237,378,238,378,239,378,240,379,241,380,242,380,243,381,244,382,245,383,246,384,246,385,247,386,248,387,248,388,249,389,249,390,249,391,250,392,250,393,250,394,250,395,250,396,250,397,250,398,249,399,249,400,249,401,248,402,248,403,247,404,246,405,246,406,245,407,244,407,243,408,242,409,241,409,240,410,239,410,238,410,237,410,236,411,235,411,234,411,233,411,232,410,231,410,230,410,229,410,228,409,227,409,226,408,225,408,224,407,223,407,222,406,221,405,221,404,220,403,219,402,219,401,219,400,218,399,218,398,218,397,218,396,218,395,217
430,231,429,232,428,232,427,232,426,232,425,232,424,232,423,232,422,233,421,233,420,234,419,235,418,235,417,236,416,237,416,238,415,239,414,240,414,241,413,242,413,243,412,244,412,245,411,246,411,247,411,248,411,249,411,250,411,251,411,252,411,253,412,254,412,255,413,256,413,257,414,258,415,259,416,260,417,261,418,262,419,263,420,263,421,264,422,264,423,265,424,265,425,265,426,265,427,265,428,266,429,266,430,266,431,266,432,266,433,265,434,265,435,265,436,265,437,264,438,264,439,264,440,263,441,262,442,262,443,261,444,260,445,259,446,258,446,257,447,256,447,255,447,254,448,253,448,252,448,251,448,250,448,249,448,248,448,247,448,246,448,245,448,244,447,243,447,242,446,241,446,240,445,239,445,238,444,237,443,236,442,236,441,235,440,234,439,234,438,233,437,233,436,232,435,231,434,231,433,231,432,231,431,231
82,233,81,234,80,234,79,234,78,235,77,236,76,237,75,238,74,239,73,240,72,241,71,242,70,243,70,244,69,245,69,246,69,247,69,248,69,249,69,250,69,251,70,252,70,253,71,254,72,255,72,256,73,257,74,258,75,259,76,259,77,260,78,260,79,261,80,261,81,261,82,261,83,261,84,261,85,261,86,261,87,260,88,260,89,260,90,259,91,259,92,258,93,257,94,256,95,255,95,254,96,253,96,252,96,251,97,250,97,249,97,248,97,247,96,246,97,245,97,244,97,243,97,242,96,241,96,240,96,239,95,238,94,237,93,236,92,235,91,235,90,234,89,234,88,234,87,233,86,233,85,233,84,233,83,233
487,236,486,237,485,237,484,238,483,239,483,240,482,241,481,242,481,243,481,244,480,245,480,246,480,247,480,248,480,249,481,250,481,251,481,252,482,253,483,254,484,254,485,255,486,255,487,256,488,256,489,256,490,256,491,257,492,256,493,256,494,256,495,255,496,255,497,254,498,253,498,252,499,251,499,250,499,249,500,248,500,247,500,246,500,245,501,244,500,243,500,242,500,241,499,240,499,239,498,238,497,237,496,237,495,237,494,236,493,236,492,236,491,236,490,236,489,236,488,236
367,238,366,239,365,239,364,239,363,239,362,240,361,240,360,241,359,242,358,243,357,244,357,245,356,246,355,247,355,248,355,249,354,250,354,251,354,252,354,253,354,254,355,255,355,256,356,257,356,258,357,259,358,260,359,261,360,262,361,263,362,263,363,264,364,264,365,265,366,265,367,264,368,264,369,264,370,263,371,263,372,263,373,263,374,262,375,262,376,262,377,262,378,261,379,260,379,259,380,258,381,257,381,256,382,255,382,254,382,253,382,252,382,251,382,250,382,249,382,248,382,247,382,246,381,245,380,244,379,243,379,242,378,241,377,241,376,240,375,240,374,240,373,239,372,239,371,238,370,238,369,238,368,238
173,239,172,240,171,240,170,240,169,241,168,241,167,242,166,242,165,243,164,244,163,245,162,246,162,247,161,248,161,249,160,250,160,251,160,252,160,253,160,254,160,255,160,256,161,257,161,258,161,259,162,260,163,261,163,262,164,263,165,264,166,264,167,265,168,265,169,265,170,265,171,265,172,265,173,265,174,265,175,265,176,265,177,266,178,266,179,266,180,266,181,265,182,265,183,264,184,264,185,263,186,262,186,261,187,260,188,259,188,258,189,257,189,256,189,255,189,254,189,253,189,252,189,251,189,250,189,249,188,248,188,247,187,246,187,245,186,244,185,243,184,243,183,242,182,242,181,241,180,241,179,241,178,240,177,240,176,240,175,239,174,239
24,241,23,242,22,242,21,242,20,243,19,243,18,244,17,245,16,246,15,247,15,248,14,249,14,250,14,251,14,252,14,253,14,254,14,255,14,256,14,257,14,258,14,259,14,260,15,261,15,262,16,263,16,264,17,265,18,266,19,267,20,268,21,269,22,269,23,270,24,270,25,270,26,270,27,270,28,270,29,270,30,270,31,269,32,269,33,269,34,268,35,268,36,267,37,266,38,265,39,264,40,263,40,262,41,261,41,260,41,259,41,258,42,257,41,257,40,256,41,255,41,254,41,253,41,252,41,251,40,250,40,249,39,248,38,247,37,246,36,245,35,244,34,244,33,243,32,243,31,243,30,242,29,242,28,242,27,242,26,241,25,241
330,243,329,244,328,244,327,244,326,245,325,245,324,246,323,247,322,248,321,249,321,250,320,251,320,252,319,253,319,254,319,255,318,256,318,257,318,258,318,259,318,260,318,261,318,262,318,263,318,264,318,265,318,266,318,267,318,268,319,269,319,270,319,271,320,272,321,273,321,274,322,275,323,276,324,277,325,277,326,278,327,278,328,278,329,279,330,279,331,279,332,278,333,278,334,278,335,278,336,277,337,277,338,276,339,276,340,275,341,275,342,274,343,273,344,272,345,271,346,270,347,269,348,268,348,267,348,266,349,265,349,264,349,263,350,262,350,261,350,260,350,259,350,258,349,257,349,256,349,255,348,254,348,253,347,252,347,251,346,250,346,249,345,248,345,247,344,246,343,245,342,244,341,244,340,244,339,243,338,243,337,243,336,243,335,243,334,243,333,243,332,243,331,243
137,256,136,257,135,257,134,257,133,257,132,258,131,258,130,259,129,259,128,260,127,261,126,262,126,263,125,264,125,265,125,266,125,267,124,268,124,269,124,270,124,271,124,272,125,273,125,274,125,275,126,276,126,277,127,278,128,279,128,280,129,281,129,282,130,283,131,284,132,285,133,285,134,286,135,286,136,286,137,286,138,286,139,286,140,286,141,285,142,285,143,285,144,284,145,284,146,284,147,284,148,283,149,283,150,283,150,282,151,281,152,280,152,279,153,278,154,277,154,276,154,275,155,274,155,273,155,272,155,271,155,270,155,269,155,268,155,267,154,266,154,265,154,264,153,263,152,262,152,261,151,260,150,259,149,258,148,258,147,257,146,257,145,257,144,257,143,256,142,256,141,256,140,256,139,256,138,256
374,263,373,264,372,264,371,264,370,264,369,265,368,265,367,265,366,266,365,266,364,267,363,268,362,269,362,270,361,271,360,272,360,273,360,274,359,275,359,276,359,277,358,278,358,279,358,280,358,281,359,282,359,283,359,284,359,285,360,286,361,287,361,288,362,289,363,290,364,291,365,292,366,292,367,293,368,294,369,294,370,294,371,295,372,295,373,295,374,295,375,295,376,295,377,295,378,295,379,295,380,295,381,294,382,294,383,294,384,293,385,293,386,292,386,291,387,290,388,289,389,288,389,287,390,286,390,285,390,284,390,283,390,282,390,281,389,280,390,279,390,278,390,277,390,276,390,275,390,274,390,273,389,272,388,271,388,270,387,269,386,268,385,267,384,266,383,265,382,265,381,264,380,264,379,263,378,263,377,263,376,263,375,263
165,266,164,267,163,268,163,269,162,270,161,271,161,272,161,273,160,274,160,275,160,276,160,277,160,278,161,279,161,280,161,281,161,282,162,282,163,283,164,284,165,284,166,285,167,286,168,286,169,287,170,288,171,288,172,288,173,289,174,289,175,289,176,288,177,288,178,288,179,287,180,287,181,286,182,285,183,285,183,284,184,283,184,282,184,281,185,280,185,279,185,278,186,277,186,276,186,275,185,274,185,273,185,272,184,271,183,270,182,269,181,268,180,267,179,267,178,267,177,267,176,267,175,266,174,266,173,266,172,266,171,266,170,266,169,266,168,266,167,266,166,266
401,266,400,267,399,267,398,267,397,268,396,268,395,269,394,270,393,271,393,272,392,273,391,274,391,275,391,276,391,277,391,278,391,279,391,280,391,281,391,282,391,283,391,284,391,285,391,286,392,287,392,288,393,289,393,290,394,291,395,292,396,293,397,293,398,294,399,294,400,295,401,295,402,295,403,295,404,295,405,295,406,295,407,295,408,295,409,294,410,294,411,293,412,293,413,292,414,292,415,291,416,290,416,289,417,288,418,287,418,286,419,285,419,284,419,283,419,282,419,281,419,280,419,279,419,278,419,277,419,276,418,275,418,274,417,273,416,272,416,271,415,271,414,270,413,269,412,269,411,268,410,268,409,267,408,267,407,267,406,266,405,266,404,266,403,266,402,266
439,269,438,270,437,270,436,270,435,270,434,271,433,271,432,272,431,273,430,274,429,275,429,276,428,277,428,278,427,279,427,280,427,281,427,282,427,283,427,284,427,285,427,286,427,287,427,288,428,289,428,290,429,291,430,292,431,293,432,294,433,295,434,295,435,296,436,296,437,296,438,296,439,297,440,297,441,297,442,296,443,296,444,296,445,295,446,295,447,294,448,294,449,293,450,293,451,292,451,291,452,290,453,289,453,288,454,287,454,286,455,285,455,284,456,283,456,282,455,281,455,280,455,279,454,278,454,277,453,276,453,275,452,274,451,273,450,272,449,271,448,271,447,270,446,270,445,269,444,269,443,269,442,269,441,269,440,269
193,271,192,272,191,272,190,273,189,273,188,274,188,275,187,276,187,277,187,278,186,279,186,280,185,281,185,282,185,283,184,284,184,285,184,286,184,287,184,288,184,289,184,290,184,291,185,292,185,293,186,294,186,295,187,296,188,296,189,297,190,297,191,297,192,298,193,298,194,298,195,298,196,298,197,298,198,297,199,297,200,297,201,296,202,296,203,295,204,294,205,294,206,293,207,292,207,291,208,290,208,289,209,288,209,287,209,286,209,285,210,284,209,283,209,282,209,281,209,280,209,279,208,278,208,277,207,276,206,275,205,274,204,273,203,272,202,272,201,271,200,271,199,271,198,271,197,271,196,271,195,271,194,271
461,281,460,282,459,282,458,283,457,283,456,284,456,285,455,286,455,287,454,288,454,289,453,290,452,291,452,292,451,293,451,294,451,295,450,296,450,297,450,298,450,299,450,300,450,301,450,302,451,303,451,304,451,305,452,306,452,307,453,308,454,309,455,310,456,311,457,311,458,312,459,312,460,312,461,313,462,313,463,313,464,313,465,312,466,312,467,312,468,312,469,311,470,311,471,310,472,309,473,309,474,308,475,307,476,306,477,305,477,304,478,303,479,302,479,301,479,300,480,299,480,298,480,297,480,296,480,295,480,294,480,293,480,292,480,291,479,290,479,289,478,288,478,287,477,286,476,285,475,285,474,284,473,283,472,283,471,282,470,282,469,282,468,281,467,281,466,281,465,281,464,281,463,281,462,281
157,282,156,283,155,283,154,283,153,283,152,283,151,284,150,284,149,285,148,286,147,287,147,288,146,289,146,290,145,291,145,292,145,293,145,294,144,295,144,296,144,297,144,298,144,299,145,300,145,301,146,302,146,303,147,304,148,305,149,306,150,307,151,308,152,309,153,310,154,311,155,311,156,312,157,312,158,312,159,313,160,313,161,313,162,312,163,312,164,312,165,311,166,311,167,310,168,310,169,309,170,308,171,308,171,307,172,306,173,305,173,304,173,303,174,302,174,301,174,300,174,299,174,298,174,297,174,296,174,295,174,294,173,293,173,292,172,291,171,290,171,289,170,289,169,288,168,287,167,287,166,286,165,285,164,285,163,284,162,283,161,283,160,283,159,282,158,282
33,298,32,299,31,299,30,300,29,301,28,302,27,303,26,304,25,305,24,305,23,305,22,306,21,306,20,307,19,307,18,307,17,308,16,308,15,309,14,310,13,311,12,312,12,313,12,314,11,315,11,316,11,317,10,318,10,319,10,320,10,321,10,322,10,323,10,324,10,325,10,326,10,327,10,328,11,329,11,330,12,331,12,332,13,333,13,334,14,335,14,336,15,337,16,338,16,339,17,340,18,341,19,342,20,342,21,343,22,344,23,344,24,344,25,345,26,345,27,345,28,346,29,346,30,346,31,346,32,346,33,346,34,346,35,346,36,346,37,346,38,346,39,346,40,345,41,345,42,345,43,344,44,344,45,344,46,343,47,343,48,342,49,341,50,341,50,340,51,339,51,338,51,337,50,336,50,335,50,334,49,333,49,332,48,331,47,330,47,329,46,328,46,327,45,326,45,325,45,324,44,323,44,322,44,321,44,320,43,319,43,318,42,317,42,316,41,315,41,314,40,313,40,312,39,311,39,310,38,309,38,308,38,307,38,306,37,305,37,304,37,303,37,302,37,301,36,300,36,299,35,299,34,298
509,299,508,300,507,301,507,302,506,303,505,304,505,305,504,306,504,307,503,308,503,309,503,310,503,311,503,312,503,313,503,314,503,315,503,316,503,317,504,318,504,319,504,320,504,321,505,322,506,323,506,324,507,325,508,326,509,326,510,326,511,325,511,324,511,323,511,322,511,321,511,320,511,319,511,318,511,317,511,316,511,315,511,314,511,313,511,312,511,311,511,310,511,309,511,308,511,307,511,306,511,305,511,304,511,303,511,302,511,301,511,300,510,299
237,332,236,333,235,333,234,333,233,334,232,335,231,335,230,336,229,337,229,338,228,339,227,340,227,341,226,342,226,343,226,344,225,345,225,346,225,347,225,348,225,349,225,350,226,351,226,352,226,353,227,354,227,355,228,356,229,357,230,358,231,359,232,360,233,361,234,362,235,363,236,363,237,364,238,364,239,364,240,365,241,365,242,365,243,365,244,365,245,364,246,364,247,364,248,364,249,363,250,363,251,362,252,362,253,361,254,361,255,360,255,359,256,358,257,357,257,356,257,355,258,354,258,353,258,352,259,351,259,350,259,349,259,348,259,347,259,346,259,345,259,344,259,343,258,342,258,341,257,340,256,339,255,338,254,337,254,336,253,336,252,335,251,334,250,334,249,333,248,333,247,333,246,332,245,332,244,332,243,332,242,332,241,332,240,332,239,332,238,332
139,344,138,345,137,345,136,345,135,346,134,346,133,347,132,348,131,349,130,350,130,351,129,352,129,353,129,354,128,355,128,356,128,357,127,358,127,359,127,360,127,361,127,362,127,363,127,364,127,365,127,366,127,367,128,368,129,369,129,370,130,371,131,372,132,373,133,374,134,375,135,376,136,376,137,377,138,377,139,377,140,378,141,378,142,378,143,378,144,378,145,378,146,378,147,377,148,377,149,377,150,376,151,376,152,375,153,374,154,374,155,373,156,372,157,371,157,370,158,369,158,368,158,367,158,366,159,365,159,364,159,363,159,362,159,361,159,360,159,359,159,358,159,357,158,356,158,355,158,354,157,353,157,352,157,351,156,350,155,349,155,348,154,347,153,346,152,346,151,345,150,345,149,344,148,344,147,344,146,344,145,344,144,344,143,344,142,344,141,344,140,344
437,346,436,347,435,347,434,348,433,348,432,349,431,350,430,351,430,352,429,353,429,354,428,355,428,356,428,357,428,358,428,359,428,360,429,361,429,362,429,363,430,364,430,365,431,366,432,367,432,368,433,369,434,369,435,370,436,371,437,371,438,371,439,372,440,372,441,373,442,373,443,373,444,373,445,373,446,374,447,374,448,374,449,374,450,373,451,373,452,373,453,373,454,372,455,372,456,371,457,371,458,370,459,369,459,368,460,367,460,366,461,365,461,364,461,363,461,362,461,361,461,360,461,359,461,358,461,357,460,356,460,355,459,354,459,353,458,352,457,351,456,350,455,349,454,349,453,348,452,348,451,347,450,347,449,347,448,346,447,346,446,346,445,346,444,346,443,346,442,346,441,346,440,346,439,346,438,346
321,350,320,351,319,351,318,351,317,352,316,352,315,353,314,354,313,355,313,356,313,357,313,358,313,359,314,360,314,361,315,362,316,363,317,364,318,365,319,365,320,365,321,366,322,365,323,365,324,365,325,364,325,363,326,362,326,361,327,360,327,359,327,358,327,357,326,356,326,355,326,354,326,353,325,352,324,351,323,351,322,351
342,351,341,352,340,352,339,352,338,353,337,353,336,354,335,355,334,355,333,356,333,357,332,358,332,359,331,360,331,361,330,362,330,363,330,364,330,365,330,366,330,367,331,368,331,369,331,370,331,371,332,372,332,373,333,374,334,375,335,376,336,377,337,378,338,378,339,379,340,379,341,379,342,379,343,380,344,380,345,380,346,380,347,379,348,379,349,379,350,378,351,378,352,377,353,377,354,376,355,376,356,375,357,375,357,374,357,373,358,372,358,371,358,370,359,369,359,368,359,367,359,366,360,365,360,364,360,363,359,362,359,361,359,360,359,359,358,358,358,357,358,356,357,355,356,354,355,353,354,352,353,352,352,351,351,351,350,351,349,351,348,351,347,351,346,351,345,351,344,351,343,351
17,357,16,358,15,358,14,359,13,359,12,360,11,360,10,361,9,362,8,362,7,363,7,364,6,365,5,366,4,367,3,367,3,368,2,369,1,370,1,371,1,372,1,373,1,374,1,375,1,376,1,377,1,378,1,379,1,380,2,381,3,382,4,383,5,384,6,385,6,386,7,387,7,388,8,389,9,390,10,391,11,392,12,393,13,393,14,394,15,394,16,395,17,395,18,395,19,395,20,396,21,396,22,396,23,396,24,395,25,395,26,395,27,395,28,394,29,394,30,393,31,393,32,392,33,392,34,391,35,391,36,390,37,389,38,388,39,387,40,386,40,385,41,384,41,383,42,382,42,381,42,380,42,379,42,378,42,377,42,376,42,375,42,374,42,373,41,372,41,371,41,370,41,369,40,368,39,367,38,366,38,365,37,364,36,363,35,362,34,362,33,361,32,361,31,360,30,359,29,359,28,358,27,358,26,358,25,357,24,357,23,357,22,357,21,357,20,357,19,357,18,357
369,361,368,362,367,362,366,362,365,363,364,363,363,364,362,364,361,365,361,366,360,367,360,368,360,369,359,370,359,371,359,372,358,373,358,374,358,375,358,376,358,377,359,378,359,379,360,380,360,381,361,381,362,382,363,383,364,383,365,384,366,384,367,384,368,384,369,384,370,385,371,385,372,385,373,384,374,384,375,384,376,384,377,383,378,382,379,381,380,380,380,379,381,378,381,377,382,376,382,375,383,374,383,373,383,372,383,371,384,370,384,369,383,368,382,367,382,366,381,365,380,364,379,364,378,363,377,363,376,362,375,362,374,362,373,361,372,361,371,361,370,361
400,362,399,363,398,363,397,363,396,363,395,363,394,364,393,364,392,365,391,365,390,366,389,366,388,367,387,368,386,369,385,369,385,370,384,371,384,372,384,373,384,374,383,375,383,376,382,377,382,378,381,379,381,380,380,381,379,382,378,383,377,384,376,385,376,386,375,387,375,388,374,389,374,390,374,391,374,392,374,393,374,394,374,395,374,396,374,397,374,398,374,399,374,400,375,401,375,402,376,403,376,404,377,405,377,406,378,407,379,408,380,409,380,410,381,410,382,411,383,412,384,413,385,413,386,414,387,415,388,415,389,416,390,416,391,416,392,417,393,417,394,417,395,417,396,417,397,417,398,417,399,417,400,417,401,417,402,417,403,417,404,417,405,417,406,416,407,416,408,416,409,415,410,415,411,414,412,414,413,413,414,413,415,412,416,411,417,411,418,410,419,410,419,409,420,408,421,407,422,406,422,405,423,404,423,403,423,402,424,401,424,400,424,399,425,398,425,397,426,396,426,395,427,394,427,393,427,392,427,391,427,390,428,389,428,388,428,387,428,386,428,385,427,384,427,383,427,382,427,381,426,380,426,379,425,378,425,377,425,376,424,375,424,374,423,373,422,372,422,371,421,370,420,369,419,368,418,367,417,366,416,366,415,365,414,365,413,365,412,365,411,364,410,364,409,364,408,363,407,363,406,363,405,363,404,363,403,363,402,363,401,362
224,370,223,371,222,371,221,371,220,372,219,372,218,373,217,374,216,374,215,375,214,376,213,377,212,378,212,379,211,380,211,381,210,382,210,383,210,384,211,385,210,386,210,387,210,388,211,389,211,390,212,391,212,392,213,393,213,394,214,395,214,396,215,397,216,398,217,398,218,399,219,400,220,400,221,400,222,400,223,401,224,401,225,401,226,400,227,400,228,400,229,400,230,400,231,399,232,399,233,398,234,398,235,397,236,396,237,396,238,395,239,394,240,394,241,393,242,392,242,391,242,390,242,389,242,388,241,387,241,386,241,385,241,384,241,383,240,382,240,381,240,380,240,379,239,378,238,377,238,376,237,375,236,374,235,373,234,372,233,371,232,371,231,371,230,370,229,370,228,370,227,370,226,370,225,370
307,377,306,378,305,378,304,379,303,379,302,380,301,380,300,381,299,382,298,383,298,384,297,385,296,386,296,387,295,388,294,389,294,390,294,391,293,392,293,393,293,394,293,395,293,396,293,397,293,398,293,399,294,400,294,401,294,402,295,403,295,404,296,405,297,406,297,407,298,408,299,409,300,410,301,410,302,411,303,411,304,411,305,412,306,412,307,412,308,412,309,412,310,411,311,411,312,411,313,410,314,410,315,410,316,409,317,408,318,408,319,407,320,406,321,405,321,404,322,403,323,402,323,401,324,400,324,399,325,398,325,397,325,396,325,395,325,394,326,393,326,392,325,391,325,390,325,389,325,388,325,387,324,386,324,385,323,384,323,383,322,382,322,381,321,380,320,379,319,379,318,378,317,378,316,377,315,377,314,377,313,377,312,377,311,377,310,377,309,377,308,377
440,377,439,378,438,378,437,379,436,379,435,380,434,381,433,381,432,382,431,383,431,384,430,385,429,386,429,387,429,388,429,389,429,390,429,391,429,392,429,393,429,394,429,395,429,396,430,397,430,398,431,399,431,400,432,401,433,402,434,402,435,403,436,403,437,404,438,404,439,404,440,404,441,403,442,403,443,403,444,403,445,402,446,402,447,401,448,401,449,400,450,399,451,398,451,397,452,396,452,395,452,394,453,393,453,392,453,391,454,390,454,389,454,388,454,387,454,386,453,385,453,384,453,383,452,382,452,381,451,380,450,379,449,378,448,378,447,377,446,377,445,377,444,377,443,377,442,377,441,377
253,382,252,383,251,383,250,383,249,384,248,385,247,386,246,387,245,388,244,389,243,390,243,391,243,392,242,393,242,394,242,395,242,396,241,397,241,398,241,399,241,400,241,401,241,402,241,403,241,404,241,405,241,406,242,407,242,408,243,409,244,410,245,411,246,411,247,411,248,412,249,412,250,412,251,412,252,412,253,412,254,412,255,412,256,412,257,411,258,411,259,411,260,411,261,410,262,410,263,410,264,409,265,408,266,408,267,407,268,406,269,406,269,405,270,404,271,403,271,402,271,401,271,400,272,399,272,398,271,397,272,396,271,395,271,394,271,393,270,392,270,391,269,390,269,389,268,388,267,387,266,386,265,385,264,384,263,384,262,383,261,383,260,382,259,382,258,382,257,382,256,382,255,382,254,382
468,395,467,396,466,396,465,396,464,396,463,396,462,397,461,397,460,398,459,398,458,399,457,400,456,401,456,402,455,403,455,404,454,405,454,406,453,407,453,408,453,409,453,410,453,411,453,412,453,413,453,414,453,415,453,416,453,417,453,418,454,419,455,420,455,421,456,422,457,423,458,424,459,425,460,425,461,426,462,426,463,427,464,427,465,428,466,428,467,428,468,428,469,428,470,428,471,428,472,427,473,427,474,427,475,426,476,426,477,426,478,425,479,424,480,424,481,423,482,422,483,421,484,420,484,419,484,418,485,417,485,416,485,415,485,414,485,413,486,412,486,411,485,410,485,409,485,408,485,407,485,406,484,405,484,404,484,403,483,402,482,401,481,400,480,399,479,398,478,398,477,397,476,397,475,396,474,396,473,396,472,396,471,396,470,396,469,395
380,444,379,445,378,445,377,446,376,446,375,447,374,448,374,449,373,450,372,451,372,452,371,453,371,454,371,455,371,456,370,457,370,458,370,459,371,460,371,461,372,462,372,463,373,464,374,465,374,466,375,467,375,468,376,469,377,469,378,470,379,470,380,471,381,471,382,472,383,471,384,471,385,471,386,471,387,471,388,471,389,471,390,470,391,470,392,469,393,469,394,468,395,467,396,466,396,465,397,464,398,463,398,462,399,461,399,460,399,459,399,458,399,457,399,456,399,455,399,454,399,453,398,452,398,451,397,450,397,449,396,448,395,447,394,446,393,446,392,445,391,445,390,444,389,444,388,444,387,444,386,444,385,444,384,444,383,444,382,444,381,444
132,455,131,456,130,456,129,456,128,456,127,457,126,457,125,458,124,458,123,459,122,460,121,460,121,461,120,462,119,463,119,464,118,465,118,466,117,467,117,468,117,469,117,470,117,471,117,472,117,473,117,474,117,475,117,476,117,477,117,478,118,479,118,480,119,481,120,482,120,483,121,484,122,485,123,485,124,486,125,486,126,487,127,487,128,487,129,488,130,488,131,488,132,488,133,488,134,488,135,488,136,488,137,487,138,487,139,487,140,487,141,486,142,486,143,485,144,485,145,484,146,484,147,483,148,482,149,481,150,480,150,479,151,478,151,477,152,476,152,475,152,474,152,473,152,472,152,471,152,470,152,469,152,468,152,467,152,466,151,465,151,464,150,463,149,462,149,461,148,460,147,460,146,459,145,458,144,458,143,457,142,457,141,457,140,456,139,456,138,456,137,456,136,455,135,455,134,455,133,455
356,457,355,458,354,458,353,458,352,459,351,459,350,460,350,461,349,462,348,463,348,464,347,465,347,466,346,467,346,468,346,469,346,470,346,471,346,472,347,473,347,474,347,475,348,476,348,477,349,478,350,479,351,479,352,480,353,480,354,481,355,481,356,482,357,483,358,483,359,484,360,484,361,484,362,484,363,484,364,484,365,484,366,483,367,483,368,482,369,482,370,481,371,480,372,479,372,478,373,477,373,476,374,475,374,474,374,473,374,472,374,471,374,470,374,469,374,468,374,467,373,466,373,465,372,464,371,463,371,462,370,461,370,460,369,459,369,458,368,458,367,458,366,458,365,457,364,457,363,457,362,457,361,457,360,457,359,457,358,457,357,457
69,462,68,463,67,463,66,464,65,465,65,466,64,467,63,468,63,469,62,470,62,471,62,472,61,473,61,474,61,475,60,476,60,477,61,478,60,479,60,480,60,481,61,482,61,483,61,484,62,485,62,486,62,487,63,488,64,489,65,490,66,491,67,492,68,493,69,494,70,495,71,496,72,497,73,497,74,497,75,497,76,497,77,497,78,497,79,496,80,496,81,496,82,495,83,495,84,494,85,494,86,493,87,492,88,491,89,490,90,489,90,488,91,487,91,486,92,485,92,484,93,483,93,482,93,481,93,480,93,479,94,478,94,477,94,476,94,475,93,474,93,473,93,472,92,471,92,470,92,469,91,468,90,467,89,466,88,466,87,465,86,465,85,465,84,464,83,464,82,464,81,464,80,463,79,463,78,463,77,463,76,463,75,462,74,462,73,462,72,462,71,462,70,462
383,472,382,473,381,473,380,474,379,475,378,476,377,477,377,478,376,479,375,480,375,481,375,482,374,483,374,484,374,485,374,486,374,487,374,488,374,489,374,490,374,491,374,492,374,493,375,494,375,495,376,496,377,497,377,498,378,499,379,500,380,500,381,501,382,501,383,502,384,502,385,502,386,503,387,503,388,503,389,503,390,502,391,502,392,502,393,502,394,502,395,501,396,501,397,501,398,500,399,500,400,499,400,498,401,497,401,496,401,495,402,494,402,493,402,492,402,491,402,490,402,489,401,488,402,487,403,487,403,486,403,485,403,484,403,483,402,482,402,481,401,480,401,479,400,478,399,477,399,476,398,475,397,475,396,474,395,473,394,473,393,473,392,472,391,472,390,472,389,472,388,472,387,472,386,472,385,472,384,472
416,476,415,477,414,477,413,477,412,477,411,477,410,478,409,479,408,479,407,480,406,481,405,482,404,483,404,484,404,485,404,486,404,487,403,488,403,489,403,490,403,491,403,492,403,493,403,494,404,495,404,496,405,497,405,498,406,498,407,499,408,499,409,499,410,500,411,500,412,501,413,501,414,501,415,502,416,502,417,501,418,501,419,501,420,501,421,500,422,500,423,499,424,498,425,498,426,497,426,496,427,495,427,494,428,493,428,492,428,491,428,490,428,489,428,488,428,487,428,486,428,485,428,484,427,483,427,482,426,481,425,480,424,479,423,478,422,477,421,477,420,476,419,476,418,476,417,476
346,480,345,481,344,481,343,481,342,482,341,482,340,483,339,483,338,484,337,485,336,486,336,487,335,488,335,489,334,490,334,491,333,492,333,493,333,494,333,495,333,496,333,497,333,498,333,499,334,500,334,501,335,502,336,503,336,504,337,504,338,505,339,505,340,506,341,506,342,507,343,507,344,507,345,508,346,508,347,508,348,508,349,507,350,507,351,507,352,507,353,507,354,506,355,506,356,506,357,505,358,504,359,503,360,502,361,501,361,500,361,499,362,498,362,497,362,496,362,495,362,494,362,493,362,492,362,491,361,490,361,489,361,488,360,487,360,486,359,485,358,484,357,484,356,483,355,482,354,482,353,481,352,481,351,480,350,480,349,480,348,480,347,480
50,487,49,488,48,488,47,488,46,489,45,490,44,490,43,491,43,492,42,493,42,494,41,495,41,496,41,497,41,498,41,499,41,500,41,501,41,502,41,503,41,504,41,505,42,506,42,507,42,508,43,509,43,510,44,511,44,512,45,513,46,514,47,514,48,515,49,515,50,516,51,516,52,516,53,516,54,516,55,516,56,516,57,516,58,517,59,517,60,517,61,517,62,517,63,516,64,516,65,516,66,515,67,515,68,514,69,513,70,512,70,511,70,510,71,509,71,508,71,507,71,506,71,505,71,504,71,503,71,502,71,501,71,500,71,499,70,498,71,497,70,496,69,495,68,494,67,493,66,492,65,491,64,490,63,489,62,488,61,488,60,487,59,487,58,487,57,487,56,487,55,487,54,487,53,487,52,487,51,487
403,499,402,500,401,500,400,500,399,501,398,501,397,502,396,503,396,504,395,505,394,506,394,507,393,508,393,509,393,510,393,511,393,512,393,513,393,514,393,515,393,516,394,517,394,518,395,519,395,520,396,520,397,521,398,522,399,523,400,524,401,525,402,526,403,526,404,526,405,527,406,527,407,528,408,528,409,529,410,529,411,529,412,530,413,530,414,529,414,528,415,527,415,526,415,525,415,524,416,523,416,522,417,521,417,520,418,519,418,518,419,517,419,516,419,515,419,514,419,513,419,512,419,511,419,510,419,509,419,508,418,507,418,506,417,505,416,504,415,503,414,502,413,502,412,502,411,501,410,501,409,500,408,500,407,500,406,499,405,499,404,499
330,505,329,506,328,506,327,506,326,506,325,507,324,508,323,509,323,510,322,511,322,512,321,513,321,514,321,515,320,516,320,517,320,518,320,519,320,520,320,521,320,522,321,523,321,524,321,525,322,526,322,527,323,528,323,529,324,530,325,531,326,532,327,533,328,534,329,534,330,535,331,535,332,536,333,536,334,536,335,536,336,536,337,536,338,536,339,536,340,536,341,535,342,535,343,535,344,534,345,534,346,534,347,533,348,532,349,531,349,530,350,529,350,528,351,527,351,526,352,525,352,524,352,523,352,522,352,521,352,520,352,519,352,518,351,517,351,516,350,515,350,514,349,513,349,512,348,511,347,510,346,509,345,509,344,508,343,508,342,508,341,507,340,507,339,506,338,506,337,505,336,505,335,505,334,505,333,505,332,505,331,505
44,517,43,518,42,518,41,519,40,520,39,521,38,522,37,523,37,524,37,525,37,526,37,527,37,528,37,529,38,530,38,531,38,532,39,533,39,534,40,535,40,536,41,537,42,538,43,539,44,540,45,540,46,541,47,541,48,541,49,541,50,541,51,541,52,541,53,541,54,540,55,540,56,539,57,538,58,538,59,537,60,536,61,536,62,535,62,534,63,533,63,532,63,531,63,530,63,529,63,528,63,527,63,526,62,525,62,524,61,523,60,522,60,521,59,520,58,519,57,519,56,519,55,518,54,518,53,518,52,517,51,517,50,517,49,517,48,517,47,517,46,517,45,517
129,518,128,519,127,519,126,519,125,520,124,520,123,521,122,522,122,523,121,524,121,525,120,526,120,527,120,528,120,529,120,530,120,531,120,532,120,533,120,534,121,535,121,536,122,537,122,538,123,539,124,540,125,541,126,542,127,543,128,543,129,544,130,544,131,544,132,545,133,545,134,545,135,545,136,544,137,544,138,544,139,544,140,543,141,543,142,542,143,542,144,541,145,540,145,539,146,538,146,537,147,536,147,535,147,534,147,533,147,532,147,531,147,530,147,529,147,528,147,527,146,526,145,525,145,524,144,523,143,522,142,522,141,521,140,521,139,520,138,520,137,519,136,519,135,519,134,519,133,518,132,518,131,518,130,518
402,527,401,528,400,529,399,530,398,531,398,532,398,533,397,534,397,535,397,536,397,537,397,538,397,539,397,540,397,541,397,542,398,543,399,544,400,545,401,546,401,547,402,547,403,547,404,548,405,548,406,548,407,549,408,549,409,549,410,548,411,548,412,548,413,547,414,546,414,545,415,544,415,543,415,542,415,541,415,540,415,539,415,538,415,537,414,536,414,535,414,534,413,533,413,532,413,531,412,531,411,530,410,530,409,530,408,529,407,529,406,528,405,528,404,527,403,527
200,530,199,531,198,531,197,531,196,532,195,533,194,534,193,535,193,536,192,537,192,538,191,539,191,540,191,541,191,542,191,543,191,544,191,545,191,546,191,547,192,548,192,549,193,550,194,551,194,552,195,553,196,554,197,554,198,555,199,555,200,556,201,556,202,556,203,556,204,556,205,556,206,556,207,556,208,556,209,556,210,556,211,556,212,556,213,556,213,555,214,554,215,554,215,553,216,552,217,551,217,550,218,549,218,548,219,547,219,546,219,545,219,544,219,543,219,542,219,541,219,540,218,539,218,538,217,537,217,536,216,535,215,534,214,533,213,532,212,532,211,531,210,531,209,531,208,531,207,530,206,530,205,530,204,530,203,530,202,530,201,530
237,547,236,548,235,548,234,549,233,549,232,550,231,551,230,552,229,553,229,554,228,555,227,556,227,557,226,558,226,559,226,560,226,561,226,562,226,563,226,564,226,565,227,566,227,567,228,568,229,569,230,570,231,570,232,571,233,571,234,571,235,572,236,572,237,572,238,573,239,573,240,573,241,574,242,574,243,574,244,574,245,574,246,574,247,573,248,573,249,573,250,572,251,571,252,571,253,570,253,569,254,568,255,567,255,566,256,565,256,564,257,563,257,562,257,561,257,560,257,559,257,558,257,557,257,556,257,555,256,554,256,553,255,552,254,551,253,551,252,550,251,549,250,549,249,548,248,548,247,547,246,547,245,547,244,547,243,547,242,547,241,547,240,547,239,547,238,547
397,548,396,549,395,549,394,549,393,550,392,550,391,551,390,552,389,553,388,554,387,555,387,556,386,557,385,558,385,559,384,560,384,561,384,562,383,563,383,564,383,565,383,566,382,567,382,568,382,569,382,570,382,571,382,572,383,573,383,574,383,575,384,576,384,577,385,578,386,579,387,580,388,581,389,582,390,583,391,583,392,584,393,584,394,585,395,585,396,586,397,586,398,586,399,587,400,587,401,587,402,587,403,587,404,587,405,587,406,587,407,586,408,586,409,586,410,585,411,585,412,585,413,584,414,583,415,582,416,582,416,581,417,580,418,579,418,578,419,577,419,576,419,575,419,574,419,573,420,572,420,571,420,570,419,569,419,568,419,567,419,566,419,565,419,564,418,563,418,562,418,561,417,560,417,559,416,558,415,557,414,556,413,555,412,554,411,553,410,552,409,551,408,550,407,550,406,549,405,549,404,549,403,548,402,548,401,548,400,548,399,548,398,548
198,557,197,558,196,558,195,559,194,560,193,561,192,562,192,563,191,564,191,565,191,566,190,567,190,568,190,569,190,570,190,571,190,572,190,573,190,574,191,575,191,576,192,577,192,578,193,579,194,580,194,581,195,582,196,583,197,583,198,584,199,585,200,585,201,585,202,586,203,586,204,586,205,586,206,586,207,586,208,586,209,586,210,585,211,585,212,585,213,585,214,584,215,583,216,583,217,582,218,581,219,580,220,579,221,578,221,577,222,576,222,575,223,574,223,573,223,572,224,571,224,570,224,569,224,568,224,567,223,566,223,565,223,564,222,563,221,562,220,561,219,560,218,559,217,558,216,558,215,557,214,557,213,557,212,557,211,557,210,557,209,557,208,557,207,557,206,557,205,557,204,557,203,557,202,557,201,557,200,557,199,557
491,578,490,579,489,579,488,579,487,580,486,580,485,581,484,582,483,583,482,584,481,585,481,586,480,587,480,588,479,589,479,590,479,591,479,592,479,593,479,594,479,595,479,596,479,597,479,598,480,599,480,600,481,601,482,602,482,603,483,604,484,604,485,605,486,606,487,606,488,607,489,607,490,608,491,608,492,608,493,608,494,608,495,608,496,608,497,608,498,608,499,607,500,607,501,607,502,606,503,606,504,605,505,604,506,603,506,602,507,601,507,600,508,599,508,598,509,597,509,596,509,595,509,594,509,593,509,592,509,591,509,590,508,589,508,588,508,587,507,586,507,585,506,584,505,583,504,582,503,581,502,581,501,580,500,580,499,579,498,579,497,579,496,578,495,578,494,578,493,578,492,578
335,579,334,580,333,580,332,580,331,581,330,582,329,583,329,584,328,585,328,586,327,587,327,588,327,589,327,590,326,591,327,592,328,593,327,594,328,595,328,596,328,597,329,598,329,599,330,600,331,601,332,602,333,603,334,603,335,604,336,605,337,605,338,605,339,605,340,606,341,606,342,606,343,605,344,605,345,605,346,605,347,604,348,604,349,603,350,602,351,601,352,600,352,599,353,598,353,597,353,596,353,595,353,594,354,593,354,592,354,591,354,590,353,589,353,588,353,587,352,586,352,585,351,584,350,583,349,582,348,582,347,581,346,581,345,581,344,580,343,580,342,580,341,579,340,579,339,579,338,579,337,579,336,579
311,587,310,588,309,588,308,588,307,589,306,589,305,590,304,591,303,592,302,593,302,594,301,595,301,596,301,597,300,598,300,599,300,600,300,601,300,602,300,603,301,604,301,605,301,606,302,607,302,608,303,609,304,610,304,611,305,612,306,612,307,613,308,614,309,614,310,615,311,615,312,615,313,616,314,616,315,616,316,616,317,616,318,616,319,615,320,615,321,615,322,615,323,614,324,614,325,613,326,613,327,612,328,611,328,610,329,609,329,608,329,607,329,606,329,605,329,604,329,603,329,602,329,601,329,600,328,599,328,598,327,597,327,596,327,595,326,594,326,593,326,592,325,591,324,590,323,590,322,589,321,588,320,588,319,588,318,587,317,587,316,587,315,587,314,587,313,587,312,587
475,624,474,625,473,625,472,626,471,626,470,627,469,628,468,628,467,629,466,630,465,631,465,632,464,633,463,634,463,635,462,636,462,637,461,638,462,638,463,639,464,639,465,639,466,639,467,639,468,639,469,639,470,639,471,639,472,639,473,639,474,639,475,639,476,639,477,639,478,639,479,639,480,639,481,639,482,639,483,639,484,639,485,639,486,639,487,639,488,639,489,639,490,639,491,639,492,639,493,639,494,639,495,639,495,638,495,637,495,636,494,635,494,634,493,633,493,632,492,631,491,630,491,629,490,628,489,628,488,627,487,626,486,626,485,626,484,625,483,625,482,625,481,624,480,624,479,624,478,624,477,624,476,624
258,630,257,631,256,631,255,631,254,631,253,631,252,631,251,632,250,632,249,632,248,633,247,634,246,635,245,636,244,637,244,638,245,638,246,639,247,639,248,639,249,639,250,639,251,639,252,639,253,639,254,639,255,639,256,639,257,639,258,639,259,639,260,639,261,639,262,639,263,639,264,639,265,639,266,639,267,639,268,639,269,639,270,639,271,639,272,638,272,637,271,636,270,635,269,634,268,634,267,633,266,633,265,632,264,631,263,631,262,631,261,631,260,631,259,630
