927.333618164	2.234045653	0.000446899
928.031982422	5.904123160	0.001178367
928.730407715	8.910170285	0.001753672
929.428771973	9.795673033	0.001734493
930.127197266	10.745049336	0.001578800
930.825561523	11.980840687	0.001602329
931.523925781	12.803056540	0.001651243
932.222290039	12.800485361	0.001572923
932.920715332	12.828822024	0.001513994
933.619079590	13.620455742	0.001554669
934.317443848	13.325655393	0.001444299
935.015869141	14.853130843	0.001557960
935.714233398	14.741215514	0.001487351
936.412658691	15.664731742	0.001536995
937.110961914	15.331142445	0.001461314
937.809387207	15.524646699	0.001444103
938.507690430	13.733096766	0.001234548
939.206115723	13.927194035	0.001221156
939.904418945	12.560398378	0.001078449
940.602844238	13.020094117	0.001093151
941.301147461	13.585041786	0.001118688
941.999572754	13.932562559	0.001122305
942.697937012	15.169073969	0.001198986
943.396301270	15.508985165	0.001208225
944.094665527	14.353387844	0.001092779
944.792968750	13.776232554	0.001026854
945.491394043	12.642756632	0.000927514
946.189697266	13.584769527	0.000976939
946.888000488	15.635293680	0.001109558
947.586364746	16.891143016	0.001189750
948.284729004	17.087233682	0.001188829
948.983032227	17.554707301	0.001201056
949.681396484	17.834973084	0.001205494
950.379760742	17.629229065	0.001179597
951.078125000	17.653056376	0.001171049
951.776489258	17.210488279	0.001131450
952.474792480	17.994791569	0.001161197
953.173156738	18.948313475	0.001204571
953.871459961	18.254433684	0.001147721
954.569824219	18.624012180	0.001162495
955.268066406	18.666582653	0.001160842
955.966430664	19.919775073	0.001231680
956.664733887	20.012759626	0.001213475
957.363098145	21.265387593	0.001275084
958.061401367	22.323713705	0.001325422
958.759704590	25.130537614	0.001478470
959.458068848	26.102718035	0.001525034
960.156372070	24.323045110	0.001413729
960.854675293	24.548251906	0.001406102
961.552978516	25.645640390	0.001450017
962.251281738	27.347550628	0.001536185
962.949584961	27.273688487	0.001520194
963.647949219	27.863427055	0.001541107
964.346191406	27.450194336	0.001498195
965.044494629	26.840841947	0.001449167
965.742797852	25.799516999	0.001384209
966.441101074	27.148531053	0.001450835
967.139465332	29.523737723	0.001560441
967.837707520	31.065347456	0.001631668
968.536010742	31.615669251	0.001645856
969.234252930	33.142464723	0.001708752
969.932617187	32.457948508	0.001664986
970.630859375	33.966706284	0.001737409
971.329101562	36.428302811	0.001848061
972.027404785	39.823129054	0.002008858
972.725708008	41.987299104	0.002101509
973.423950195	41.649893669	0.002069350
974.122253418	42.539919607	0.002097662
974.820556641	43.068567461	0.002107008
975.518798828	45.574331684	0.002210133
976.217102051	47.329566156	0.002279112
976.915344238	49.441483821	0.002369202
977.613586426	51.165932071	0.002425331
978.311828613	53.954051941	0.002541097
979.010131836	55.764995175	0.002613144
979.708312988	58.090256199	0.002709291
980.406616211	60.579848551	0.002778084
981.104858398	62.618646945	0.002848432
981.803100586	64.770236877	0.002934055
982.501342773	66.454444362	0.002994804
983.199584961	68.011796459	0.003039592
983.897888184	70.772089866	0.003139233
984.596130371	75.025996393	0.003312865
985.294372559	77.754749021	0.003412777
985.992614746	79.253109071	0.003434211
986.690856934	80.495312876	0.003466780
987.389099121	79.767939199	0.003398810
988.087341309	80.541457299	0.003405463
988.785522461	81.617585429	0.003402613
989.483764648	82.415054537	0.003408812
990.182006836	82.545967994	0.003389156
990.880187988	79.968167920	0.003273329
991.578430176	77.300525327	0.003152114
992.276672363	76.199517066	0.003065346
992.974853516	76.182780758	0.003052510
993.673095703	75.395337536	0.003015414
994.371337891	75.649557637	0.003014781
995.069458008	74.993711041	0.002949484
995.767761230	73.186498704	0.002865508
996.465881348	70.842012221	0.002764805
997.164123535	68.215302468	0.002648959
997.862304687	67.747265201	0.002592036
998.560485840	64.996942613	0.002467624
999.258728027	63.227647535	0.002391380
999.956909180	62.285082879	0.002357878
1000.655151367	62.137060596	0.002347554
1001.353271484	61.649317372	0.002317944
1002.051452637	60.150507435	0.002241678
1002.749633789	58.675910089	0.002179982
1003.447875977	58.874623237	0.002178799
1004.145996094	59.215296007	0.002179487
1004.844177246	57.223404946	0.002095662
1005.542297363	56.902157384	0.002069586
1006.240539551	56.335064981	0.002040546
1006.938781738	54.807914396	0.001972520
1007.636901855	52.736932847	0.001889325
1008.335083008	51.377001055	0.001832961
1009.033203125	51.709578053	0.001831769
1009.731384277	51.402788747	0.001806907
1010.429504395	50.321518544	0.001756315
1011.127685547	51.408605576	0.001778539
1011.825805664	52.564439482	0.001807074
1012.523986816	52.861800809	0.001801650
1013.222045898	51.646654222	0.001749011
1013.920227051	51.631511812	0.001726782
1014.618408203	53.072138540	0.001765032
1015.316528320	54.134038249	0.001794811
1016.014709473	55.424045317	0.001827186
1016.712829590	57.710209970	0.001880024
1017.410949707	59.245953099	0.001917255
1018.109069824	62.034923061	0.001993522
1018.807250977	62.589818739	0.001999310
1019.505310059	63.289193092	0.002012922
1020.203430176	64.826053620	0.002050729
1020.901550293	67.855728796	0.002127321
1021.599670410	70.159577062	0.002187383
1022.297851562	72.625983361	0.002252580
1022.995910645	76.102451848	0.002350194
1023.694030762	80.141490936	0.002454164
1024.392211914	82.886049948	0.002517637
1025.090209961	85.629844789	0.002588900
1025.788330078	88.964408598	0.002679292
1026.486328125	93.026291386	0.002791135
1027.184570312	98.888597335	0.002952879
1027.882690430	109.050176528	0.003240600
1028.580688477	118.811452527	0.003505278
1029.278686523	125.748270312	0.003691584
1029.976928711	131.550216398	0.003844183
1030.674926758	138.224752334	0.004010278
1031.372924805	145.090556945	0.004190834
1032.071166992	154.005652243	0.004422606
1032.769287109	162.033414503	0.004620919
1033.467285156	170.106309306	0.004827344
1034.165283203	175.407611816	0.004959493
1034.863403320	185.009177270	0.005201855
1035.561523437	191.807890092	0.005340327
1036.259521484	197.490476147	0.005472238
1036.957519531	201.224723662	0.005556911
1037.655639648	205.537907355	0.005660026
1038.353637695	208.811095546	0.005703411
1039.051635742	210.678002481	0.005740599
1039.749877930	211.058655247	0.005722739
1040.447875977	209.896993422	0.005685746
1041.145874023	208.783671564	0.005644806
1041.843872070	208.355700308	0.005582562
1042.541992187	205.682833856	0.005494645
1043.239990234	199.723091710	0.005331092
1043.937866211	193.015644166	0.005146752
1044.635864258	190.097272658	0.005052454
1045.333984375	182.842764793	0.004850722
1046.031982422	174.851164018	0.004632280
1046.729980469	169.407597665	0.004480576
1047.428100586	166.835059843	0.004383156
1048.125976562	160.770253797	0.004205235
1048.823974609	155.060490362	0.004052225
1049.521972656	149.206661809	0.003896791
1050.220092773	144.628672662	0.003763801
1050.918090820	142.126124198	0.003672629
1051.615966797	138.387610374	0.003558621
1052.313964844	133.521114442	0.003412085
1053.012084961	130.127524192	0.003314938
1053.710083008	126.437226296	0.003211071
1054.407958984	123.102414501	0.003107799
1055.106079102	119.544661461	0.002999784
1055.804077148	117.681402484	0.002941193
1056.501953125	117.770217619	0.002933152
1057.199951172	119.089234783	0.002951147
1057.897949219	123.330558377	0.003046071
1058.595825195	126.328270789	0.003099489
1059.293823242	130.700460834	0.003175292
1059.991699219	134.680093427	0.003259701
1060.689819336	138.159165136	0.003330170
1061.387695312	142.852785388	0.003416920
1062.085571289	146.035088170	0.003483783
1062.783691406	146.814743258	0.003500009
1063.481567383	147.912738277	0.003520048
1064.179443359	151.500840064	0.003561115
1064.877319336	157.203744058	0.003679242
1065.575439453	163.060216689	0.003801916
1066.273315430	168.506672121	0.003912151
1066.971191406	176.041491570	0.004064670
1067.669067383	183.764414357	0.004230446
1068.367187500	193.894031617	0.004446720
1069.064941406	202.514043224	0.004613061
1069.762939453	213.056952538	0.004831150
1070.460815430	223.024453163	0.005043192
1071.158691406	230.553440187	0.005198931
1071.856689453	239.635999834	0.005388142
1072.554443359	249.437301359	0.005581115
1073.252563477	257.171777510	0.005751744
1073.950317383	261.879866416	0.005851011
1074.648193359	271.183983557	0.006034717
1075.346069336	280.830089169	0.006200841
1076.044067383	286.976289534	0.006322100
1076.741821289	291.862162652	0.006422220
1077.439697266	294.314440543	0.006429360
1078.137695312	298.407042442	0.006464419
1078.835571289	299.347632593	0.006457686
1079.533325195	300.776658797	0.006482103
1080.231201172	298.578229812	0.006420671
1080.929199219	294.511776801	0.006272174
1081.626953125	292.249417428	0.006210237
1082.324829102	288.270153630	0.006115410
1083.022583008	284.054742106	0.006004934
1083.720581055	278.142396712	0.005857305
1084.418457031	273.419815771	0.005735401
1085.116210937	269.050725845	0.005629203
1085.814208984	262.754078004	0.005490395
1086.511962891	256.493107427	0.005339937
1087.209716797	250.834093863	0.005199371
1087.907470703	245.295620057	0.005063653
1088.605468750	242.190532285	0.004985071
1089.303222656	238.042054423	0.004883915
1090.000976562	235.433353394	0.004813955
1090.698852539	231.549189137	0.004717210
1091.396728516	229.557684099	0.004660973
1092.094604492	229.882480468	0.004646422
1092.792358398	232.877994384	0.004700104
1093.490234375	236.012441297	0.004747193
1094.187988281	239.960814169	0.004830936
1094.885742187	244.899828973	0.004919088
1095.583374023	255.492411921	0.005129476
1096.281250000	266.806349201	0.005339562
1096.979003906	276.144056966	0.005512373
1097.676757812	282.142461192	0.005612496
1098.374511719	293.231798695	0.005795418
1099.072387695	309.421141317	0.006084530
1099.770141602	328.907577730	0.006438872
1100.467895508	348.104929494	0.006781373
1101.165771484	370.592818445	0.007207739
1101.863525391	393.771147174	0.007643385
1102.561157227	418.860830215	0.008068494
1103.258911133	444.317628399	0.008531026
1103.956787109	472.831488794	0.009075794
1104.654541016	504.207519008	0.009673283
1105.352294922	540.632319758	0.010343480
1106.049926758	591.186589857	0.011262401
1106.747680664	636.041106163	0.012083507
1107.445434570	672.965589923	0.012792026
1108.143188477	704.190796852	0.013368846
1108.840942383	743.796664792	0.014039348
1109.538696289	788.102533618	0.014839666
1110.236328125	830.247985809	0.015651778
1110.933959961	870.264997882	0.016428711
1111.631835937	912.308325952	0.017223833
1112.329467773	945.996609565	0.017820871
1113.027099609	985.244050026	0.018522165
1113.724853516	1018.338517681	0.019082411
1114.422607422	1053.245990353	0.019621717
1115.120239258	1077.546133688	0.020009523
1115.817993164	1090.255620126	0.020218705
1116.515625000	1103.297510916	0.020438626
1117.213378906	1110.131930413	0.020531564
1117.911010742	1112.820248481	0.020522857
1118.608642578	1119.352442557	0.020554289
1119.306396484	1114.723657393	0.020427032
1120.004028320	1113.322688903	0.020366479
1120.701660156	1104.684899084	0.020219369
1121.399291992	1097.708380884	0.020023834
1122.097045898	1086.270685965	0.019628398
1122.794677734	1067.608317683	0.019154940
1123.492309570	1031.860217648	0.018461441
1124.189941406	1003.456229887	0.017925403
1124.887573242	977.491890169	0.017389007
1125.585205078	944.366285724	0.016681373
1126.282714844	902.179832182	0.015936703
1126.980468750	862.424644194	0.015232467
1127.678100586	824.127281897	0.014488841
1128.375610352	773.553082343	0.013559865
1129.073364258	738.629615999	0.012922426
1129.770996094	702.612987857	0.012267683
1130.468505859	676.602210230	0.011791366
1131.166137695	642.250292840	0.011171020
1131.863769531	610.118545009	0.010598344
1132.561401367	582.252457127	0.010104454
1133.259033203	553.164344511	0.009555261
1133.956542969	523.321423408	0.009012733
1134.654052734	492.663758278	0.008480724
1135.351684570	474.305686182	0.008162333
1136.049316406	449.290153227	0.007724641
1136.746826172	427.067240038	0.007330405
1137.444458008	405.451538548	0.006949637
1138.141967773	391.269213246	0.006694958
1138.839477539	371.482458515	0.006358302
1139.537231445	350.064361542	0.005987954
1140.234741211	334.808576492	0.005724221
1140.932250977	325.088263450	0.005546034
1141.629760742	314.339525992	0.005344446
1142.327270508	301.330787874	0.005100336
1143.024902344	287.869453892	0.004865653
1143.722290039	278.158883587	0.004697105
1144.419799805	271.550498932	0.004566089
1145.117553711	266.013709991	0.004416094
1145.815063477	259.835680039	0.004287623
1146.512573242	255.519872081	0.004203430
1147.210083008	250.292202581	0.004095948
1147.907592773	246.868240572	0.004003610
1148.605102539	244.135611227	0.003943401
1149.302490234	240.123656458	0.003867193
1150.000000000	238.129492206	0.003814092
1150.697631836	234.962744405	0.003743471
1151.395019531	231.565001919	0.003676716
1152.092529297	227.621204469	0.003600518
1152.789916992	225.028941955	0.003547087
1153.487426758	222.958944475	0.003504953
1154.184814453	220.405990570	0.003446311
1154.882324219	218.590716916	0.003403730
1155.579833984	216.908220814	0.003365181
1156.277343750	215.402744878	0.003342564
1156.974731445	211.823358567	0.003288020
1157.672241211	208.378294145	0.003222143
1158.369628906	204.865968735	0.003153529
1159.067138672	204.594379764	0.003138782
1159.764526367	203.123426591	0.003115489
1160.462036133	201.753135158	0.003092942
1161.159545898	199.468257258	0.003054975
1161.856811523	197.531473683	0.003016015
1162.554199219	197.358789967	0.003008719
1163.251708984	198.157860756	0.003014097
1163.949218750	198.086605411	0.002998192
1164.646484375	197.988922581	0.002982750
1165.343872070	198.004032720	0.002979465
1166.041381836	196.681765864	0.002966237
1166.738647461	195.745327088	0.002948614
1167.436035156	195.157950832	0.002931725
1168.133544922	196.484397119	0.002942010
1168.830810547	197.083051836	0.002935635
1169.528320312	199.247608277	0.002949919
1170.225708008	201.129863093	0.002959803
1170.923095703	205.299288565	0.003009793
1171.620483398	207.697668968	0.003037140
1172.317626953	211.906986821	0.003087749
1173.015014648	218.148920090	0.003169339
1173.712402344	223.499867316	0.003242475
1174.409790039	226.659222972	0.003289185
1175.107177734	231.541141849	0.003352444
1175.804565430	233.690618177	0.003366315
1176.501953125	238.039211612	0.003427731
1177.199096680	242.623774836	0.003498572
1177.896484375	248.966291828	0.003582586
1178.593872070	257.108591603	0.003675634
1179.291137695	266.393093694	0.003799493
1179.988403320	274.056587189	0.003907506
1180.685668945	281.939228643	0.004013318
1181.383178711	290.765959432	0.004116127
1182.080322266	303.637935731	0.004287919
1182.777587891	312.230558549	0.004400722
1183.474975586	321.332114897	0.004529431
1184.172241211	331.279550091	0.004672947
1184.869628906	343.914396686	0.004860012
1185.566894531	355.695754482	0.005017768
1186.264160156	367.480547967	0.005158418
1186.961425781	377.068843196	0.005278473
1187.658569336	388.585026372	0.005436004
1188.355834961	399.564389106	0.005580331
1189.053100586	410.206600036	0.005718403
1189.750488281	420.535618413	0.005842275
1190.447631836	432.033045584	0.005979170
1191.144897461	444.562996126	0.006128260
1191.842041016	455.953998658	0.006253830
1192.539428711	465.276563060	0.006356803
1193.236694336	472.301518564	0.006445368
1193.933837891	480.013100870	0.006543066
1194.630981445	489.007530428	0.006643311
1195.328125000	500.266308169	0.006764094
1196.025390625	504.651775207	0.006821181
1196.722778320	506.045733514	0.006856608
1197.419921875	506.275395024	0.006846994
1198.117065430	510.655285712	0.006857348
1198.814331055	513.223660838	0.006884870
1199.511474609	512.693981017	0.006904396
1200.208618164	511.560175219	0.006887115
1200.905883789	512.106649061	0.006869929
1201.603027344	516.265994134	0.006908451
1202.300170898	518.021787551	0.006912901
1202.997314453	517.758923408	0.006861232
1203.694335937	515.142139527	0.006801306
1204.391601562	508.939246362	0.006714343
1205.088745117	504.219523246	0.006647806
1205.785888672	498.405076519	0.006568915
1206.483032227	490.931119827	0.006443313
1207.180175781	482.634362467	0.006313624
1207.877319336	476.889179322	0.006218437
1208.574584961	472.133401656	0.006135242
1209.271606445	466.898562985	0.006044833
1209.968750000	459.943375095	0.005951437
1210.665771484	453.911724921	0.005863033
1211.362915039	449.565301188	0.005796286
1212.059936523	441.302124977	0.005658933
1212.757080078	431.014099583	0.005517320
1213.454101562	419.619835608	0.005364458
1214.151367187	412.686668119	0.005258419
1214.848388672	406.443066474	0.005141075
1215.545532227	395.732126021	0.004999688
1216.242431641	384.694373316	0.004860258
1216.939575195	375.684057390	0.004748157
1217.636718750	366.086344535	0.004628274
1218.333740234	358.355961923	0.004533777
1219.030639648	352.104675755	0.004447394
1219.727905273	345.707328028	0.004348464
1220.424926758	338.797615267	0.004249550
1221.121826172	332.639498772	0.004160378
1221.818969727	329.749574200	0.004109161
1222.515991211	325.219543673	0.004049309
1223.212890625	317.214989170	0.003946844
1223.909912109	312.078208154	0.003885476
1224.607055664	311.439207477	0.003871858
1225.303955078	312.322444762	0.003869005
1226.000976562	311.546415237	0.003841363
1226.697998047	308.537665552	0.003797644
1227.395019531	305.141720157	0.003749877
1228.092041016	305.572027607	0.003756070
1228.788940430	307.794866716	0.003778805
1229.486083984	308.740830668	0.003788131
1230.182983398	310.508233563	0.003804788
1230.879882812	311.568883558	0.003808508
1231.576782227	312.469906438	0.003811579
1232.273803711	313.746030715	0.003824443
1232.970825195	317.618967826	0.003869258
1233.667724609	323.600549483	0.003932154
1234.364624023	330.885327955	0.004015017
1235.061767578	340.337925542	0.004133640
1235.758544922	348.744411807	0.004233443
1236.455566406	357.640482718	0.004336885
1237.152465820	367.074731612	0.004438075
1237.849365234	380.017271442	0.004594550
1238.546264648	391.583439950	0.004745493
1239.243164062	406.261139870	0.004923252
1239.939941406	424.068941640	0.005129414
1240.636962891	446.754399915	0.005403165
1241.333862305	466.984412870	0.005659998
1242.030639648	483.737356832	0.005865139
1242.727661133	499.648970543	0.006043880
1243.424560547	522.453096913	0.006307571
1244.121337891	546.046418190	0.006589757
1244.818359375	572.595703094	0.006899844
1245.515136719	602.984294246	0.007238236
1246.211914062	630.178201953	0.007548687
1246.908691406	655.985675412	0.007843158
1247.605712891	683.592108911	0.008148819
1248.302612305	719.081529156	0.008511477
1248.999389648	746.592479060	0.008806811
1249.696166992	773.120434146	0.009103786
1250.393066406	809.857630545	0.009495181
1251.089721680	858.107639405	0.010020377
1251.786621094	893.655521485	0.010414590
1252.483520508	919.534015256	0.010685827
1253.180297852	945.095606620	0.010903550
1253.877075195	988.978069644	0.011314447
1254.573852539	1021.493833450	0.011648493
1255.270507812	1041.189875418	0.011839714
1255.967407227	1061.774402219	0.012044380
1256.664184570	1084.802482328	0.012250927
1257.360839844	1107.185933729	0.012456681
1258.057739258	1126.171433941	0.012621369
1258.754516602	1141.427845586	0.012720274
1259.451171875	1148.306271430	0.012696653
1260.148071289	1153.006354517	0.012722378
1260.844726562	1151.969330788	0.012697718
1261.541503906	1152.387285756	0.012662807
1262.238159180	1146.062190856	0.012519836
1262.934936523	1137.308160567	0.012404485
1263.631713867	1122.711422797	0.012276199
1264.328369141	1106.172597547	0.012078835
1265.025146484	1095.873429791	0.011908993
1265.721923828	1085.158165686	0.011754436
1266.418579102	1068.857310603	0.011564057
1267.115234375	1044.587830544	0.011292532
1267.811889648	1025.658756349	0.011064481
1268.508666992	1002.031171214	0.010798757
1269.205322266	982.859520666	0.010566893
1269.901977539	959.593158322	0.010282157
1270.598632812	933.609640768	0.009972367
1271.295288086	909.406173183	0.009695089
1271.991943359	886.096547742	0.009418788
1272.688598633	860.851988731	0.009118011
1273.385375977	829.329674475	0.008754755
1274.081909180	805.714778747	0.008500545
1274.778442383	786.930183626	0.008298241
1275.475219727	768.454615409	0.008082680
1276.171875000	750.171508759	0.007866477
1276.868408203	728.543731659	0.007631959
1277.565063477	707.340470806	0.007414365
1278.261596680	690.086954394	0.007216848
1278.958251953	672.860795513	0.007004933
1279.654907227	651.495027573	0.006773386
1280.351440430	631.384174932	0.006572014
1281.048095703	614.889174892	0.006391082
1281.744628906	601.070393193	0.006224312
1282.441162109	581.796530416	0.006017041
1283.137817383	563.396669419	0.005832921
1283.834472656	545.282702508	0.005635360
1284.530883789	529.502093377	0.005460727
1285.227416992	513.729530058	0.005299969
1285.923950195	496.666067770	0.005119171
1286.620605469	485.518244067	0.004984862
1287.317016602	477.747285382	0.004875879
1288.013549805	468.293774974	0.004766775
1288.710205078	455.502142107	0.004632072
1289.406738281	440.945344956	0.004479033
1290.103149414	431.689812907	0.004371375
1290.799682617	419.838861743	0.004248847
1291.496215820	409.477603020	0.004140475
1292.192626953	399.593693856	0.004033935
1292.889160156	389.801830630	0.003922009
1293.585571289	383.563737900	0.003854190
1294.282104492	377.391829922	0.003779479
1294.978637695	368.410864030	0.003685395
1295.675048828	354.948247079	0.003539438
1296.371459961	343.346070290	0.003422831
1297.067993164	336.828253931	0.003352843
1297.764404297	330.851081325	0.003283785
1298.460937500	324.058448761	0.003205916
1299.157348633	315.430217343	0.003119731
1299.853759766	308.364436950	0.003049795
1300.550170898	303.142434120	0.002994900
1301.246459961	298.190823924	0.002938447
1301.943115234	294.338960432	0.002894102
1302.639404297	288.641247873	0.002828705
1303.335815430	282.120623650	0.002755096
1304.032226562	276.494697048	0.002691828
1304.728637695	270.453325303	0.002628125
1305.425048828	264.066609506	0.002562107
1306.121459961	257.323507709	0.002493380
1306.817749023	250.980506620	0.002427118
1307.514160156	246.376622077	0.002383199
1308.210449219	242.102144026	0.002339850
1308.906738281	239.215605428	0.002308068
1309.603149414	234.843665554	0.002258665
1310.299560547	232.222740389	0.002229036
1310.995849609	227.761166696	0.002183940
1311.692260742	222.899489834	0.002133139
1312.388549805	219.493761586	0.002095946
1313.084838867	215.694363225	0.002057138
1313.781250000	211.684076586	0.002016014
1314.477539062	207.948875397	0.001973212
1315.173828125	203.364070985	0.001923114
1315.870117187	199.578564275	0.001883511
1316.566284180	195.643057762	0.001845194
1317.262695312	192.706047274	0.001817419
1317.958984375	189.786701541	0.001790576
1318.655273437	186.373436928	0.001757845
1319.351562500	182.989199946	0.001725279
1320.047729492	180.525016508	0.001702625
1320.743896484	177.537803865	0.001676434
1321.440307617	175.728172026	0.001659726
1322.136474609	171.369132104	0.001616131
1322.832763672	167.055092812	0.001571647
1323.528930664	163.818927857	0.001536293
1324.225219727	162.117012116	0.001519067
1324.921386719	159.513093118	0.001494916
1325.617553711	155.525656147	0.001453691
1326.313720703	153.356905753	0.001425151
1327.010131836	152.599845856	0.001416308
1327.706298828	151.733429048	0.001413168
1328.402343750	148.174750144	0.001381811
1329.098632812	144.298932937	0.001346937
1329.794799805	141.048926784	0.001320119
1330.490966797	139.052382531	0.001302837
1331.187011719	137.962434800	0.001290756
1331.883178711	136.853144215	0.001277509
1332.579467773	133.060267018	0.001240363
1333.275512695	129.475675860	0.001204644
1333.971679687	127.144029033	0.001179656
1334.667968750	127.542089001	0.001182844
1335.363891602	127.609900167	0.001185120
1336.060058594	126.503118546	0.001171006
1336.756225586	122.305334984	0.001127463
1337.452270508	119.831509960	0.001102806
1338.148437500	116.789257757	0.001074971
1338.844482422	115.682432083	0.001062517
1339.540527344	113.707536974	0.001042059
1340.236694336	112.187008612	0.001026729
1340.932739258	110.350173674	0.001013799
1341.628784180	108.624448192	0.000997988
1342.324951172	107.541145294	0.000986943
1343.020874023	105.029254268	0.000964475
1343.717041016	103.484052566	0.000955346
1344.413085937	100.677013244	0.000933221
1345.109130859	100.688846435	0.000934840
1345.805053711	98.388927306	0.000914796
1346.501098633	97.811791912	0.000914379
1347.197021484	96.887902998	0.000911169
1347.893066406	95.856293063	0.000902067
1348.589233398	93.609218321	0.000883070
1349.285034180	92.153139391	0.000873779
1349.981201172	90.286194555	0.000862644
1350.677124023	87.956414838	0.000849899
1351.373046875	85.277007349	0.000842195
1352.069213867	82.018974581	0.000821084
1352.765136719	80.365410374	0.000813738
1353.461059570	78.100557112	0.000796848
1354.156982422	76.657981104	0.000793122
1354.852905273	74.461912801	0.000786092
1355.548950195	70.771616013	0.000765899
1356.244750977	67.704148108	0.000745056
1356.940795898	65.901812000	0.000752265
1357.636718750	65.390521111	0.000766803
1358.332641602	64.385989435	0.000771771
1359.028442383	64.695348155	0.000784182
1359.724365234	62.771789459	0.000772300
1360.420410156	61.252097868	0.000764981
1361.116210937	60.614691365	0.000758190
1361.812011719	59.497596526	0.000743234
1362.507934570	60.436331749	0.000751807
1363.203857422	60.813691755	0.000752619
1363.899658203	61.053488916	0.000749071
1364.595458984	61.073737206	0.000744540
1365.291381836	59.552473591	0.000723009
1365.987304687	58.336427781	0.000704405
1366.683105469	55.084833545	0.000660857
1367.379028320	53.467339208	0.000634666
1368.074829102	52.679232228	0.000621990
1368.770629883	52.025872292	0.000610342
1369.466308594	53.053362108	0.000620272
1370.162109375	53.091368983	0.000618667
1370.858032227	53.016344378	0.000618187
1371.553833008	51.736268198	0.000605267
1372.249511719	51.538014566	0.000603970
1372.945434570	50.847756971	0.000595190
