930.69458	2.51871
931.38519	2.86195
932.07574	3.09572
932.76630	2.99438
933.45685	2.70384
934.14740	2.48493
934.83789	2.49573
935.52838	2.51464
936.21887	2.47006
936.90930	2.46466
937.59973	2.21736
938.29016	1.86601
938.98053	1.39304
939.67090	1.23628
940.36127	1.45250
941.05157	1.98359
941.74188	2.58088
942.43219	3.15519
943.12250	3.18222
943.81274	3.05384
944.50299	2.98762
945.19318	2.75924
945.88336	2.37275
946.57355	2.10790
947.26373	2.39440
947.95386	2.74845
948.64398	3.18898
949.33411	3.42276
950.02417	3.63898
950.71423	3.75518
951.40430	3.96735
952.09436	4.34573
952.78436	4.69707
953.47437	4.91871
954.16431	5.38897
954.85425	5.62277
955.54419	6.14845
956.23413	6.82817
956.92401	7.46600
957.61389	8.16464
958.30377	8.95789
958.99359	9.42682
959.68341	10.05113
960.37317	10.65520
961.06299	11.39979
961.75275	12.55791
962.44250	13.73358
963.13220	14.65655
963.82190	15.57816
964.51160	16.33086
965.20123	17.41330
965.89087	18.88086
966.58051	20.20518
967.27014	21.23357
967.95972	22.09979
968.64929	23.08900
969.33887	23.95250
970.02838	24.84302
970.71790	25.80384
971.40735	26.61467
972.09686	27.45655
972.78632	28.17277
973.47571	28.99033
974.16516	29.58628
974.85455	30.41872
975.54388	31.23627
976.23328	32.18763
976.92261	33.55248
977.61194	35.99843
978.30121	38.10789
978.99048	40.54979
979.67975	42.67547
980.36902	45.61737
981.05823	48.65250
981.74744	51.84441
982.43658	54.79574
983.12573	57.33358
983.81488	60.25386
984.50403	63.05116
985.19312	65.91873
985.88220	68.19710
986.57129	70.96198
987.26031	72.37547
987.94934	73.21060
988.63837	73.87006
989.32733	74.31736
990.01630	74.25926
990.70526	73.16737
991.39417	71.94169
992.08307	70.44978
992.77197	68.70113
993.46088	66.68626
994.14972	64.18221
994.83856	61.47411
995.52734	58.46600
996.21613	55.64302
996.90491	51.72005
997.59369	48.37547
998.28241	45.64980
998.97113	43.02681
999.65979	40.68628
1000.34845	38.37008
1001.03711	35.82008
1001.72577	33.46871
1002.41437	31.69979
1003.10297	30.42952
1003.79156	28.99574
1004.48010	27.51872
1005.16864	26.23900
1005.85718	25.09843
1006.54565	24.02412
1007.23413	22.81195
1007.92261	21.46600
1008.61102	20.11600
1009.29944	19.32817
1009.98785	18.92410
1010.67627	18.48628
1011.36462	17.67952
1012.05292	17.02141
1012.74127	16.39572
1013.42957	16.11465
1014.11786	16.04303
1014.80609	15.76465
1015.49432	15.42277
1016.18256	15.00520
1016.87079	14.94845
1017.55896	14.76873
1018.24713	14.27008
1018.93524	13.67819
1019.62335	13.71467
1020.31146	13.95250
1020.99957	13.98358
1021.68762	14.02413
1022.37567	13.73493
1023.06372	13.72411
1023.75171	13.84304
1024.43970	14.15655
1025.12769	14.29168
1025.81555	14.33896
1026.50354	14.58896
1027.19141	14.85654
1027.87927	15.34032
1028.56714	15.71600
1029.25500	16.16195
1029.94287	16.83898
1030.63062	17.15925
1031.31848	17.61737
1032.00623	18.27142
1032.69397	18.95250
1033.38171	19.76872
1034.06934	20.79711
1034.75708	21.42683
1035.44470	21.95656
1036.13232	22.74710
1036.82007	23.76872
1037.50757	24.48358
1038.19519	24.76870
1038.88281	25.45789
1039.57031	25.71737
1040.25781	26.12951
1040.94531	26.35655
1041.63281	26.48088
1042.32031	26.32142
1043.00769	26.23763
1043.69519	26.20248
1044.38257	26.09303
1045.06995	25.81872
1045.75732	25.14169
1046.44470	24.16737
1047.13196	23.09981
1047.81934	21.93359
1048.50659	21.06467
1049.19385	20.34032
1049.88110	19.69978
1050.56836	18.53493
1051.25549	17.31059
1051.94275	16.39708
1052.62988	15.62683
1053.31702	15.20521
1054.00415	14.62548
1054.69128	14.03223
1055.37830	13.43493
1056.06543	13.08223
1056.75244	12.70387
1057.43945	12.05250
1058.12646	11.53224
1058.81348	11.29034
1059.50049	11.27951
1060.18738	11.02816
1060.87427	10.74032
1061.56116	10.20114
1062.24805	9.93763
1062.93494	10.02007
1063.62183	10.00251
1064.30859	10.06736
1064.99548	10.04437
1065.68225	9.50788
1066.36902	9.26869
1067.05566	9.38357
1067.74243	9.52412
1068.42908	9.44979
1069.11584	8.97140
1069.80249	8.72140
1070.48914	8.65249
1071.17578	8.65384
1071.86230	8.72546
1072.54895	8.87545
1073.23547	8.99708
1073.92200	9.28355
1074.60852	9.13087
1075.29504	8.86600
1075.98157	8.68357
1076.66797	8.90249
1077.35437	9.19170
1078.04077	9.13087
1078.72717	8.86601
1079.41357	8.83897
1080.09998	8.81734
1080.78625	8.72275
1081.47266	8.49845
1082.15894	8.34574
1082.84521	8.40520
1083.53137	8.51061
1084.21765	8.50655
1084.90393	8.31735
1085.59009	8.54573
1086.27625	8.64574
1086.96240	8.48223
1087.64856	8.13087
1088.33459	7.56331
1089.02075	7.41465
1089.70679	7.44709
1090.39282	7.52682
1091.07886	7.68492
1091.76489	7.69437
1092.45081	7.68222
1093.13684	7.75789
1093.82275	7.62951
1094.50867	7.69574
1095.19458	7.66873
1095.88049	7.90115
1096.56641	7.82950
1097.25220	7.59032
1097.93799	7.56195
1098.62378	7.57412
1099.30957	7.56330
1099.99536	7.72006
1100.68115	8.17818
1101.36682	8.52816
1102.05249	8.92276
1102.73816	9.13087
1103.42383	9.33224
1104.10950	9.44032
1104.79517	9.83763
1105.48071	10.31602
1106.16626	10.80249
1106.85181	11.60654
1107.53735	12.41600
1108.22290	12.98493
1108.90845	13.25250
1109.59387	13.18088
1110.27930	13.64845
1110.96472	14.44709
1111.65015	14.99709
1112.33557	15.66060
1113.02100	16.36196
1113.70630	17.05791
1114.39160	17.68087
1115.07690	18.32006
1115.76221	18.76330
1116.44751	19.23898
1117.13269	19.92276
1117.81799	20.84572
1118.50317	22.00653
1119.18835	23.08086
1119.87354	23.86871
1120.55859	24.39437
1121.24377	24.90789
1121.92883	25.45115
1122.61389	25.70924
1123.29895	26.07816
1123.98401	26.33626
1124.66907	26.47005
1125.35400	26.60384
1126.03906	26.94708
1126.72400	27.20251
1127.40894	27.24169
1128.09387	27.26601
1128.77869	27.35790
1129.46362	27.70925
1130.14844	27.75385
1130.83325	27.49033
1131.51807	26.89438
1132.20288	26.44034
1132.88770	26.44979
1133.57239	26.81195
1134.25708	27.42277
1134.94177	28.06060
1135.62646	28.47005
1136.31116	28.69168
1136.99585	28.71195
1137.68042	28.92951
1138.36499	29.09034
1139.04956	28.88088
1139.73413	28.81737
1140.41870	29.47817
1141.10315	30.02951
1141.78772	30.29978
1142.47217	30.43357
1143.15662	30.94979
1143.84106	31.47143
1144.52551	31.87276
1145.20984	31.99033
1145.89429	32.41870
1146.57861	32.86060
1147.26294	33.14304
1147.94727	33.35385
1148.63147	33.27547
1149.31580	33.34573
1150.00000	33.01195
1150.68420	32.86060
1151.36841	32.56329
1152.05261	32.22951
1152.73682	31.89169
1153.42090	31.44844
1154.10498	30.95790
1154.78906	30.16196
1155.47314	29.60925
1156.15723	28.94033
1156.84131	27.90115
1157.52527	26.87008
1158.20923	26.28493
1158.89319	25.49440
1159.57715	24.44168
1160.26111	23.48627
1160.94507	22.54032
1161.62891	21.94033
1162.31274	21.10656
1162.99658	20.50655
1163.68042	19.50382
1164.36426	19.09167
1165.04797	18.68355
1165.73181	17.97543
1166.41553	17.38760
1167.09924	17.17275
1167.78284	16.89843
1168.46655	16.34708
1169.15027	15.82952
1169.83386	15.45114
1170.51746	15.11736
1171.20105	14.51196
1171.88464	14.10923
1172.56812	13.78763
1173.25171	13.60519
1173.93518	13.40114
1174.61865	12.94842
1175.30212	12.61058
1175.98560	12.34032
1176.66895	12.27007
1177.35242	11.97682
1178.03577	11.38222
1178.71912	10.94845
1179.40247	11.11601
1180.08569	11.04169
1180.76904	11.10249
1181.45227	10.83763
1182.13550	10.69572
1182.81873	10.46463
1183.50195	10.48221
1184.18518	10.08899
1184.86829	9.69306
1185.55139	9.28899
1186.23450	9.04843
1186.91760	9.02007
1187.60071	8.86738
1188.28381	8.47952
1188.96680	8.36060
1189.64978	8.35521
1190.33276	8.17143
1191.01575	8.00655
1191.69873	8.03897
1192.38159	7.86870
1193.06458	7.82275
1193.74744	7.58085
1194.43030	7.56601
1195.11316	7.62951
1195.79590	7.69032
1196.47876	7.23356
1197.16150	7.03899
1197.84424	7.04711
1198.52698	6.69171
1199.20972	6.61605
1199.89233	6.42818
1200.57507	6.08627
1201.25769	5.85517
1201.94031	6.02005
1202.62292	5.84302
1203.30554	5.63491
1203.98804	5.41600
1204.67065	5.26466
1205.35315	5.12953
1206.03564	5.05388
1206.71814	4.75522
1207.40051	4.65519
1208.08301	4.67140
1208.76538	4.71463
1209.44775	4.82277
1210.13013	4.89438
1210.81250	5.06057
1211.49475	5.03490
1212.17712	4.95248
1212.85938	4.78628
1213.54163	4.61871
1214.22388	4.27410
1214.90601	4.09031
1215.58826	3.97546
1216.27039	4.06872
1216.95251	4.37411
1217.63464	4.47410
1218.31677	4.44301
1218.99890	4.34707
1219.68091	4.62546
1220.36304	4.71601
1221.04504	4.89033
1221.72705	4.42411
1222.40894	4.15653
1223.09094	3.83493
1223.77283	3.61195
1224.45471	3.63222
1225.13660	3.76060
1225.81848	3.86061
1226.50037	3.80790
1227.18213	3.50117
1227.86401	3.63224
1228.54578	3.58899
1229.22754	3.59709
1229.90918	3.44440
1230.59094	3.46871
1231.27258	3.36600
1231.95435	3.42680
1232.63599	3.75785
1233.31763	4.04979
1233.99915	4.14843
1234.68079	3.88762
1235.36230	3.46194
1236.04382	3.17547
1236.72534	3.52413
1237.40686	3.68086
1238.08838	3.66732
1238.76978	3.64167
1239.45117	3.48356
1240.13257	3.50653
1240.81396	3.68221
1241.49536	3.72816
1242.17676	3.68494
1242.85803	3.32005
1243.53931	3.26466
1244.22058	3.21733
1244.90186	3.07948
1245.58313	3.30787
1246.26428	3.30249
1246.94543	2.96465
1247.62659	2.94168
1248.30774	2.84575
1248.98889	3.08901
1249.67004	3.62279
1250.35107	4.20656
1251.03210	4.08629
1251.71313	4.04167
1252.39417	3.75115
1253.07520	3.74575
1253.75610	3.84170
1254.43713	4.13493
1255.11804	4.38766
1255.79895	4.41060
1256.47974	4.17951
1257.16064	3.96599
1257.84143	4.28357
1258.52222	4.42276
1259.20300	4.44711
1259.88379	4.47681
1260.56458	4.59303
1261.24524	4.67007
1261.92603	4.88897
1262.60669	4.91465
1263.28735	5.09439
1263.96802	5.02684
1264.64856	5.28900
1265.32922	5.28086
1266.00977	5.42950
1266.69031	5.59976
1267.37085	5.79977
1268.05127	6.14302
1268.73181	6.44171
1269.41223	6.51872
1270.09265	6.52684
1270.77307	6.69170
1271.45349	6.75117
1272.13391	6.71466
1272.81421	6.75518
1273.49451	6.67545
1274.17480	6.66332
1274.85510	6.77820
1275.53540	7.20792
1276.21558	7.52142
1276.89587	7.67951
1277.57605	7.63220
1278.25623	7.53629
1278.93628	7.29441
1279.61646	7.14438
1280.29651	7.21327
1280.97656	7.22954
1281.65674	7.23088
1282.33667	6.91333
1283.01672	6.61467
1283.69678	6.38356
1284.37671	6.20520
1285.05664	6.09980
1285.73657	6.27413
1286.41650	6.47144
1287.09631	6.36736
1287.77625	6.15521
1288.45605	6.24034
1289.13586	6.09710
1289.81567	6.37549
1290.49536	6.42413
1291.17517	6.28765
1291.85486	6.11737
1292.53455	6.06737
1293.21423	6.16059
1293.89392	5.99438
1294.57349	5.71063
1295.25317	5.39440
1295.93274	5.21736
1296.61230	4.87144
1297.29187	4.84574
1297.97131	4.82276
1298.65088	5.31328
1299.33032	5.37546
1300.00977	4.72951
1300.68921	4.42818
1301.36865	4.52547
1302.04797	4.83090
1302.72729	4.96197
1303.40674	5.12686
1304.08594	4.97413
1304.76526	4.82413
1305.44458	4.70518
1306.12378	4.42007
1306.80298	4.05657
1307.48230	3.86333
1308.16138	4.09037
1308.84058	4.41604
1309.51978	4.43225
1310.19885	4.27954
1310.87793	4.09846
1311.55701	4.24576
1312.23608	4.44170
1312.91504	4.60791
1313.59412	4.59574
1314.27307	4.53762
1314.95203	4.61468
1315.63098	4.37144
1316.30981	3.89168
1316.98877	3.70382
1317.66760	3.86060
1318.34644	3.81469
1319.02527	3.73356
1319.70410	3.73764
1320.38281	3.44981
1321.06152	3.17954
1321.74036	3.16332
1322.41907	3.25517
1323.09766	3.37273
1323.77637	3.39168
1324.45496	3.04979
1325.13367	3.09034
1325.81226	3.25250
1326.49072	3.72006
1327.16931	3.56465
1327.84790	3.39032
1328.52637	3.06329
1329.20483	2.85924
1329.88330	2.61874
1330.56177	2.47010
1331.24011	2.50250
1331.91858	2.93763
1332.59692	2.99170
1333.27527	2.94034
1333.95361	2.61060
1334.63184	2.51737
1335.31018	2.40249
1335.98840	2.31735
1336.66663	2.25250
1337.34485	2.30791
1338.02295	2.35926
1338.70117	2.79574
1339.37927	2.55657
1340.05737	2.43357
1340.73547	2.40252
1341.41357	2.29845
1342.09155	2.34036
1342.76965	2.27548
1343.44763	2.02143
1344.12561	1.73086
1344.80359	1.81870
1345.48145	2.19304
1346.15942	2.46872
1346.83728	2.61198
1347.51514	2.37956
1348.19299	1.77416
1348.87085	1.39846
1349.54858	1.01464
1350.22632	1.09708
1350.90417	1.15923
1351.58179	0.83224
1352.25952	1.08087
1352.93726	1.52141
1353.61487	1.72277
1354.29248	1.25789
1354.97009	0.74305
1355.64771	0.88495
1356.32532	1.20518
1357.00281	1.50112
1357.68030	1.64705
1358.35779	1.91328
1359.03528	1.79033
1359.71277	1.66465
1360.39014	1.44439
1361.06763	1.43085
1361.74500	1.67003
1362.42236	1.64165
1363.09961	1.59710
1363.77698	1.36603
1364.45422	1.27548
1365.13147	1.11062
1365.80872	1.08224
1366.48596	1.18761
1367.16321	1.52410
1367.84033	1.69705
