815.339416504	-6.060000000	-0.019701950
817.083923340	0.340000000	0.001105390
818.828369141	-1.860000000	-0.006057798
820.572937012	-0.700000000	-0.002279817
822.317443848	-2.140000000	-0.006196674
824.061950684	-0.960000000	-0.003126606
825.806457520	-0.120000000	-0.000390826
827.551025391	3.340000000	0.009671445
829.295532227	1.800000000	0.005212156
831.040100098	-1.620000000	-0.004700229
832.784606934	-0.520000000	-0.001508716
834.529113770	-4.740000000	-0.011252064
836.273681641	2.100000000	0.004985092
838.018249512	-1.220000000	-0.002896101
839.762817383	-0.980000000	-0.002326376
841.507324219	-0.500000000	-0.001086583
843.251892090	-1.680000000	-0.003371560
844.996459961	-3.300000000	-0.006149656
846.741088867	-0.560000000	-0.000915138
848.485534668	0.560000000	0.000732110
850.230163574	-3.080000000	-0.001711194
851.974731445	1.540000000	0.000314149
853.719360352	2.200000000	0.000227941
855.463928223	0.000000000	0.000000000
857.208496094	1.420000000	0.000071702
858.953063965	-1.720000000	-0.000072062
860.697631836	-0.620000000	-0.000022984
862.442260742	0.020000000	0.000000666
864.186767578	0.720000000	0.000021766
865.931396484	2.200000000	0.000060532
867.675964355	-2.480000000	-0.000063035
869.420593262	1.960000000	0.000046204
871.165161133	-1.100000000	-0.000024073
872.909729004	1.660000000	0.000033715
874.654296875	4.460000000	0.000084252
876.398925781	-2.420000000	-0.000042785
878.143493652	0.300000000	0.000004997
879.888061523	4.520000000	0.000070732
881.632690430	-1.440000000	-0.000021200
883.377258301	-1.640000000	-0.000022757
885.121948242	-0.720000000	-0.000009447
886.866455078	1.140000000	0.000014172
888.611083984	-2.000000000	-0.000023694
890.355651855	-0.440000000	-0.000004961
892.100280762	-2.200000000	-0.000023516
893.844848633	-3.600000000	-0.000036263
895.589416504	0.500000000	0.000004755
897.333984375	-0.580000000	-0.000005114
899.078613281	1.140000000	0.000009208
900.823181152	2.780000000	0.000020242
902.567749023	1.880000000	0.000012308
904.312377930	1.380000000	0.000008249
906.056945801	-0.660000000	-0.000003686
907.801452637	1.280000000	0.000006745
909.546081543	3.580000000	0.000018005
911.290649414	2.340000000	0.000011248
913.035278320	3.700000000	0.000017072
914.779907227	2.920000000	0.000012960
916.524353027	0.380000000	0.000001628
918.268920898	6.240000000	0.000025855
920.013549805	0.500000000	0.000002011
921.758117676	2.680000000	0.000010416
923.502624512	4.240000000	0.000015817
925.247253418	4.920000000	0.000017739
926.991760254	-0.400000000	-0.000001390
928.736328125	2.560000000	0.000008596
930.480957031	1.880000000	0.000006093
932.225402832	2.980000000	0.000009323
933.969970703	2.200000000	0.000006652
935.714538574	0.780000000	0.000002287
937.459045410	3.360000000	0.000009523
939.203552246	8.940000000	0.000024496
940.948120117	2.680000000	0.000007094
942.692626953	6.600000000	0.000016907
944.437133789	4.020000000	0.000010015
946.181701660	2.940000000	0.000007103
947.926208496	6.760000000	0.000015828
949.670654297	5.160000000	0.000011728
951.415161133	6.860000000	0.000015138
953.159667969	7.100000000	0.000015111
954.904113770	7.600000000	0.000015863
956.648620605	14.280000000	0.000028986
958.393127441	12.760000000	0.000025165
960.137634277	16.000000000	0.000030768
961.882141113	22.980000000	0.000043094
963.626525879	25.100000000	0.000045742
965.371032715	28.600000000	0.000050943
967.115478516	33.340000000	0.000058069
968.859863281	39.860000000	0.000068067
970.604309082	46.760000000	0.000078202
972.348754883	53.240000000	0.000087941
974.093200684	64.340000000	0.000104499
975.837646484	69.360000000	0.000110528
977.582031250	81.700000000	0.000127387
979.326416016	94.320000000	0.000144530
981.070861816	106.040000000	0.000158600
982.815246582	118.300000000	0.000173240
984.559631348	124.700000000	0.000179345
986.304016113	136.420000000	0.000192931
988.048339844	134.300000000	0.000187131
989.792724609	137.580000000	0.000188232
991.537170410	136.060000000	0.000181289
993.281433105	130.300000000	0.000170231
995.025817871	121.440000000	0.000156304
996.770141602	105.660000000	0.000133988
998.514404297	99.040000000	0.000123580
1000.258728027	86.720000000	0.000107135
1002.003051758	76.000000000	0.000092913
1003.747375488	70.800000000	0.000085070
1005.491699219	62.640000000	0.000074375
1007.235961914	55.580000000	0.000065676
1008.980224609	52.880000000	0.000061722
1010.724487305	51.780000000	0.000059454
1012.468811035	43.160000000	0.000048992
1014.212951660	42.600000000	0.000047701
1015.957214355	40.640000000	0.000044868
1017.701477051	38.100000000	0.000041460
1019.445739746	38.340000000	0.000040824
1021.189880371	35.660000000	0.000037336
1022.934082031	33.680000000	0.000034551
1024.678222656	37.100000000	0.000037548
1026.422607422	39.240000000	0.000039081
1028.166625977	36.580000000	0.000035698
1029.910766602	41.640000000	0.000040171
1031.654907227	41.520000000	0.000039323
1033.399047852	47.240000000	0.000044176
1035.143188477	50.000000000	0.000046134
1036.887329102	53.520000000	0.000048472
1038.631469727	58.720000000	0.000052525
1040.375488281	58.360000000	0.000051528
1042.119506836	63.600000000	0.000055422
1043.863525391	60.440000000	0.000051947
1045.607666016	60.600000000	0.000051679
1047.351684570	57.180000000	0.000048210
1049.095825195	56.080000000	0.000047019
1050.839843750	51.740000000	0.000042743
1052.583862305	48.560000000	0.000039599
1054.328002930	47.920000000	0.000038242
1056.071777344	45.060000000	0.000035253
1057.815795898	40.320000000	0.000030889
1059.559814453	41.140000000	0.000030966
1061.303833008	43.820000000	0.000032629
1063.047607422	42.200000000	0.000030874
1064.791625977	39.560000000	0.000028458
1066.535522461	41.760000000	0.000029765
1068.279418945	38.520000000	0.000027016
1070.023315430	41.520000000	0.000028823
1071.767089844	41.240000000	0.000028264
1073.510986328	42.840000000	0.000028933
1075.254760742	40.140000000	0.000026768
1076.998657227	41.300000000	0.000027200
1078.742553711	40.060000000	0.000026095
1080.486328125	38.240000000	0.000024566
1082.230102539	41.420000000	0.000026188
1083.973999023	38.900000000	0.000024423
1085.717773437	39.640000000	0.000024619
1087.461303711	37.580000000	0.000023086
1089.205078125	36.120000000	0.000021941
1090.948852539	35.340000000	0.000021153
1092.692626953	36.740000000	0.000021819
1094.436157227	38.180000000	0.000022481
1096.179931641	39.880000000	0.000023268
1097.923706055	46.780000000	0.000026968
1099.667114258	43.960000000	0.000025118
1101.410888672	45.120000000	0.000025545
1103.154418945	47.340000000	0.000026492
1104.898071289	52.620000000	0.000029110
1106.641601562	60.060000000	0.000033056
1108.385131836	61.640000000	0.000033572
1110.128784180	70.040000000	0.000037846
1111.872314453	76.740000000	0.000041079
1113.615844727	85.320000000	0.000045479
1115.359130859	97.840000000	0.000051909
1117.102783203	106.500000000	0.000056187
1118.846313477	117.500000000	0.000061742
1120.589721680	127.000000000	0.000066296
1122.333129883	137.160000000	0.000071617
1124.076538086	143.000000000	0.000074475
1125.820068359	152.760000000	0.000078787
1127.563354492	162.340000000	0.000082976
1129.306640625	165.760000000	0.000084775
1131.050048828	160.260000000	0.000081162
1132.793457031	156.760000000	0.000079054
1134.536621094	157.460000000	0.000079637
1136.279907227	151.900000000	0.000076372
1138.023193359	149.780000000	0.000073843
1139.766479492	143.840000000	0.000070687
1141.509765625	138.240000000	0.000067106
1143.253051758	134.960000000	0.000064971
1144.996215820	134.080000000	0.000064263
1146.739257812	142.140000000	0.000067139
1148.482543945	139.560000000	0.000065407
1150.225585937	150.640000000	0.000069392
1151.968750000	149.860000000	0.000068436
1153.711914062	155.400000000	0.000070549
1155.454956055	154.840000000	0.000069267
1157.197998047	154.960000000	0.000068549
1158.941040039	152.940000000	0.000067440
1160.684082031	147.460000000	0.000065087
1162.427001953	140.180000000	0.000061662
1164.170043945	134.560000000	0.000058846
1165.913085937	122.820000000	0.000053237
1167.656005859	121.080000000	0.000052309
1169.398925781	110.480000000	0.000047293
1171.141845703	106.480000000	0.000045227
1172.884765625	97.140000000	0.000040736
1174.627685547	94.300000000	0.000039512
1176.370483398	88.860000000	0.000036794
1178.113281250	83.000000000	0.000033967
1179.855957031	84.320000000	0.000034711
1181.598876953	81.180000000	0.000033327
1183.341674805	79.960000000	0.000032668
1185.084350586	76.580000000	0.000031168
1186.827026367	73.140000000	0.000029420
1188.569824219	72.160000000	0.000029141
1190.312377930	70.540000000	0.000028329
1192.055053711	67.440000000	0.000026786
1193.797607422	64.440000000	0.000025465
1195.540283203	63.560000000	0.000025046
1197.282836914	58.880000000	0.000023118
1199.025390625	59.540000000	0.000023290
1200.767944336	59.340000000	0.000022982
1202.510498047	54.840000000	0.000021109
1204.253051758	53.800000000	0.000020587
1205.995483398	50.860000000	0.000019505
1207.738037109	50.480000000	0.000019238
1209.480224609	48.120000000	0.000018174
1211.222778320	43.120000000	0.000016220
1212.965087891	43.420000000	0.000016336
1214.707397461	44.160000000	0.000016527
1216.449829102	45.900000000	0.000016964
1218.192138672	43.560000000	0.000016015
1219.934448242	42.320000000	0.000015568
1221.676635742	40.100000000	0.000014599
1223.418945312	37.540000000	0.000013535
1225.161132812	37.320000000	0.000013435
1226.903320312	37.500000000	0.000013521
1228.645507812	38.240000000	0.000013644
1230.387695312	35.420000000	0.000012574
1232.129638672	37.420000000	0.000013312
1233.871826172	33.880000000	0.000012062
1235.613891602	35.420000000	0.000012561
1237.355834961	33.500000000	0.000011832
1239.098022461	37.720000000	0.000013359
1240.839843750	35.840000000	0.000012625
1242.581787109	37.680000000	0.000013156
1244.323730469	38.980000000	0.000013436
1246.065673828	38.660000000	0.000013276
1247.807739258	41.620000000	0.000014232
1249.549560547	44.880000000	0.000015188
1251.291381836	47.220000000	0.000016026
1253.032958984	48.880000000	0.000016404
1254.774902344	52.820000000	0.000017782
1256.516601562	53.600000000	0.000017838
1258.258300781	56.000000000	0.000018677
1260.000122070	57.460000000	0.000018903
1261.741699219	53.140000000	0.000017271
1263.483398437	60.620000000	0.000019567
1265.224975586	60.180000000	0.000019201
1266.966674805	65.200000000	0.000020816
1268.708129883	65.020000000	0.000020704
1270.449584961	66.420000000	0.000020985
1272.191162109	67.260000000	0.000021109
1273.932617187	67.740000000	0.000021049
1275.674194336	69.140000000	0.000021469
1277.415649414	65.240000000	0.000020058
1279.156982422	67.180000000	0.000020853
1280.898193359	66.360000000	0.000020465
1282.639648437	64.200000000	0.000019670
1284.380859375	66.360000000	0.000020282
1286.122192383	64.220000000	0.000019613
1287.863525391	63.160000000	0.000019166
1289.604736328	62.060000000	0.000018782
1291.345947266	60.820000000	0.000018451
1293.087036133	61.320000000	0.000018440
1294.828247070	58.500000000	0.000017470
1296.569213867	59.640000000	0.000017713
1298.310424805	58.540000000	0.000017515
1300.051391602	52.140000000	0.000015641
1301.792480469	53.680000000	0.000015979
1303.533325195	54.780000000	0.000016284
1305.274414062	52.820000000	0.000015603
1307.015380859	47.420000000	0.000013955
1308.756225586	50.260000000	0.000014815
1310.497192383	49.180000000	0.000014524
1312.237792969	43.260000000	0.000012638
1313.978759766	47.360000000	0.000013823
1315.719482422	45.460000000	0.000013248
1317.460205078	43.000000000	0.000012553
1319.201049805	42.520000000	0.000012387
1320.941772461	43.660000000	0.000012612
1322.682250977	37.800000000	0.000010977
1324.422851562	38.900000000	0.000011347
1326.163452148	36.760000000	0.000010635
1327.903930664	38.820000000	0.000011197
1329.644775391	37.180000000	0.000010720
1331.385131836	32.240000000	0.000009294
1333.125488281	34.740000000	0.000010074
1334.865966797	31.560000000	0.000009147
1336.606323242	28.200000000	0.000008110
1338.346801758	31.440000000	0.000009060
1340.087036133	29.940000000	0.000008663
1341.827392578	27.340000000	0.000007883
1343.567626953	30.700000000	0.000008898
1345.307861328	26.940000000	0.000007841
1347.048095703	27.660000000	0.000008110
1348.788208008	27.860000000	0.000008350
1350.528320312	26.340000000	0.000008043
1352.268432617	22.940000000	0.000007134
1354.008544922	19.420000000	0.000006337
1355.748535156	16.900000000	0.000005887
1357.488647461	17.240000000	0.000006334
1359.228393555	18.480000000	0.000007222
1360.968505859	17.580000000	0.000007312
1362.708251953	19.240000000	0.000008185
1364.448242187	18.000000000	0.000007495
1366.187988281	17.560000000	0.000007065
1367.927856445	15.880000000	0.000006245
1369.667602539	14.160000000	0.000005476
1371.407226562	17.860000000	0.000006758
1373.147094727	21.300000000	0.000008054
1374.886596680	16.260000000	0.000006285
1376.626464844	10.360000000	0.000004053
1378.365844727	10.840000000	0.000004459
1380.105346680	10.420000000	0.000004634
1381.844848633	6.920000000	0.000003261
1383.584472656	11.120000000	0.000005296
1385.323852539	9.160000000	0.000004309
1387.063232422	5.380000000	0.000002527
1388.802612305	9.320000000	0.000004294
1390.541992187	7.540000000	0.000003536
1392.281250000	5.040000000	0.000002394
1394.020507812	8.320000000	0.000003900
1395.759643555	9.960000000	0.000004623
1397.498901367	5.220000000	0.000002361
1399.238159180	5.340000000	0.000002473
1400.977294922	8.040000000	0.000003788
1402.716186523	2.580000000	0.000001235
1404.455322266	3.300000000	0.000001657
1406.194213867	7.060000000	0.000003723
1407.933227539	3.840000000	0.000002170
1409.672119141	4.520000000	0.000002665
1411.411132812	1.740000000	0.000001061
1413.149902344	0.700000000	0.000000436
1414.888671875	3.880000000	0.000002374
1416.627563477	0.980000000	0.000000577
1418.366088867	5.160000000	0.000002940
1420.105102539	4.860000000	0.000002632
1421.843627930	4.280000000	0.000002220
1423.582153320	1.340000000	0.000000679
1425.320922852	4.300000000	0.000002133
1427.059326172	2.880000000	0.000001405
1428.797851562	7.640000000	0.000003733
1430.536254883	8.960000000	0.000004364
1432.274780273	1.880000000	0.000000923
1434.013061523	1.980000000	0.000000975
1435.751586914	3.800000000	0.000001890
1437.489746094	1.140000000	0.000000576
1439.228149414	3.860000000	0.000001965
1440.966430664	3.460000000	0.000001766
1442.704467773	4.740000000	0.000002468
1444.442626953	3.660000000	0.000001994
1446.180664062	2.840000000	0.000001662
1447.918945312	0.820000000	0.000000515
1449.656860352	-2.140000000	-0.000001438
1451.395019531	1.780000000	0.000001245
1453.132812500	1.640000000	0.000001126
1454.870727539	0.880000000	0.000000568
1456.608642578	-0.300000000	-0.000000181
1458.346435547	3.360000000	0.000001908
1460.084228516	0.620000000	0.000000340
1461.821777344	5.460000000	0.000002910
1463.559692383	0.800000000	0.000000427
1465.297241211	-1.560000000	-0.000000843
1467.035034180	-1.260000000	-0.000000695
1468.772460937	2.840000000	0.000001606
1470.510009766	2.260000000	0.000001348
1472.247436523	3.380000000	0.000002130
1473.984985352	1.260000000	0.000000837
1475.722412109	2.000000000	0.000001397
1477.459716797	-1.980000000	-0.000001465
1479.197143555	1.020000000	0.000000780
1480.934326172	2.040000000	0.000001573
1482.671752930	2.380000000	0.000001806
1484.408813477	-0.680000000	-0.000000498
1486.145874023	-2.560000000	-0.000001782
1487.883056641	3.200000000	0.000002136
1489.620117187	-0.640000000	-0.000000413
1491.357177734	1.880000000	0.000001172
1493.094116211	-1.040000000	-0.000000626
1494.831176758	3.840000000	0.000002277
1496.567871094	-0.200000000	-0.000000117
1498.304809570	1.340000000	0.000000786
1500.041625977	1.320000000	0.000000787
1501.778320312	1.240000000	0.000000752
1503.515014648	1.880000000	0.000001165
1505.251831055	2.580000000	0.000001636
1506.988403320	3.240000000	0.000002121
1508.724853516	-0.160000000	-0.000000108
1510.461669922	1.060000000	0.000000715
1512.197998047	3.680000000	0.000002476
1513.934326172	0.500000000	0.000000338
1515.670898437	-1.060000000	-0.000000707
1517.407104492	-1.840000000	-0.000001197
1519.143554687	2.680000000	0.000001711
1520.879638672	1.340000000	0.000000834
1522.615966797	5.320000000	0.000003243
1524.352172852	3.320000000	0.000001973
1526.088256836	-0.480000000	-0.000000287
1527.824340820	1.580000000	0.000000945
1529.560424805	1.040000000	0.000000614
1531.296386719	-1.500000000	-0.000000873
1533.032348633	0.740000000	0.000000431
1534.768310547	-0.340000000	-0.000000200
1536.504028320	1.340000000	0.000000799
1538.239990234	3.060000000	0.000001862
1539.975585937	0.960000000	0.000000598
1541.711425781	1.160000000	0.000000733
1543.447021484	2.020000000	0.000001322
1545.182617187	2.240000000	0.000001503
1546.918212891	-0.660000000	-0.000000458
1548.653686523	0.880000000	0.000000626
1550.389282227	0.960000000	0.000000702
1552.124511719	-0.280000000	-0.000000208
1553.859985352	0.340000000	0.000000260
1555.595336914	2.560000000	0.000001973
1557.330688477	1.920000000	0.000001481
1559.065795898	1.080000000	0.000000819
1560.801025391	-1.760000000	-0.000001315
1562.536132812	1.520000000	0.000001099
1564.271362305	0.520000000	0.000000367
1566.006347656	0.360000000	0.000000249
1567.741210937	0.020000000	0.000000014
1569.476318359	3.140000000	0.000002070
1571.211059570	1.940000000	0.000001257
1572.946044922	-0.980000000	-0.000000630
1574.680786133	1.800000000	0.000001167
1576.415527344	2.680000000	0.000001750
1578.150268555	1.340000000	0.000000908
1579.884887695	-2.040000000	-0.000001414
1581.619506836	-1.100000000	-0.000000788
1583.353881836	-0.620000000	-0.000000468
1585.088500977	0.860000000	0.000000685
1586.822875977	2.540000000	0.000002102
1588.557250977	-0.620000000	-0.000000529
1590.291625977	-0.100000000	-0.000000086
1592.026000977	-1.740000000	-0.000001545
1593.760131836	2.780000000	0.000002463
1595.494506836	-0.260000000	-0.000000229
1597.228515625	0.840000000	0.000000746
1598.962524414	2.660000000	0.000002469
1600.696777344	0.980000000	0.000000979
1602.430541992	-0.820000000	-0.000000922
1604.164550781	-0.100000000	-0.000000128
1605.898437500	-0.060000000	-0.000000091
1607.632202148	0.160000000	0.000000293
1609.366088867	-0.960000000	-0.000002130
1611.099731445	-0.960000000	-0.000002553
1612.833496094	0.480000000	0.000001574
1614.567016602	-3.920000000	-0.000015407
1616.300781250	-2.480000000	-0.000011750
1618.034179687	-2.240000000	-0.000012323
1619.767700195	-1.580000000	-0.000010276
1621.501098633	-1.640000000	-0.000012483
1623.234497070	-0.920000000	-0.000008045
1624.967773437	-1.080000000	-0.000010697
1626.700927734	-0.060000000	-0.000000677
1628.434204102	-0.420000000	-0.000005350
1630.167236328	-3.700000000	-0.000053713
1631.900390625	-1.160000000	-0.000018971
1633.633422852	-0.680000000	-0.000012570
1635.366455078	-3.460000000	-0.000072096
1637.099365234	-2.900000000	-0.000068666
1638.832275391	-2.300000000	-0.000061848
1640.565063477	-2.960000000	-0.000089115
1642.297851562	0.320000000	0.000010682
1644.030639648	-0.700000000	-0.000026460
1645.763183594	0.700000000	0.000029720
1647.495849609	-1.140000000	-0.000054563
1649.228393555	0.160000000	0.000008391
1650.960937500	-3.760000000	-0.000221034
1652.693359375	-2.820000000	-0.000182752
1654.425781250	-1.480000000	-0.000104198
1656.158081055	1.520000000	0.000115038
1657.890258789	-1.400000000	-0.000116784
1659.622558594	-3.800000000	-0.000334725
1661.354614258	-2.960000000	-0.000285472
1663.086914062	-3.340000000	-0.000334933
1664.818847656	-2.940000000	-0.000314573
1666.550781250	-2.140000000	-0.000242117
1668.282836914	-0.580000000	-0.000069579
1670.014648437	-1.340000000	-0.000166137
1671.746582031	-1.540000000	-0.000200393
1673.478271484	-1.140000000	-0.000156025
1675.210083008	1.480000000	0.000203677
1676.941650391	0.680000000	0.000097104
1678.673339844	-0.080000000	-0.000011490
1680.404785156	0.160000000	0.000023118
1682.136230469	-0.660000000	-0.000099080
1683.867797852	-3.560000000	-0.000520640
1685.599121094	-0.340000000	-0.000051671
1687.330566406	-0.520000000	-0.000075800
1689.061645508	1.620000000	0.000241445
1690.792968750	-1.780000000	-0.000251108
1692.524047852	0.020000000	0.000002884
1694.255126953	-0.520000000	-0.000070178
1695.986206055	-2.780000000	-0.000357582
1697.717163086	-2.820000000	-0.000326003
1699.448120117	-4.340000000	-0.000372085
1701.178710937	-2.860000000	-0.000144250
1702.909667969	1.060000000	0.000030235
1704.640380859	-0.640000000	-0.000011737
