815.339416504	1.055000000	10.193090444
817.083923340	-1.185000000	-10.973480341
818.828369141	1.395000000	12.758170681
820.572937012	1.690000000	14.244839237
822.317443848	1.250000000	10.966169561
824.061950684	2.240000000	20.036696949
825.806457520	1.325000000	11.358228042
827.551025391	-1.180000000	-10.081421868
829.295532227	-1.000000000	-8.256880611
831.040100098	-0.470000000	-3.948107739
832.784606934	-0.645000000	-5.325687994
834.529113770	1.345000000	10.719896629
836.273681641	-0.470000000	-3.530389856
838.018249512	-0.380000000	-2.887041241
839.762817383	-0.770000000	-5.430619185
841.507324219	-1.245000000	-8.423738407
843.251892090	0.710000000	5.333142122
844.996459961	1.765000000	11.537270470
846.741088867	-0.505000000	-3.011467845
848.485534668	-0.795000000	-4.786410479
850.230163574	-0.325000000	-1.910120384
851.974731445	0.080000000	0.438073388
853.719360352	-0.370000000	-1.792717863
855.463928223	-0.305000000	-1.469036675
857.208496094	0.730000000	3.285837107
858.953063965	0.300000000	1.281536678
860.697631836	-2.060000000	-8.622706294
862.442260742	0.210000000	0.758600906
864.186767578	2.305000000	8.260464326
865.931396484	1.745000000	5.853354271
867.675964355	-0.705000000	-2.243549278
869.420593262	0.790000000	2.355504552
871.165161133	-1.840000000	-5.380733865
872.909729004	0.645000000	1.731481024
874.654296875	-0.215000000	-0.557619874
876.398925781	-1.575000000	-3.751827854
878.143493652	-0.110000000	-0.254406848
879.888061523	0.795000000	1.707173584
881.632690430	-0.725000000	-1.549596020
883.377258301	0.195000000	0.376839731
885.121948242	-2.075000000	-3.871528755
886.866455078	-0.100000000	-0.175855215
888.611083984	0.070000000	0.116815107
890.355651855	-1.200000000	-1.850748826
892.100280762	-0.420000000	-0.611364899
893.844848633	-1.055000000	-1.372304538
895.589416504	-0.225000000	-0.244443015
897.333984375	-0.915000000	-0.427560501
899.078613281	-0.305000000	-0.042314202
900.823181152	1.595000000	0.101774991
902.567749023	0.415000000	0.016292557
904.312377930	1.235000000	0.036348939
906.056945801	0.755000000	0.018956387
907.801452637	-0.360000000	-0.008179792
909.546081543	0.680000000	0.014494586
911.290649414	1.075000000	0.021655394
913.035278320	0.835000000	0.016096444
914.779907227	2.205000000	0.040826384
916.524353027	0.180000000	0.003221881
918.268920898	-1.005000000	-0.017285395
920.013549805	0.185000000	0.003060037
921.758117676	0.795000000	0.012650392
923.502624512	2.395000000	0.036774373
925.247253418	0.545000000	0.008095719
926.991760254	1.185000000	0.016943393
928.736328125	-1.510000000	-0.020707087
930.480957031	0.705000000	0.009320472
932.225402832	0.140000000	0.001786196
933.969970703	0.285000000	0.003538886
935.714538574	-1.060000000	-0.012697238
937.459045410	-0.045000000	-0.000519754
939.203552246	3.325000000	0.036802068
940.948120117	0.565000000	0.006034890
942.692626953	2.355000000	0.024311459
944.437133789	0.570000000	0.005740331
946.181701660	-0.030000000	-0.000292513
947.926208496	1.535000000	0.014595746
949.670654297	0.240000000	0.002201780
951.415161133	0.295000000	0.002616890
953.159667969	2.735000000	0.023466896
954.904113770	0.320000000	0.002671339
956.648620605	0.745000000	0.006043172
958.393127441	1.130000000	0.008908210
960.137634277	0.275000000	0.002118210
961.882141113	1.525000000	0.011475887
963.626525879	0.870000000	0.006354218
965.371032715	1.260000000	0.008975332
967.115478516	2.160000000	0.014959300
968.859863281	1.350000000	0.009172762
970.604309082	3.500000000	0.023327078
972.348754883	1.965000000	0.012922297
974.093200684	2.925000000	0.018805452
975.837646484	3.485000000	0.021997164
977.582031250	2.775000000	0.017137455
979.326416016	4.390000000	0.026545781
981.070861816	0.795000000	0.004687879
982.815246582	2.825000000	0.016301416
984.559631348	3.165000000	0.017869274
986.304016113	4.375000000	0.024240234
988.048339844	4.225000000	0.022994271
989.792724609	3.115000000	0.016668197
991.537170410	3.600000000	0.018865734
993.281433105	5.115000000	0.026270393
995.025817871	2.860000000	0.014437752
996.770141602	4.015000000	0.020013071
998.514404297	3.305000000	0.016135468
1000.258728027	3.680000000	0.017767922
1002.003051758	2.865000000	0.013664193
1003.747375488	3.440000000	0.016205773
1005.491699219	2.465000000	0.011484935
1007.235961914	3.990000000	0.018413140
1008.980224609	2.800000000	0.012721456
1010.724487305	3.735000000	0.016734363
1012.468811035	1.770000000	0.007823369
1014.212951660	2.725000000	0.011895547
1015.957214355	1.175000000	0.005059237
1017.701477051	3.425000000	0.014510197
1019.445739746	0.775000000	0.003230603
1021.189880371	2.845000000	0.011643945
1022.934082031	-0.200000000	-0.000804088
1024.678222656	1.170000000	0.004621500
1026.422607422	2.735000000	0.010645015
1028.166625977	0.715000000	0.002735121
1029.910766602	2.180000000	0.008177187
1031.654907227	2.565000000	0.009486749
1033.399047852	3.030000000	0.011039694
1035.143188477	2.395000000	0.008581282
1036.887329102	2.915000000	0.010280807
1038.631469727	3.645000000	0.012658015
1040.375488281	2.385000000	0.008171497
1042.119506836	3.200000000	0.010854404
1043.863525391	3.375000000	0.011332278
1045.607666016	2.865000000	0.009500662
1047.351684570	2.645000000	0.008687399
1049.095825195	2.715000000	0.008796662
1050.839843750	4.915000000	0.015669803
1052.583862305	4.425000000	0.013873669
1054.328002930	2.290000000	0.007068405
1056.071777344	0.390000000	0.001179862
1057.815795898	3.375000000	0.010020692
1059.559814453	4.250000000	0.012395305
1061.303833008	4.410000000	0.012673313
1063.047607422	3.945000000	0.011197116
1064.791625977	2.235000000	0.006249420
1066.535522461	3.190000000	0.008823414
1068.279418945	2.935000000	0.007970452
1070.023315430	3.925000000	0.010514251
1071.767089844	2.885000000	0.007617550
1073.510986328	3.825000000	0.009959749
1075.254760742	3.660000000	0.009373440
1076.998657227	5.060000000	0.012843289
1078.742553711	2.200000000	0.005505519
1080.486328125	4.130000000	0.010217203
1082.230102539	2.540000000	0.006198816
1083.973999023	4.445000000	0.010751407
1085.717773437	2.605000000	0.006232208
1087.461303711	3.525000000	0.008349106
1089.205078125	3.665000000	0.008601696
1090.948852539	2.095000000	0.004860490
1092.692626953	2.070000000	0.004758757
1094.436157227	2.145000000	0.004881578
1096.179931641	2.565000000	0.005767514
1097.923706055	3.575000000	0.007947713
1099.667114258	2.920000000	0.006407299
1101.410888672	3.935000000	0.008564559
1103.154418945	2.270000000	0.004884951
1104.898071289	3.185000000	0.006797382
1106.641601562	2.330000000	0.004927175
1108.385131836	2.985000000	0.006245060
1110.128784180	5.110000000	0.010609579
1111.872314453	3.355000000	0.006929498
1113.615844727	5.190000000	0.010637506
1115.359130859	5.155000000	0.010548064
1117.102783203	5.905000000	0.012038666
1118.846313477	5.935000000	0.012050551
1120.589721680	6.965000000	0.014071077
1122.333129883	8.850000000	0.017884586
1124.076538086	8.135000000	0.016326744
1125.820068359	8.580000000	0.017065418
1127.563354492	8.870000000	0.017527888
1129.306640625	4.855000000	0.009530652
1131.050048828	7.445000000	0.014550834
1132.793457031	8.030000000	0.015669873
1134.536621094	7.415000000	0.014438331
1136.279907227	9.215000000	0.017941378
1138.023193359	4.945000000	0.009476083
1139.766479492	6.815000000	0.012947132
1141.509765625	8.350000000	0.015605858
1143.253051758	7.855000000	0.014533214
1144.996215820	8.395000000	0.015441336
1146.739257812	6.330000000	0.011585624
1148.482543945	7.795000000	0.014125912
1150.225585937	8.585000000	0.015400451
1151.968750000	11.115000000	0.019795152
1153.711914062	10.315000000	0.018296083
1155.454956055	10.355000000	0.018139359
1157.197998047	10.230000000	0.017829881
1158.941040039	10.880000000	0.018750501
1160.684082031	8.795000000	0.015122029
1162.427001953	9.090000000	0.015509760
1164.170043945	8.085000000	0.013755278
1165.913085937	10.065000000	0.017044188
1167.656005859	10.250000000	0.017301577
1169.398925781	6.930000000	0.011614207
1171.141845703	8.855000000	0.014801686
1172.884765625	7.860000000	0.013011139
1174.627685547	7.095000000	0.011738563
1176.370483398	7.995000000	0.013167040
1178.113281250	8.055000000	0.013234078
1179.855957031	5.235000000	0.008570812
1181.598876953	6.035000000	0.009862121
1183.341674805	6.590000000	0.010688099
1185.084350586	6.215000000	0.010081753
1186.827026367	5.840000000	0.009397544
1188.569824219	4.965000000	0.007991358
1190.312377930	5.835000000	0.009340567
1192.055053711	5.880000000	0.009413243
1193.797607422	5.110000000	0.008108550
1195.540283203	4.345000000	0.006888183
1197.282836914	5.810000000	0.009186846
1199.025390625	6.750000000	0.010622116
1200.767944336	6.660000000	0.010455016
1202.510498047	6.675000000	0.010462603
1204.253051758	5.370000000	0.008357540
1205.995483398	5.455000000	0.008469560
1207.738037109	5.125000000	0.007900258
1209.480224609	6.805000000	0.010494508
1211.222778320	4.160000000	0.006376631
1212.965087891	2.615000000	0.004003754
1214.707397461	5.415000000	0.008241884
1216.449829102	2.115000000	0.003203813
1218.192138672	4.620000000	0.006960438
1219.934448242	5.175000000	0.007774785
1221.676635742	5.075000000	0.007568967
1223.418945312	4.825000000	0.007185958
1225.161132812	3.195000000	0.004716124
1226.903320312	3.765000000	0.005559657
1228.645507812	4.275000000	0.006282669
1230.387695312	4.175000000	0.006118146
1232.129638672	3.195000000	0.004660019
1233.871826172	4.695000000	0.006873719
1235.613891602	4.140000000	0.006041183
1237.355834961	4.270000000	0.006283572
1239.098022461	3.245000000	0.004751264
1240.839843750	3.935000000	0.005765802
1242.581787109	4.360000000	0.006353625
1244.323730469	4.660000000	0.006740807
1246.065673828	5.055000000	0.007244896
1247.807739258	5.860000000	0.008363705
1249.549560547	5.255000000	0.007423667
1251.291381836	4.715000000	0.006682837
1253.032958984	3.025000000	0.004244765
1254.774902344	5.190000000	0.007300729
1256.516601562	5.155000000	0.007168480
1258.258300781	5.715000000	0.007945161
1260.000122070	5.340000000	0.007359815
1261.741699219	6.260000000	0.008601272
1263.483398437	9.160000000	0.012469969
1265.224975586	7.810000000	0.010617502
1266.966674805	7.165000000	0.009650174
1268.708129883	6.835000000	0.009189254
1270.449584961	6.020000000	0.008003044
1272.191162109	7.450000000	0.009923878
1273.932617187	9.210000000	0.012198682
1275.674194336	8.965000000	0.011856881
1277.415649414	7.390000000	0.009688781
1279.156982422	10.715000000	0.014091269
1280.898193359	8.035000000	0.010454899
1282.639648437	7.670000000	0.010006975
1284.380859375	6.870000000	0.008914101
1286.122192383	7.160000000	0.009290900
1287.863525391	11.195000000	0.014434136
1289.604736328	9.615000000	0.012372696
1291.345947266	5.270000000	0.006759273
1293.087036133	8.710000000	0.011185533
1294.828247070	8.985000000	0.011446318
1296.569213867	8.335000000	0.010649898
1298.310424805	6.180000000	0.007848033
1300.051391602	7.675000000	0.009745093
1301.792480469	5.505000000	0.006944744
1303.533325195	4.970000000	0.006247823
1305.274414062	6.325000000	0.007948138
1307.015380859	6.250000000	0.007872312
1308.756225586	6.830000000	0.008543551
1310.497192383	6.975000000	0.008764603
1312.237792969	6.340000000	0.007924091
1313.978759766	5.555000000	0.006943973
1315.719482422	7.030000000	0.008749427
1317.460205078	8.840000000	0.011058845
1319.201049805	6.955000000	0.008648646
1320.941772461	4.515000000	0.005640138
1322.682250977	4.895000000	0.006096675
1324.422851562	4.045000000	0.005047633
1326.163452148	5.185000000	0.006448769
1327.903930664	2.380000000	0.002971677
1329.644775391	4.465000000	0.005548210
1331.385131836	5.265000000	0.006565567
1333.125488281	4.645000000	0.005752689
1334.865966797	2.525000000	0.003128061
1336.606323242	5.800000000	0.007148400
1338.346801758	2.490000000	0.003079426
1340.087036133	5.650000000	0.006967318
1341.827392578	3.360000000	0.004155495
1343.567626953	3.775000000	0.004645350
1345.307861328	2.620000000	0.003241544
1347.048095703	4.410000000	0.005460991
1348.788208008	4.025000000	0.005059660
1350.528320312	4.080000000	0.005168827
1352.268432617	4.570000000	0.005868624
1354.008544922	2.745000000	0.003598500
1355.748535156	3.020000000	0.004043077
1357.488647461	3.895000000	0.005263208
1359.228393555	3.290000000	0.004544294
1360.968505859	2.290000000	0.003244736
1362.708251953	3.220000000	0.004613388
1364.448242187	1.350000000	0.001930589
1366.187988281	2.250000000	0.003195858
1367.927856445	3.670000000	0.005142493
1369.667602539	2.115000000	0.002971078
1371.407226562	2.510000000	0.003505221
1373.147094727	2.780000000	0.003891115
1374.886596680	3.455000000	0.004847777
1376.626464844	4.605000000	0.006647267
1378.365844727	0.625000000	0.000940684
1380.105346680	1.160000000	0.001864866
1381.844848633	1.870000000	0.003175638
1383.584472656	-0.850000000	-0.001484888
1385.323852539	-1.035000000	-0.001794663
1387.063232422	1.950000000	0.003351300
1388.802612305	-0.625000000	-0.001049194
1390.541992187	-1.500000000	-0.002546727
1392.281250000	0.625000000	0.001059026
1394.020507812	0.940000000	0.001569959
1395.759643555	0.175000000	0.000285757
1397.498901367	1.275000000	0.002003391
1399.238159180	1.455000000	0.002241993
1400.977294922	-0.125000000	-0.000188617
1402.716186523	-1.060000000	-0.001553499
1404.455322266	1.315000000	0.001928560
1406.194213867	0.240000000	0.000345604
1407.933227539	0.685000000	0.000982209
1409.672119141	3.370000000	0.004769217
1411.411132812	2.370000000	0.003326222
1413.149902344	1.105000000	0.001539036
1414.888671875	1.760000000	0.002443145
1416.627563477	0.595000000	0.000820709
1418.366088867	2.190000000	0.003037099
1420.105102539	1.090000000	0.001497591
1421.843627930	1.050000000	0.001438771
1423.582153320	-1.555000000	-0.002126957
1425.320922852	-0.500000000	-0.000682433
1427.059326172	0.430000000	0.000584588
1428.797851562	0.035000000	0.000047752
1430.536254883	0.140000000	0.000189321
1432.274780273	0.900000000	0.001223435
1434.013061523	0.285000000	0.000385918
1435.751586914	0.205000000	0.000278644
1437.489746094	0.785000000	0.001057812
1439.228149414	2.135000000	0.002878535
1440.966430664	0.555000000	0.000744422
1442.704467773	0.060000000	0.000080540
1444.442626953	1.725000000	0.002302306
1446.180664062	0.360000000	0.000482441
1447.918945312	1.460000000	0.001943759
1449.656860352	1.110000000	0.001490372
1451.395019531	0.840000000	0.001120889
1453.132812500	0.650000000	0.000870612
1454.870727539	-0.905000000	-0.001209701
1456.608642578	1.120000000	0.001502833
1458.346435547	0.860000000	0.001147020
1460.084228516	0.060000000	0.000080678
1461.821777344	0.265000000	0.000355936
1463.559692383	0.195000000	0.000264091
1465.297241211	0.660000000	0.000889766
1467.035034180	0.780000000	0.001056951
1468.772460937	2.790000000	0.003759677
1470.510009766	0.260000000	0.000353141
1472.247436523	2.495000000	0.003396354
1473.984985352	0.305000000	0.000417500
1475.722412109	-0.820000000	-0.001115254
1477.459716797	1.945000000	0.002663507
1479.197143555	-0.260000000	-0.000354217
1480.934326172	0.030000000	0.000041115
1482.671752930	0.790000000	0.001078443
1484.408813477	2.260000000	0.003089448
1486.145874023	0.665000000	0.000906633
1487.883056641	-0.030000000	-0.000041150
1489.620117187	1.615000000	0.002205827
1491.357177734	0.590000000	0.000808560
1493.094116211	2.790000000	0.003796520
1494.831176758	1.010000000	0.001386045
1496.567871094	-0.095000000	-0.000130347
1498.304809570	-0.815000000	-0.001122137
1500.041625977	1.855000000	0.002541946
1501.778320312	1.905000000	0.002619009
1503.515014648	1.745000000	0.002397024
1505.251831055	3.005000000	0.004160383
1506.988403320	-0.870000000	-0.001204132
1508.724853516	2.495000000	0.003475325
1510.461669922	0.335000000	0.000465956
1512.197998047	1.535000000	0.002137470
1513.934326172	0.545000000	0.000757520
1515.670898437	1.015000000	0.001413155
1517.407104492	0.900000000	0.001246103
1519.143554687	1.205000000	0.001674142
1520.879638672	-0.490000000	-0.000679577
1522.615966797	-0.220000000	-0.000307046
1524.352172852	-0.810000000	-0.001127967
1526.088256836	1.670000000	0.002339781
1527.824340820	1.990000000	0.002785355
1529.560424805	1.080000000	0.001523243
1531.296386719	0.860000000	0.001210657
1533.032348633	1.585000000	0.002231805
1534.768310547	1.455000000	0.002048814
1536.504028320	1.150000000	0.001627227
1538.239990234	-0.110000000	-0.000155476
1539.975585937	2.665000000	0.003788854
1541.711425781	0.555000000	0.000788682
1543.447021484	-0.585000000	-0.000840579
1545.182617187	2.845000000	0.004070552
1546.918212891	0.350000000	0.000503188
1548.653686523	1.205000000	0.001728484
1550.389282227	2.115000000	0.003057357
1552.124511719	1.240000000	0.001792991
1553.859985352	0.480000000	0.000702233
1555.595336914	-1.395000000	-0.002040203
1557.330688477	1.380000000	0.002044604
1559.065795898	-0.130000000	-0.000191773
1560.801025391	2.010000000	0.002981709
1562.536132812	-0.015000000	-0.000022194
1564.271362305	1.105000000	0.001656920
1566.006347656	1.090000000	0.001638000
1567.741210937	0.855000000	0.001297333
1569.476318359	-1.585000000	-0.002396049
1571.211059570	0.390000000	0.000593530
1572.946044922	0.815000000	0.001244550
1574.680786133	0.210000000	0.000324275
1576.415527344	-0.500000000	-0.000772220
1578.150268555	0.370000000	0.000580464
1579.884887695	-0.285000000	-0.000448681
1581.619506836	-0.435000000	-0.000687930
1583.353881836	0.385000000	0.000607390
1585.088500977	1.735000000	0.002773244
1586.822875977	0.295000000	0.000473968
1588.557250977	-0.270000000	-0.000440708
1590.291625977	0.450000000	0.000739547
1592.026000977	-0.200000000	-0.000335805
1593.760131836	0.350000000	0.000592587
1595.494506836	-1.690000000	-0.002937194
1597.228515625	0.480000000	0.000858128
1598.962524414	1.340000000	0.002517410
1600.696777344	1.135000000	0.002246200
1602.430541992	-0.175000000	-0.000375615
1604.164550781	-1.075000000	-0.002539694
1605.898437500	0.645000000	0.001732936
1607.632202148	-0.190000000	-0.000587382
1609.366088867	0.510000000	0.001873022
1611.099731445	0.100000000	0.000433985
1612.833496094	-0.670000000	-0.003524473
1614.567016602	0.140000000	0.000880704
1616.300781250	0.040000000	0.000303962
1618.034179687	0.130000000	0.001170160
1619.767700195	-0.820000000	-0.008736338
1621.501098633	-1.240000000	-0.015386061
1623.234497070	-2.115000000	-0.030612684
1624.967773437	-0.640000000	-0.010562715
1626.700927734	-0.145000000	-0.002731861
1628.434204102	2.305000000	0.049170183
1630.167236328	-1.290000000	-0.031081344
1631.900390625	0.290000000	0.007793866
1633.633422852	1.205000000	0.036244313
1635.366455078	0.010000000	0.000333283
1637.099365234	-2.000000000	-0.075189792
1638.832275391	-0.210000000	-0.008701333
1640.565063477	2.500000000	0.115011466
1642.297851562	-0.395000000	-0.019853280
1644.030639648	0.460000000	0.025766594
1645.763183594	0.085000000	0.005232106
1647.495849609	0.565000000	0.038784625
1649.228393555	1.455000000	0.109911733
1650.960937500	-0.525000000	-0.044026548
1652.693359375	-0.770000000	-0.070909758
1654.425781250	0.465000000	0.047610507
1656.158081055	0.320000000	0.036319632
1657.890258789	-2.095000000	-0.265890212
1659.622558594	-1.495000000	-0.207925008
1661.354614258	2.180000000	0.338956870
1663.086914062	-0.235000000	-0.040148146
1664.818847656	1.130000000	0.214387368
1666.550781250	0.355000000	0.073714711
1668.282836914	-1.925000000	-0.442355390
1670.014648437	-0.880000000	-0.218879561
1671.746582031	-0.745000000	-0.203886719
1673.478271484	0.370000000	0.108407453
1675.210083008	-0.775000000	-0.247415636
1676.941650391	0.095000000	0.032487385
1678.673339844	1.695000000	0.620191160
1680.404785156	0.955000000	0.370574493
1682.136230469	1.735000000	0.711175892
1683.867797852	1.215000000	0.519144273
1685.599121094	-0.185000000	-0.082997533
1687.330566406	-0.150000000	-0.068863674
1689.061645508	1.095000000	0.523669301
1690.792968750	0.010000000	0.004924627
1692.524047852	-0.895000000	-0.452862809
1694.255126953	-0.115000000	-0.059276103
1695.986206055	0.175000000	0.091078267
1697.717163086	2.125000000	1.130764390
1699.448120117	0.815000000	0.438980770
1701.178710937	1.115000000	0.602183105
1702.909667969	-0.470000000	-0.257063586
1704.640380859	1.295000000	0.719151953
