815.339416504	-5.940000000	-0.019311812
817.083923340	-5.520000000	-0.017946330
818.828369141	-5.620000000	-0.018303670
820.572937012	-2.820000000	-0.009184404
822.317443848	-10.060000000	-0.029130161
824.061950684	-9.040000000	-0.029442202
825.806457520	-7.320000000	-0.023840367
827.551025391	-5.340000000	-0.015462729
829.295532227	-4.280000000	-0.012393349
831.040100098	-6.040000000	-0.017524312
832.784606934	-5.360000000	-0.015551376
834.529113770	-3.820000000	-0.009068119
836.273681641	-7.120000000	-0.016901835
838.018249512	-6.180000000	-0.014670413
839.762817383	-5.020000000	-0.011916743
841.507324219	-8.900000000	-0.019341170
843.251892090	-6.640000000	-0.013325688
844.996459961	-7.340000000	-0.013678326
846.741088867	-6.180000000	-0.010099197
848.485534668	-8.700000000	-0.011373853
850.230163574	-7.180000000	-0.003989083
851.974731445	-6.440000000	-0.001313712
853.719360352	-7.600000000	-0.000787432
855.463928223	-6.680000000	-0.000442634
857.208496094	-7.540000000	-0.000380726
858.953063965	-4.540000000	-0.000190209
860.697631836	-8.420000000	-0.000312137
862.442260742	-9.360000000	-0.000311528
864.186767578	-6.740000000	-0.000203755
865.931396484	-5.040000000	-0.000138674
867.675964355	-7.340000000	-0.000186563
869.420593262	-9.380000000	-0.000221120
871.165161133	-6.200000000	-0.000135687
872.909729004	-4.580000000	-0.000093021
874.654296875	-6.100000000	-0.000115233
876.398925781	-7.340000000	-0.000129769
878.143493652	-6.440000000	-0.000107264
879.888061523	-7.720000000	-0.000120807
881.632690430	-4.880000000	-0.000071843
883.377258301	-3.400000000	-0.000047179
885.121948242	-2.720000000	-0.000035689
886.866455078	-2.880000000	-0.000035802
888.611083984	-4.560000000	-0.000054022
890.355651855	-3.200000000	-0.000036081
892.100280762	-6.440000000	-0.000068838
893.844848633	-4.940000000	-0.000049761
895.589416504	-4.860000000	-0.000046215
897.333984375	-4.440000000	-0.000039149
899.078613281	-5.260000000	-0.000042488
900.823181152	-5.020000000	-0.000036552
902.567749023	-6.680000000	-0.000043731
904.312377930	-2.560000000	-0.000015302
906.056945801	-3.940000000	-0.000022005
907.801452637	-2.840000000	-0.000014966
909.546081543	-1.300000000	-0.000006538
911.290649414	-0.420000000	-0.000002019
913.035278320	-3.360000000	-0.000015503
914.779907227	-1.100000000	-0.000004882
916.524353027	-3.620000000	-0.000015506
918.268920898	-1.220000000	-0.000005055
920.013549805	-2.580000000	-0.000010379
921.758117676	-0.200000000	-0.000000777
923.502624512	-0.860000000	-0.000003208
925.247253418	-1.240000000	-0.000004471
926.991760254	-1.800000000	-0.000006255
928.736328125	-1.940000000	-0.000006514
930.480957031	-2.900000000	-0.000009399
932.225402832	1.600000000	0.000005006
933.969970703	3.240000000	0.000009797
935.714538574	2.820000000	0.000008269
937.459045410	-2.060000000	-0.000005839
939.203552246	2.280000000	0.000006247
940.948120117	-0.040000000	-0.000000106
942.692626953	1.820000000	0.000004662
944.437133789	-2.920000000	-0.000007275
946.181701660	1.060000000	0.000002561
947.926208496	1.800000000	0.000004215
949.670654297	3.240000000	0.000007364
951.415161133	3.300000000	0.000007282
953.159667969	6.840000000	0.000014558
954.904113770	4.840000000	0.000010102
956.648620605	11.040000000	0.000022409
958.393127441	10.840000000	0.000021378
960.137634277	17.820000000	0.000034267
961.882141113	16.920000000	0.000031730
963.626525879	23.940000000	0.000043628
965.371032715	28.740000000	0.000051192
967.115478516	32.580000000	0.000056745
968.859863281	38.540000000	0.000065813
970.604309082	41.300000000	0.000069071
972.348754883	44.880000000	0.000074132
974.093200684	47.600000000	0.000077310
975.837646484	51.560000000	0.000082163
977.582031250	61.040000000	0.000095174
979.326416016	70.120000000	0.000107448
981.070861816	76.220000000	0.000113999
982.815246582	87.560000000	0.000128224
984.559631348	95.980000000	0.000138039
986.304016113	107.460000000	0.000151975
988.048339844	112.740000000	0.000157089
989.792724609	122.080000000	0.000167026
991.537170410	124.180000000	0.000165460
993.281433105	126.700000000	0.000165528
995.025817871	123.320000000	0.000158724
996.770141602	119.380000000	0.000151387
998.514404297	111.980000000	0.000139726
1000.258728027	103.020000000	0.000127272
1002.003051758	96.800000000	0.000118341
1003.747375488	87.400000000	0.000105016
1005.491699219	80.520000000	0.000095605
1007.235961914	74.120000000	0.000087584
1008.980224609	71.160000000	0.000083058
1010.724487305	67.580000000	0.000077596
1012.468811035	63.700000000	0.000072308
1014.212951660	58.140000000	0.000065101
1015.957214355	52.880000000	0.000058381
1017.701477051	48.880000000	0.000053190
1019.445739746	50.140000000	0.000053388
1021.189880371	52.080000000	0.000054528
1022.934082031	50.880000000	0.000052196
1024.678222656	53.180000000	0.000053823
1026.422607422	57.400000000	0.000057167
1028.166625977	60.380000000	0.000058924
1029.910766602	57.380000000	0.000055356
1031.654907227	61.480000000	0.000058227
1033.399047852	66.140000000	0.000061850
1035.143188477	72.480000000	0.000066875
1036.887329102	76.420000000	0.000069213
1038.631469727	76.680000000	0.000068590
1040.375488281	76.740000000	0.000067756
1042.119506836	77.480000000	0.000067518
1043.863525391	77.400000000	0.000066524
1045.607666016	77.600000000	0.000066176
1047.351684570	74.420000000	0.000062746
1049.095825195	71.660000000	0.000060082
1050.839843750	70.040000000	0.000057861
1052.583862305	66.280000000	0.000054049
1054.328002930	64.380000000	0.000051378
1056.071777344	66.420000000	0.000051965
1057.815795898	63.220000000	0.000048433
1059.559814453	60.420000000	0.000045478
1061.303833008	61.920000000	0.000046107
1063.047607422	59.400000000	0.000043458
1064.791625977	59.680000000	0.000042932
1066.535522461	60.500000000	0.000043122
1068.279418945	60.100000000	0.000042152
1070.023315430	62.540000000	0.000043415
1071.767089844	58.460000000	0.000040066
1073.510986328	60.420000000	0.000040806
1075.254760742	58.760000000	0.000039185
1076.998657227	58.620000000	0.000038607
1078.742553711	56.300000000	0.000036674
1080.486328125	56.100000000	0.000036040
1082.230102539	56.880000000	0.000035963
1083.973999023	56.360000000	0.000035385
1085.717773437	51.980000000	0.000032282
1087.461303711	55.080000000	0.000033836
1089.205078125	58.020000000	0.000035244
1090.948852539	53.680000000	0.000032130
1092.692626953	51.380000000	0.000030513
1094.436157227	56.820000000	0.000033457
1096.179931641	55.240000000	0.000032229
1097.923706055	58.180000000	0.000033540
1099.667114258	60.800000000	0.000034741
1101.410888672	65.540000000	0.000037106
1103.154418945	69.240000000	0.000038747
1104.898071289	72.200000000	0.000039942
1106.641601562	79.040000000	0.000043502
1108.385131836	85.820000000	0.000046741
1110.128784180	93.820000000	0.000050696
1111.872314453	103.940000000	0.000055639
1113.615844727	110.660000000	0.000058987
1115.359130859	121.320000000	0.000064367
1117.102783203	128.000000000	0.000067530
1118.846313477	137.740000000	0.000072378
1120.589721680	149.500000000	0.000078042
1122.333129883	159.100000000	0.000083073
1124.076538086	167.840000000	0.000087412
1125.820068359	171.980000000	0.000088700
1127.563354492	182.900000000	0.000093485
1129.306640625	188.040000000	0.000096170
1131.050048828	188.220000000	0.000095322
1132.793457031	184.460000000	0.000093024
1134.536621094	191.100000000	0.000096651
1136.279907227	186.860000000	0.000093949
1138.023193359	187.260000000	0.000092321
1139.766479492	181.100000000	0.000088997
1141.509765625	180.780000000	0.000087756
1143.253051758	178.240000000	0.000085806
1144.996215820	185.740000000	0.000089023
1146.739257812	185.820000000	0.000087771
1148.482543945	185.220000000	0.000086806
1150.225585937	200.160000000	0.000092203
1151.968750000	201.040000000	0.000091808
1153.711914062	204.980000000	0.000093057
1155.454956055	211.560000000	0.000094640
1157.197998047	209.760000000	0.000092790
1158.941040039	207.240000000	0.000091384
1160.684082031	202.220000000	0.000089257
1162.427001953	198.620000000	0.000087369
1164.170043945	196.600000000	0.000085977
1165.913085937	186.020000000	0.000080631
1167.656005859	178.060000000	0.000076925
1169.398925781	170.620000000	0.000073037
1171.141845703	165.000000000	0.000070083
1172.884765625	161.460000000	0.000067708
1174.627685547	154.600000000	0.000064778
1176.370483398	150.000000000	0.000062110
1178.113281250	144.880000000	0.000059291
1179.855957031	139.180000000	0.000057295
1181.598876953	137.800000000	0.000056572
1183.341674805	131.700000000	0.000053807
1185.084350586	132.560000000	0.000053952
1186.827026367	123.640000000	0.000049734
1188.569824219	122.880000000	0.000049623
1190.312377930	119.120000000	0.000047838
1192.055053711	114.380000000	0.000045430
1193.797607422	110.060000000	0.000043493
1195.540283203	112.400000000	0.000044292
1197.282836914	107.060000000	0.000042035
1199.025390625	102.520000000	0.000040101
1200.767944336	100.900000000	0.000039078
1202.510498047	97.400000000	0.000037490
1204.253051758	97.660000000	0.000037370
1205.995483398	94.040000000	0.000036065
1207.738037109	90.480000000	0.000034481
1209.480224609	91.820000000	0.000034678
1211.222778320	88.780000000	0.000033395
1212.965087891	86.280000000	0.000032462
1214.707397461	86.320000000	0.000032305
1216.449829102	80.920000000	0.000029907
1218.192138672	80.500000000	0.000029597
1219.934448242	79.900000000	0.000029392
1221.676635742	79.700000000	0.000029016
1223.418945312	76.680000000	0.000027646
1225.161132812	78.720000000	0.000028339
1226.903320312	73.520000000	0.000026509
1228.645507812	73.380000000	0.000026182
1230.387695312	68.780000000	0.000024416
1232.129638672	75.380000000	0.000026816
1233.871826172	70.540000000	0.000025114
1235.613891602	70.720000000	0.000025080
1237.355834961	71.560000000	0.000025274
1239.098022461	71.560000000	0.000025344
1240.839843750	67.540000000	0.000023791
1242.581787109	71.040000000	0.000024804
1244.323730469	73.120000000	0.000025204
1246.065673828	78.320000000	0.000026896
1247.807739258	81.920000000	0.000028012
1249.549560547	82.120000000	0.000027790
1251.291381836	86.120000000	0.000029229
1253.032958984	89.300000000	0.000029969
1254.774902344	92.100000000	0.000031006
1256.516601562	91.100000000	0.000030318
1258.258300781	94.100000000	0.000031383
1260.000122070	96.100000000	0.000031615
1261.741699219	98.220000000	0.000031922
1263.483398437	98.280000000	0.000031723
1265.224975586	101.820000000	0.000032486
1266.966674805	105.920000000	0.000033816
1268.708129883	105.700000000	0.000033658
1270.449584961	110.420000000	0.000034887
1272.191162109	111.100000000	0.000034868
1273.932617187	113.740000000	0.000035342
1275.674194336	114.460000000	0.000035541
1277.415649414	112.080000000	0.000034459
1279.156982422	119.000000000	0.000036939
1280.898193359	114.300000000	0.000035250
1282.639648437	119.640000000	0.000036657
1284.380859375	120.900000000	0.000036952
1286.122192383	121.280000000	0.000037040
1287.863525391	124.600000000	0.000037811
1289.604736328	125.980000000	0.000038127
1291.345947266	124.460000000	0.000037757
1293.087036133	123.980000000	0.000037283
1294.828247070	122.280000000	0.000036516
1296.569213867	121.300000000	0.000036026
1298.310424805	121.660000000	0.000036401
1300.051391602	118.940000000	0.000035680
1301.792480469	118.960000000	0.000035412
1303.533325195	119.440000000	0.000035505
1305.274414062	115.480000000	0.000034112
1307.015380859	112.900000000	0.000033225
1308.756225586	114.000000000	0.000033603
1310.497192383	109.900000000	0.000032456
1312.237792969	109.260000000	0.000031919
1313.978759766	106.660000000	0.000031131
1315.719482422	104.100000000	0.000030336
1317.460205078	98.840000000	0.000028854
1319.201049805	100.180000000	0.000029184
1320.941772461	96.280000000	0.000027812
1322.682250977	98.340000000	0.000028559
1324.422851562	92.240000000	0.000026905
1326.163452148	88.320000000	0.000025552
1327.903930664	88.780000000	0.000025608
1329.644775391	83.040000000	0.000023942
1331.385131836	81.540000000	0.000023505
1333.125488281	81.660000000	0.000023680
1334.865966797	75.900000000	0.000021998
1336.606323242	74.540000000	0.000021436
1338.346801758	73.920000000	0.000021300
1340.087036133	72.220000000	0.000020897
1341.827392578	71.460000000	0.000020605
1343.567626953	66.520000000	0.000019281
1345.307861328	65.140000000	0.000018959
1347.048095703	68.660000000	0.000020131
1348.788208008	61.820000000	0.000018529
1350.528320312	58.000000000	0.000017711
1352.268432617	57.840000000	0.000017988
1354.008544922	49.780000000	0.000016244
1355.748535156	47.780000000	0.000016645
1357.488647461	45.700000000	0.000016790
1359.228393555	43.260000000	0.000016907
1360.968505859	36.600000000	0.000015224
1362.708251953	38.820000000	0.000016514
1364.448242187	37.480000000	0.000015605
1366.187988281	39.940000000	0.000016069
1367.927856445	39.540000000	0.000015549
1369.667602539	36.840000000	0.000014247
1371.407226562	38.140000000	0.000014433
1373.147094727	32.160000000	0.000012161
1374.886596680	33.680000000	0.000013018
1376.626464844	26.960000000	0.000010548
1378.365844727	26.980000000	0.000011099
1380.105346680	22.460000000	0.000009988
1381.844848633	20.960000000	0.000009878
1383.584472656	20.080000000	0.000009563
1385.323852539	18.960000000	0.000008920
1387.063232422	17.780000000	0.000008352
1388.802612305	14.940000000	0.000006883
1390.541992187	14.380000000	0.000006743
1392.281250000	13.020000000	0.000006184
1394.020507812	11.700000000	0.000005485
1395.759643555	13.140000000	0.000006099
1397.498901367	11.780000000	0.000005327
1399.238159180	9.200000000	0.000004260
1400.977294922	8.900000000	0.000004193
1402.716186523	6.640000000	0.000003178
1404.455322266	8.360000000	0.000004198
1406.194213867	2.000000000	0.000001055
1407.933227539	2.400000000	0.000001356
1409.672119141	1.300000000	0.000000767
1411.411132812	4.140000000	0.000002524
1413.149902344	0.740000000	0.000000461
1414.888671875	3.700000000	0.000002264
1416.627563477	2.120000000	0.000001248
1418.366088867	1.960000000	0.000001117
1420.105102539	3.800000000	0.000002058
1421.843627930	2.680000000	0.000001390
1423.582153320	3.240000000	0.000001643
1425.320922852	5.200000000	0.000002580
1427.059326172	1.920000000	0.000000937
1428.797851562	1.440000000	0.000000704
1430.536254883	-0.660000000	-0.000000321
1432.274780273	4.440000000	0.000002180
1434.013061523	-1.380000000	-0.000000679
1435.751586914	-2.540000000	-0.000001263
1437.489746094	2.500000000	0.000001263
1439.228149414	-0.160000000	-0.000000081
1440.966430664	0.160000000	0.000000082
1442.704467773	-2.080000000	-0.000001083
1444.442626953	-2.780000000	-0.000001515
1446.180664062	-1.820000000	-0.000001065
1447.918945312	-2.020000000	-0.000001269
1449.656860352	-4.200000000	-0.000002822
1451.395019531	-3.900000000	-0.000002729
1453.132812500	-3.420000000	-0.000002349
1454.870727539	-1.260000000	-0.000000813
1456.608642578	0.240000000	0.000000145
1458.346435547	-0.020000000	-0.000000011
1460.084228516	1.080000000	0.000000592
1461.821777344	3.320000000	0.000001769
1463.559692383	-0.720000000	-0.000000384
1465.297241211	1.360000000	0.000000735
1467.035034180	0.360000000	0.000000199
1468.772460937	1.940000000	0.000001097
1470.510009766	0.980000000	0.000000585
1472.247436523	0.360000000	0.000000227
1473.984985352	-2.920000000	-0.000001941
1475.722412109	-1.660000000	-0.000001160
1477.459716797	-3.060000000	-0.000002264
1479.197143555	-1.560000000	-0.000001193
1480.934326172	-1.560000000	-0.000001203
1482.671752930	-0.160000000	-0.000000121
1484.408813477	-1.600000000	-0.000001171
1486.145874023	-3.880000000	-0.000002701
1487.883056641	1.400000000	0.000000934
1489.620117187	-1.160000000	-0.000000749
1491.357177734	-0.300000000	-0.000000187
1493.094116211	-2.160000000	-0.000001300
1494.831176758	-3.160000000	-0.000001874
1496.567871094	1.220000000	0.000000715
1498.304809570	-0.560000000	-0.000000329
1500.041625977	-0.840000000	-0.000000501
1501.778320312	0.140000000	0.000000085
1503.515014648	-4.500000000	-0.000002787
1505.251831055	2.200000000	0.000001395
1506.988403320	-3.480000000	-0.000002278
1508.724853516	-0.980000000	-0.000000662
1510.461669922	-3.400000000	-0.000002293
1512.197998047	-4.620000000	-0.000003108
1513.934326172	-2.400000000	-0.000001621
1515.670898437	-1.240000000	-0.000000827
1517.407104492	0.460000000	0.000000299
1519.143554687	-2.280000000	-0.000001456
1520.879638672	0.660000000	0.000000411
1522.615966797	-1.320000000	-0.000000805
1524.352172852	2.300000000	0.000001367
1526.088256836	0.440000000	0.000000263
1527.824340820	-2.740000000	-0.000001639
1529.560424805	-1.120000000	-0.000000661
1531.296386719	-1.560000000	-0.000000908
1533.032348633	-2.680000000	-0.000001560
1534.768310547	-3.500000000	-0.000002055
1536.504028320	-0.080000000	-0.000000048
1538.239990234	-0.980000000	-0.000000596
1539.975585937	-2.060000000	-0.000001283
1541.711425781	-3.580000000	-0.000002263
1543.447021484	-0.200000000	-0.000000131
1545.182617187	0.140000000	0.000000094
1546.918212891	-1.580000000	-0.000001097
1548.653686523	-1.360000000	-0.000000967
1550.389282227	-1.000000000	-0.000000731
1552.124511719	-2.280000000	-0.000001692
1553.859985352	-6.580000000	-0.000005035
1555.595336914	-1.080000000	-0.000000832
1557.330688477	-1.680000000	-0.000001296
1559.065795898	-4.380000000	-0.000003323
1560.801025391	-2.420000000	-0.000001809
1562.536132812	-4.940000000	-0.000003571
1564.271362305	-1.180000000	-0.000000833
1566.006347656	-1.660000000	-0.000001149
1567.741210937	-0.860000000	-0.000000584
1569.476318359	-3.420000000	-0.000002255
1571.211059570	-4.560000000	-0.000002955
1572.946044922	-0.680000000	-0.000000437
1574.680786133	-1.420000000	-0.000000921
1576.415527344	-2.780000000	-0.000001815
1578.150268555	-2.760000000	-0.000001869
1579.884887695	1.620000000	0.000001123
1581.619506836	-2.100000000	-0.000001504
1583.353881836	-2.320000000	-0.000001750
1585.088500977	-0.060000000	-0.000000048
1586.822875977	-3.440000000	-0.000002847
1588.557250977	-5.660000000	-0.000004834
1590.291625977	-6.240000000	-0.000005382
1592.026000977	-4.240000000	-0.000003765
1593.760131836	-3.640000000	-0.000003225
1595.494506836	-5.820000000	-0.000005134
1597.228515625	-2.760000000	-0.000002450
1598.962524414	-0.940000000	-0.000000873
1600.696777344	-5.440000000	-0.000005436
1602.430541992	-2.120000000	-0.000002383
1604.164550781	-2.520000000	-0.000003217
1605.898437500	-7.040000000	-0.000010648
1607.632202148	-6.320000000	-0.000011580
1609.366088867	-6.520000000	-0.000014467
1611.099731445	-7.080000000	-0.000018829
1612.833496094	-3.140000000	-0.000010296
1614.567016602	-5.660000000	-0.000022245
1616.300781250	-9.520000000	-0.000045106
1618.034179687	-9.900000000	-0.000054461
1619.767700195	-6.640000000	-0.000043187
1621.501098633	-8.840000000	-0.000067288
1623.234497070	-7.560000000	-0.000066105
1624.967773437	-7.560000000	-0.000074881
1626.700927734	-4.080000000	-0.000046065
1628.434204102	-7.580000000	-0.000096550
1630.167236328	-8.760000000	-0.000127168
1631.900390625	-7.520000000	-0.000122986
1633.633422852	-7.560000000	-0.000139746
1635.366455078	-8.800000000	-0.000183366
1637.099365234	-9.040000000	-0.000214048
1638.832275391	-6.180000000	-0.000166182
1640.565063477	-6.220000000	-0.000187261
1642.297851562	-5.580000000	-0.000186259
1644.030639648	-7.500000000	-0.000283503
1645.763183594	-6.480000000	-0.000275119
1647.495849609	-4.220000000	-0.000201979
1649.228393555	-4.760000000	-0.000249620
1650.960937500	-9.120000000	-0.000536124
1652.693359375	-8.940000000	-0.000579362
1654.425781250	-6.860000000	-0.000482973
1656.158081055	-6.400000000	-0.000484371
1657.890258789	-8.920000000	-0.000744078
1659.622558594	-8.600000000	-0.000757535
1661.354614258	-6.420000000	-0.000619166
1663.086914062	-5.180000000	-0.000519446
1664.818847656	-5.340000000	-0.000571368
1666.550781250	-4.540000000	-0.000513650
1668.282836914	-7.700000000	-0.000923717
1670.014648437	-8.860000000	-0.001098488
1671.746582031	-5.640000000	-0.000733908
1673.478271484	-6.200000000	-0.000848557
1675.210083008	-7.560000000	-0.001040406
1676.941650391	-9.260000000	-0.001322322
1678.673339844	-5.260000000	-0.000755443
1680.404785156	-7.400000000	-0.001069202
1682.136230469	-8.980000000	-0.001348092
1683.867797852	-8.440000000	-0.001234326
1685.599121094	-7.620000000	-0.001158043
1687.330566406	-9.720000000	-0.001416879
1689.061645508	-5.100000000	-0.000760105
1690.792968750	-6.560000000	-0.000925430
1692.524047852	-5.180000000	-0.000746888
1694.255126953	-5.200000000	-0.000701779
1695.986206055	-6.020000000	-0.000774333
1697.717163086	-5.540000000	-0.000640445
1699.448120117	-8.200000000	-0.000703018
1701.178710937	-7.280000000	-0.000367183
1702.909667969	-6.920000000	-0.000197381
1704.640380859	-6.500000000	-0.000119200
