815.339416504	-0.440000000	-0.001430505
817.083923340	1.010000000	0.003283658
818.828369141	-0.920000000	-0.002996330
820.572937012	1.400000000	0.004559633
822.317443848	0.980000000	0.002837729
824.061950684	-1.660000000	-0.005406422
825.806457520	-1.500000000	-0.004885321
827.551025391	-0.120000000	-0.000347477
829.295532227	-1.290000000	-0.003735378
831.040100098	0.230000000	0.000667317
832.784606934	1.480000000	0.004294037
834.529113770	0.270000000	0.000640940
836.273681641	2.050000000	0.004866399
838.018249512	-1.000000000	-0.002373853
839.762817383	-3.160000000	-0.007501376
841.507324219	-0.170000000	-0.000369438
843.251892090	-5.150000000	-0.010335436
844.996459961	3.050000000	0.005683773
846.741088867	-1.130000000	-0.001846617
848.485534668	0.410000000	0.000536009
850.230163574	-0.140000000	-0.000077782
851.974731445	0.490000000	0.000099956
853.719360352	-1.320000000	-0.000136765
855.463928223	1.190000000	0.000078853
857.208496094	-1.890000000	-0.000095434
858.953063965	1.650000000	0.000069129
860.697631836	-0.520000000	-0.000019277
862.442260742	1.750000000	0.000058245
864.186767578	2.010000000	0.000060764
865.931396484	3.430000000	0.000094376
867.675964355	1.900000000	0.000048293
869.420593262	1.250000000	0.000029467
871.165161133	0.700000000	0.000015319
872.909729004	-0.570000000	-0.000011577
874.654296875	1.300000000	0.000024558
876.398925781	1.080000000	0.000019094
878.143493652	-1.630000000	-0.000027149
879.888061523	2.180000000	0.000034114
881.632690430	0.620000000	0.000009128
883.377258301	1.550000000	0.000021508
885.121948242	1.070000000	0.000014039
886.866455078	2.810000000	0.000034932
888.611083984	2.800000000	0.000033171
890.355651855	2.530000000	0.000028527
892.100280762	3.340000000	0.000035702
893.844848633	2.800000000	0.000028205
895.589416504	2.960000000	0.000028148
897.333984375	1.330000000	0.000011727
899.078613281	-0.490000000	-0.000003958
900.823181152	2.670000000	0.000019441
902.567749023	0.960000000	0.000006285
904.312377930	2.480000000	0.000014824
906.056945801	3.110000000	0.000017370
907.801452637	4.500000000	0.000023713
909.546081543	2.440000000	0.000012271
911.290649414	2.810000000	0.000013507
913.035278320	1.430000000	0.000006598
914.779907227	3.480000000	0.000015445
916.524353027	1.950000000	0.000008353
918.268920898	3.230000000	0.000013384
920.013549805	2.650000000	0.000010660
921.758117676	3.980000000	0.000015468
923.502624512	3.560000000	0.000013280
925.247253418	4.420000000	0.000015936
926.991760254	4.120000000	0.000014316
928.736328125	2.330000000	0.000007824
930.480957031	2.220000000	0.000007195
932.225402832	1.510000000	0.000004724
933.969970703	2.440000000	0.000007378
935.714538574	2.120000000	0.000006216
937.459045410	1.920000000	0.000005442
939.203552246	0.570000000	0.000001562
940.948120117	4.780000000	0.000012653
942.692626953	6.770000000	0.000017342
944.437133789	4.450000000	0.000011087
946.181701660	4.640000000	0.000011210
947.926208496	4.090000000	0.000009576
949.670654297	3.120000000	0.000007091
951.415161133	5.320000000	0.000011740
953.159667969	6.680000000	0.000014218
954.904113770	2.740000000	0.000005719
956.648620605	4.960000000	0.000010068
958.393127441	4.980000000	0.000009821
960.137634277	8.490000000	0.000016326
961.882141113	4.790000000	0.000008983
963.626525879	7.650000000	0.000013941
965.371032715	7.840000000	0.000013965
967.115478516	8.840000000	0.000015397
968.859863281	7.950000000	0.000013576
970.604309082	7.470000000	0.000012493
972.348754883	10.780000000	0.000017806
974.093200684	11.110000000	0.000018045
975.837646484	8.030000000	0.000012796
977.582031250	8.790000000	0.000013705
979.326416016	11.280000000	0.000017285
981.070861816	9.790000000	0.000014643
982.815246582	11.950000000	0.000017500
984.559631348	11.840000000	0.000017028
986.304016113	14.110000000	0.000019955
988.048339844	10.820000000	0.000015076
989.792724609	13.750000000	0.000018812
991.537170410	12.450000000	0.000016589
993.281433105	12.390000000	0.000016187
995.025817871	12.920000000	0.000016629
996.770141602	14.760000000	0.000018717
998.514404297	11.130000000	0.000013888
1000.258728027	10.800000000	0.000013342
1002.003051758	11.420000000	0.000013961
1003.747375488	8.510000000	0.000010225
1005.491699219	9.540000000	0.000011327
1007.235961914	10.280000000	0.000012147
1008.980224609	8.740000000	0.000010201
1010.724487305	8.850000000	0.000010162
1012.468811035	10.060000000	0.000011419
1014.212951660	11.600000000	0.000012989
1015.957214355	7.370000000	0.000008137
1017.701477051	9.010000000	0.000009804
1019.445739746	9.650000000	0.000010275
1021.189880371	9.410000000	0.000009852
1022.934082031	8.880000000	0.000009110
1024.678222656	9.900000000	0.000010020
1026.422607422	8.960000000	0.000008924
1028.166625977	8.530000000	0.000008324
1029.910766602	11.690000000	0.000011278
1031.654907227	9.750000000	0.000009234
1033.399047852	11.230000000	0.000010502
1035.143188477	9.580000000	0.000008839
1036.887329102	10.920000000	0.000009890
1038.631469727	11.060000000	0.000009893
1040.375488281	12.440000000	0.000010984
1042.119506836	11.280000000	0.000009830
1043.863525391	12.410000000	0.000010666
1045.607666016	13.430000000	0.000011453
1047.351684570	13.770000000	0.000011610
1049.095825195	11.990000000	0.000010053
1050.839843750	13.760000000	0.000011367
1052.583862305	11.200000000	0.000009133
1054.328002930	12.410000000	0.000009904
1056.071777344	9.740000000	0.000007620
1057.815795898	13.320000000	0.000010205
1059.559814453	13.370000000	0.000010064
1061.303833008	15.500000000	0.000011542
1063.047607422	15.790000000	0.000011552
1064.791625977	14.990000000	0.000010783
1066.535522461	14.110000000	0.000010057
1068.279418945	16.500000000	0.000011572
1070.023315430	16.060000000	0.000011149
1071.767089844	16.090000000	0.000011027
1073.510986328	15.210000000	0.000010272
1075.254760742	13.570000000	0.000009049
1076.998657227	15.880000000	0.000010458
1078.742553711	13.600000000	0.000008859
1080.486328125	12.600000000	0.000008094
1082.230102539	13.610000000	0.000008605
1083.973999023	11.820000000	0.000007421
1085.717773437	11.250000000	0.000006987
1087.461303711	8.560000000	0.000005259
1089.205078125	12.480000000	0.000007581
1090.948852539	10.270000000	0.000006147
1092.692626953	11.730000000	0.000006966
1094.436157227	15.070000000	0.000008874
1096.179931641	12.020000000	0.000007013
1097.923706055	13.530000000	0.000007800
1099.667114258	16.360000000	0.000009348
1101.410888672	16.720000000	0.000009466
1103.154418945	19.040000000	0.000010655
1104.898071289	21.340000000	0.000011806
1106.641601562	20.350000000	0.000011200
1108.385131836	25.300000000	0.000013779
1110.128784180	22.440000000	0.000012125
1111.872314453	25.430000000	0.000013613
1113.615844727	27.670000000	0.000014749
1115.359130859	26.570000000	0.000014097
1117.102783203	29.760000000	0.000015701
1118.846313477	28.380000000	0.000014913
1120.589721680	30.060000000	0.000015692
1122.333129883	31.440000000	0.000016416
1124.076538086	29.690000000	0.000015463
1125.820068359	30.970000000	0.000015973
1127.563354492	31.850000000	0.000016279
1129.306640625	27.930000000	0.000014284
1131.050048828	31.010000000	0.000015705
1132.793457031	28.360000000	0.000014302
1134.536621094	29.800000000	0.000015072
1136.279907227	27.520000000	0.000013836
1138.023193359	28.760000000	0.000014179
1139.766479492	29.290000000	0.000014394
1141.509765625	27.520000000	0.000013359
1143.253051758	27.500000000	0.000013239
1144.996215820	28.080000000	0.000013458
1146.739257812	29.890000000	0.000014118
1148.482543945	32.220000000	0.000015100
1150.225585937	29.920000000	0.000013783
1151.968750000	31.390000000	0.000014335
1153.711914062	31.910000000	0.000014487
1155.454956055	33.930000000	0.000015178
1157.197998047	35.810000000	0.000015841
1158.941040039	33.160000000	0.000014622
1160.684082031	32.350000000	0.000014279
1162.427001953	33.470000000	0.000014723
1164.170043945	31.930000000	0.000013964
1165.913085937	31.720000000	0.000013749
1167.656005859	29.910000000	0.000012922
1169.398925781	29.800000000	0.000012756
1171.141845703	30.380000000	0.000012904
1172.884765625	29.560000000	0.000012396
1174.627685547	30.070000000	0.000012600
1176.370483398	29.650000000	0.000012277
1178.113281250	29.860000000	0.000012220
1179.855957031	29.530000000	0.000012156
1181.598876953	30.290000000	0.000012435
1183.341674805	28.070000000	0.000011468
1185.084350586	27.380000000	0.000011144
1186.827026367	27.900000000	0.000011223
1188.569824219	28.920000000	0.000011679
1190.312377930	25.080000000	0.000010072
1192.055053711	26.200000000	0.000010406
1193.797607422	27.230000000	0.000010761
1195.540283203	23.500000000	0.000009260
1197.282836914	25.440000000	0.000009989
1199.025390625	25.510000000	0.000009978
1200.767944336	21.980000000	0.000008513
1202.510498047	24.690000000	0.000009503
1204.253051758	23.800000000	0.000009107
1205.995483398	23.610000000	0.000009054
1207.738037109	21.810000000	0.000008312
1209.480224609	21.780000000	0.000008226
1211.222778320	21.590000000	0.000008121
1212.965087891	23.600000000	0.000008879
1214.707397461	22.630000000	0.000008469
1216.449829102	23.070000000	0.000008526
1218.192138672	24.140000000	0.000008875
1219.934448242	20.450000000	0.000007523
1221.676635742	21.310000000	0.000007758
1223.418945312	20.380000000	0.000007348
1225.161132812	22.010000000	0.000007924
1226.903320312	18.990000000	0.000006847
1228.645507812	20.660000000	0.000007372
1230.387695312	20.910000000	0.000007423
1232.129638672	19.400000000	0.000006901
1233.871826172	19.490000000	0.000006939
1235.613891602	19.580000000	0.000006944
1237.355834961	20.130000000	0.000007110
1239.098022461	20.450000000	0.000007243
1240.839843750	19.270000000	0.000006788
1242.581787109	21.300000000	0.000007437
1244.323730469	22.000000000	0.000007583
1246.065673828	23.680000000	0.000008132
1247.807739258	27.410000000	0.000009373
1249.549560547	28.910000000	0.000009783
1251.291381836	28.460000000	0.000009659
1253.032958984	31.120000000	0.000010444
1254.774902344	33.330000000	0.000011221
1256.516601562	33.890000000	0.000011279
1258.258300781	35.980000000	0.000012000
1260.000122070	36.830000000	0.000012116
1261.741699219	38.220000000	0.000012422
1263.483398437	40.170000000	0.000012966
1265.224975586	40.660000000	0.000012973
1266.966674805	38.970000000	0.000012441
1268.708129883	39.720000000	0.000012648
1270.449584961	41.110000000	0.000012989
1272.191162109	39.410000000	0.000012369
1273.932617187	41.720000000	0.000012963
1275.674194336	40.700000000	0.000012638
1277.415649414	42.970000000	0.000013211
1279.156982422	42.030000000	0.000013047
1280.898193359	39.950000000	0.000012321
1282.639648437	40.970000000	0.000012553
1284.380859375	37.480000000	0.000011455
1286.122192383	38.770000000	0.000011841
1287.863525391	37.730000000	0.000011449
1289.604736328	35.050000000	0.000010608
1291.345947266	34.970000000	0.000010609
1293.087036133	36.490000000	0.000010973
1294.828247070	34.480000000	0.000010297
1296.569213867	35.650000000	0.000010588
1298.310424805	31.240000000	0.000009347
1300.051391602	28.610000000	0.000008583
1301.792480469	31.220000000	0.000009293
1303.533325195	33.410000000	0.000009931
1305.274414062	28.480000000	0.000008413
1307.015380859	26.230000000	0.000007719
1308.756225586	29.010000000	0.000008551
1310.497192383	27.950000000	0.000008254
1312.237792969	29.240000000	0.000008542
1313.978759766	25.100000000	0.000007326
1315.719482422	25.530000000	0.000007440
1317.460205078	25.790000000	0.000007529
1319.201049805	23.120000000	0.000006735
1320.941772461	22.970000000	0.000006635
1322.682250977	23.110000000	0.000006711
1324.422851562	22.300000000	0.000006505
1326.163452148	21.720000000	0.000006284
1327.903930664	22.660000000	0.000006536
1329.644775391	19.660000000	0.000005668
1331.385131836	20.180000000	0.000005817
1333.125488281	17.750000000	0.000005147
1334.865966797	19.090000000	0.000005533
1336.606323242	20.420000000	0.000005872
1338.346801758	17.670000000	0.000005092
1340.087036133	16.390000000	0.000004742
1341.827392578	16.050000000	0.000004628
1343.567626953	17.170000000	0.000004977
1345.307861328	18.230000000	0.000005306
1347.048095703	17.000000000	0.000004984
1348.788208008	17.770000000	0.000005326
1350.528320312	15.220000000	0.000004648
1352.268432617	12.080000000	0.000003757
1354.008544922	17.200000000	0.000005613
1355.748535156	11.840000000	0.000004125
1357.488647461	12.650000000	0.000004647
1359.228393555	11.140000000	0.000004354
1360.968505859	9.680000000	0.000004026
1362.708251953	11.440000000	0.000004867
1364.448242187	12.230000000	0.000005092
1366.187988281	9.070000000	0.000003649
1367.927856445	11.520000000	0.000004530
1369.667602539	14.300000000	0.000005530
1371.407226562	10.960000000	0.000004147
1373.147094727	12.870000000	0.000004867
1374.886596680	8.480000000	0.000003278
1376.626464844	8.220000000	0.000003216
1378.365844727	6.190000000	0.000002546
1380.105346680	8.490000000	0.000003775
1381.844848633	9.070000000	0.000004274
1383.584472656	7.200000000	0.000003429
1385.323852539	6.750000000	0.000003176
1387.063232422	8.990000000	0.000004223
1388.802612305	5.640000000	0.000002598
1390.541992187	8.100000000	0.000003798
1392.281250000	8.160000000	0.000003876
1394.020507812	8.180000000	0.000003835
1395.759643555	6.230000000	0.000002892
1397.498901367	5.950000000	0.000002691
1399.238159180	5.140000000	0.000002380
1400.977294922	6.400000000	0.000003015
1402.716186523	3.500000000	0.000001675
1404.455322266	4.930000000	0.000002476
1406.194213867	1.650000000	0.000000870
1407.933227539	4.800000000	0.000002712
1409.672119141	4.930000000	0.000002907
1411.411132812	4.100000000	0.000002500
1413.149902344	2.800000000	0.000001744
1414.888671875	1.990000000	0.000001218
1416.627563477	5.280000000	0.000003109
1418.366088867	2.790000000	0.000001590
1420.105102539	2.350000000	0.000001272
1421.843627930	5.090000000	0.000002640
1423.582153320	5.530000000	0.000002804
1425.320922852	5.290000000	0.000002625
1427.059326172	3.250000000	0.000001585
1428.797851562	4.270000000	0.000002087
1430.536254883	6.150000000	0.000002995
1432.274780273	2.370000000	0.000001164
1434.013061523	2.940000000	0.000001448
1435.751586914	4.400000000	0.000002189
1437.489746094	1.030000000	0.000000520
1439.228149414	5.320000000	0.000002709
1440.966430664	3.090000000	0.000001577
1442.704467773	1.860000000	0.000000969
1444.442626953	6.070000000	0.000003307
1446.180664062	0.700000000	0.000000410
1447.918945312	3.980000000	0.000002500
1449.656860352	1.020000000	0.000000685
1451.395019531	2.670000000	0.000001868
1453.132812500	1.110000000	0.000000762
1454.870727539	2.190000000	0.000001413
1456.608642578	4.120000000	0.000002483
1458.346435547	3.730000000	0.000002118
1460.084228516	3.050000000	0.000001672
1461.821777344	1.500000000	0.000000799
1463.559692383	3.210000000	0.000001712
1465.297241211	4.580000000	0.000002474
1467.035034180	1.630000000	0.000000900
1468.772460937	3.620000000	0.000002047
1470.510009766	3.370000000	0.000002010
1472.247436523	1.800000000	0.000001134
1473.984985352	2.950000000	0.000001961
1475.722412109	2.290000000	0.000001600
1477.459716797	0.090000000	0.000000067
1479.197143555	1.890000000	0.000001445
1480.934326172	1.690000000	0.000001303
1482.671752930	1.010000000	0.000000767
1484.408813477	2.290000000	0.000001676
1486.145874023	2.260000000	0.000001573
1487.883056641	1.410000000	0.000000941
1489.620117187	1.310000000	0.000000845
1491.357177734	1.450000000	0.000000904
1493.094116211	3.800000000	0.000002288
1494.831176758	1.940000000	0.000001150
1496.567871094	1.650000000	0.000000967
1498.304809570	2.570000000	0.000001508
1500.041625977	3.320000000	0.000001979
1501.778320312	0.830000000	0.000000503
1503.515014648	1.340000000	0.000000830
1505.251831055	3.450000000	0.000002188
1506.988403320	1.590000000	0.000001041
1508.724853516	1.520000000	0.000001027
1510.461669922	2.030000000	0.000001369
1512.197998047	2.020000000	0.000001359
1513.934326172	1.970000000	0.000001331
1515.670898437	1.990000000	0.000001328
1517.407104492	1.780000000	0.000001158
1519.143554687	2.840000000	0.000001814
1520.879638672	0.750000000	0.000000467
1522.615966797	0.790000000	0.000000482
1524.352172852	2.110000000	0.000001254
1526.088256836	0.470000000	0.000000281
1527.824340820	2.980000000	0.000001783
1529.560424805	-0.160000000	-0.000000094
1531.296386719	1.080000000	0.000000629
1533.032348633	3.890000000	0.000002264
1534.768310547	4.270000000	0.000002507
1536.504028320	2.240000000	0.000001335
1538.239990234	-1.150000000	-0.000000700
1539.975585937	0.690000000	0.000000430
1541.711425781	2.790000000	0.000001764
1543.447021484	4.010000000	0.000002624
1545.182617187	1.440000000	0.000000966
1546.918212891	0.650000000	0.000000451
1548.653686523	2.810000000	0.000001998
1550.389282227	-0.270000000	-0.000000197
1552.124511719	1.610000000	0.000001195
1553.859985352	-0.190000000	-0.000000145
1555.595336914	1.840000000	0.000001418
1557.330688477	1.580000000	0.000001219
1559.065795898	3.900000000	0.000002959
1560.801025391	-0.050000000	-0.000000037
1562.536132812	2.020000000	0.000001460
1564.271362305	1.300000000	0.000000917
1566.006347656	0.660000000	0.000000457
1567.741210937	2.170000000	0.000001473
1569.476318359	1.700000000	0.000001121
1571.211059570	0.500000000	0.000000324
1572.946044922	1.450000000	0.000000933
1574.680786133	0.690000000	0.000000447
1576.415527344	2.380000000	0.000001554
1578.150268555	1.640000000	0.000001111
1579.884887695	2.670000000	0.000001850
1581.619506836	1.500000000	0.000001074
1583.353881836	1.790000000	0.000001350
1585.088500977	0.470000000	0.000000374
1586.822875977	1.390000000	0.000001150
1588.557250977	1.670000000	0.000001426
1590.291625977	1.540000000	0.000001328
1592.026000977	1.820000000	0.000001616
1593.760131836	-0.290000000	-0.000000257
1595.494506836	0.640000000	0.000000565
1597.228515625	-0.550000000	-0.000000488
1598.962524414	1.480000000	0.000001374
1600.696777344	1.130000000	0.000001129
1602.430541992	1.490000000	0.000001675
1604.164550781	-0.050000000	-0.000000064
1605.898437500	0.210000000	0.000000318
1607.632202148	-0.970000000	-0.000001777
1609.366088867	0.240000000	0.000000533
1611.099731445	1.380000000	0.000003670
1612.833496094	-0.010000000	-0.000000033
1614.567016602	-0.790000000	-0.000003105
1616.300781250	0.790000000	0.000003743
1618.034179687	0.220000000	0.000001210
1619.767700195	-2.120000000	-0.000013789
1621.501098633	-1.100000000	-0.000008373
1623.234497070	-1.570000000	-0.000013728
1624.967773437	-3.630000000	-0.000035955
1626.700927734	1.340000000	0.000015129
1628.434204102	-2.200000000	-0.000028022
1630.167236328	-2.280000000	-0.000033099
1631.900390625	-1.070000000	-0.000017499
1633.633422852	0.410000000	0.000007579
1635.366455078	1.070000000	0.000022296
1637.099365234	-0.920000000	-0.000021784
1638.832275391	0.040000000	0.000001076
1640.565063477	-0.990000000	-0.000029805
1642.297851562	0.930000000	0.000031043
1644.030639648	-1.840000000	-0.000069553
1645.763183594	-0.810000000	-0.000034390
1647.495849609	-0.670000000	-0.000032068
1649.228393555	-0.500000000	-0.000026221
1650.960937500	0.800000000	0.000047028
1652.693359375	-0.200000000	-0.000012961
1654.425781250	-1.200000000	-0.000084485
1656.158081055	-1.270000000	-0.000096117
1657.890258789	-2.170000000	-0.000181015
1659.622558594	-1.630000000	-0.000143579
1661.354614258	-1.630000000	-0.000157202
1663.086914062	0.110000000	0.000011031
1664.818847656	-0.780000000	-0.000083458
1666.550781250	-0.770000000	-0.000087117
1668.282836914	1.270000000	0.000152353
1670.014648437	-0.770000000	-0.000095467
1671.746582031	-0.920000000	-0.000119716
1673.478271484	0.780000000	0.000106754
1675.210083008	-1.870000000	-0.000257349
1676.941650391	-1.630000000	-0.000232763
1678.673339844	0.720000000	0.000103407
1680.404785156	-2.730000000	-0.000394449
1682.136230469	-0.590000000	-0.000088572
1683.867797852	1.630000000	0.000238383
1685.599121094	-2.470000000	-0.000375376
1687.330566406	0.540000000	0.000078716
1689.061645508	1.510000000	0.000225051
1690.792968750	-0.350000000	-0.000049375
1692.524047852	-1.230000000	-0.000177350
1694.255126953	-0.200000000	-0.000026992
1695.986206055	0.170000000	0.000021867
1697.717163086	-2.240000000	-0.000258952
1699.448120117	2.210000000	0.000189472
1701.178710937	-1.080000000	-0.000054472
1702.909667969	-0.700000000	-0.000019966
1704.640380859	0.650000000	0.000011920
